# Xscale/Yscale
# 242.23/142.52
470421860 0.684060603559 0.451866404715 0.721958469223 0.442815043503 0.713206456673 0.415801291047 0.677248895678 0.430746561886
470421864 0.674276514057 0.423659837216 0.710316641209 0.408854897558 0.697395037774 0.383525119282 0.664203443009 0.403943306203
470421892 0.735953432688 0.442534381139 0.775420055319 0.433623351109 0.768525781282 0.409626719057 0.730297650993 0.423028346899
470421896 0.728027081699 0.416502946955 0.766255211989 0.403241650295 0.756677537877 0.380157170923 0.720265863023 0.397698568622
470421900 0.717252198324 0.391523996632 0.753746439335 0.373982598933 0.741650497461 0.352161100196 0.707426825744 0.37370193657
470421925 0.786649052553 0.448358125175 0.837881352434 0.440289082234 0.828014696776 0.39931237721
470421926 0.828055979854 0.399452708392 0.778763984643 0.415520628684 0.786690335631 0.448498456357
470421929 0.775089790695 0.404294134157 0.824381785906 0.388296379456 0.808240102382 0.349354476565
470421930 0.808322668538 0.349494807746 0.76216818726 0.373070446253 0.775131073773 0.404364299747
470421933 0.756718820955 0.362335110862 0.802914585311 0.338829637946 0.780869421624 0.302904855459
470421934 0.78095198778 0.30304518664 0.739049663543 0.333567218636 0.756760104033 0.362405276452
470421956 0.841101432523 0.41699410609 0.904181975808 0.402750491159 0.894026338604 0.36745719899 0.832968666144 0.388857704182
470421960 0.829666019898 0.379455515015 0.890764975437 0.358125175414 0.876728728894 0.32423519506 0.818437022664 0.352371596969
470421964 0.814061016389 0.343179904575 0.872394005697 0.315183833848 0.85460099905 0.283047993264 0.799859637535 0.317569463935
470421988 0.919167733146 0.412152680326 0.989679230483 0.398189727758 0.9824959749 0.368229020488 0.913305536061 0.38780522032
470421992 0.910993683689 0.379595846197 0.980225405606 0.360159977547 0.970689014573 0.330830760595 0.903232465013 0.355739545327
470421996 0.900260083392 0.347670502386 0.967716632952 0.322831883244 0.955909672625 0.294344653382 0.890641126202 0.324515857424
470422000 0.887049498411 0.316727476845 0.952359327911 0.286626438395 0.938323081369 0.259191692394 0.875655368864 0.294344653382
470422004 0.87148577798 0.286977266349 0.93423605664 0.251894470951 0.918094373116 0.225582374404 0.858399042233 0.265576761156
470422116 0.596086364199 0.335812517541 0.616438921686 0.302624193096 0.591049828675 0.28978388998 0.576311769806 0.325849003649
470422120 0.569211080378 0.322831883244 0.58411427156 0.286836935167 0.557032572349 0.278136401909 0.548115427486 0.316025820937
470422148 0.626223011188 0.292590513612 0.647772777938 0.258349705305 0.625851463485 0.246281223688 0.608430004541 0.282767330901
470422152 0.602237542831 0.279750210497 0.619741567931 0.243264103284 0.596664327292 0.233791748527 0.583412459233 0.272031995509
470422156 0.576931015977 0.269716531013 0.590265450192 0.23147628403 0.566238698757 0.224600056132 0.557362836973 0.26410328375
470422181 0.666350163068 0.260875666573 0.696775791603 0.218986808869 0.660859513685 0.19702497895
470422182 0.660942079841 0.197095144541 0.637534574578 0.243334268875 0.666432729224 0.260945832164
470422185 0.626842257359 0.237791187202 0.650373611856 0.191622228459 0.611402386162 0.175554308167
470422186 0.611526235396 0.175624473758 0.595673533419 0.224950884086 0.626966106593 0.237861352793
470422189 0.584279403872 0.221232107774 0.600255955084 0.171905697446 0.559261858564 0.162152680326
470422190 0.559385707798 0.162152680326 0.55145935681 0.213373561605 0.584361970028 0.221232107774
470422212 0.682574412748 0.200112264945 0.717004499856 0.145312938535 0.684844982042 0.127561044064 0.656896338191 0.185938815605
470422216 0.647855344094 0.181588548976 0.675969120258 0.123280943026 0.641993147009 0.109247824867 0.620773644883 0.170362054448
470422220 0.611278536928 0.16699410609 0.632663171366 0.105950042099 0.597324856541 0.095846197025 0.583082194608 0.158925063149
470422244 0.734384675721 0.141664327814 0.77434669529 0.0818832444569 0.748008091483 0.065815324165 0.713000041283 0.128543362335
470422248 0.705486521075 0.124333426887 0.740577137431 0.0616053887174 0.713082607439 0.0476424361493 0.683111092763 0.112966601179
470422252 0.675349874087 0.109388156048 0.705445237997 0.0440639910188 0.676918631053 0.0323463373562 0.652190067291 0.0997754701095
470422256 0.644181150147 0.0968285152961 0.669033563142 0.0293993825428 0.639681294637 0.0198568621948 0.620278247946 0.0891103003087
470422260 0.612062915411 0.0867246702217 0.631548528258 0.0175413976986 0.601535730504 0.0103845074376 0.587664616274 0.0809009261858
470422372 0.451802006358 0.315955655347 0.442678446105 0.278136401909 0.41567931305 0.286977266349 0.430747636544 0.322902048835
470422376 0.423605664038 0.325778838058 0.408661189778 0.28978388998 0.383354662924 0.302764524277 0.403913635801 0.335882683132
470422404 0.442554596871 0.26410328375 0.433472319696 0.224670221723 0.40948685134 0.231616615212 0.423027700945 0.269786696604
470422408 0.416504974611 0.271961829919 0.403087974239 0.233791748527 0.3800107336 0.243474600056 0.397721174091 0.279820376088
470422412 0.391487429303 0.282767330901 0.373859554968 0.246351389279 0.352020806671 0.258490036486 0.373694422656 0.292660679203
470422437 0.448499360112 0.213303396015 0.440325310655 0.162082514735 0.399372497213 0.172046028628
470422438 0.399496346448 0.171975863037 0.41567931305 0.221232107774 0.448623209346 0.213233230424
470422441 0.404326466581 0.224880718496 0.388226066135 0.175554308167 0.349378689675 0.191762559641
470422442 0.349461255831 0.191762559641 0.373157742641 0.237861352793 0.404409032737 0.224810552905
470422445 0.362424142344 0.243264103284 0.338851504768 0.197095144541 0.302976509929 0.219197305641
470422446 0.303100359163 0.219127140051 0.33369112001 0.260945832164 0.362547991578 0.243193937693
470422468 0.417000371548 0.158784731967 0.402551294224 0.0957760314342 0.367254262478 0.10602020769 0.388845312306 0.16699410609
470422472 0.379350204351 0.170221723267 0.357965569913 0.109177659276 0.324030879742 0.123280943026 0.35226850514 0.181518383385
470422476 0.343186227965 0.185868650014 0.31511373488 0.127561044064 0.282954217066 0.145383104126 0.317549436486 0.200042099354
470422500 0.412335383726 0.0809009261858 0.398257854106 0.0103845074376 0.368286339429 0.0176817288802 0.387937084589 0.0867948358125
470422504 0.379680468976 0.0891103003087 0.360112289972 0.0199270277856 0.330760021467 0.0294695481336 0.355818849853 0.0968986808869
470422508 0.347768649631 0.0997754701095 0.322833670478 0.032416502947 0.294348346613 0.0442744877912 0.324608842835 0.109458321639
470422512 0.316806341081 0.112966601179 0.286669694092 0.0477126017401 0.2591751641 0.0618158854898 0.294472195847 0.124403592478
470422516 0.286999958717 0.128543362335 0.251826776204 0.0658854897558 0.225529455476 0.0820235756385 0.265615324279 0.141734493404
470422628 0.335755273913 0.403943306203 0.30252239607 0.383595284872 0.289683358791 0.40899522874 0.325764769021 0.423730002807
470422632 0.322751104322 0.430816727477 0.286752260249 0.415941622228 0.278041530777 0.442955374684 0.315939396441 0.451936570306
470422660 0.2924906081 0.373772102161 0.258225653305 0.352301431378 0.246170994509 0.374193095706 0.282706518598 0.391594162223
470422664 0.279692853899 0.397838899804 0.243198612889 0.380297502105 0.233662221855 0.403381981476 0.271931635223 0.416643278136
470422668 0.269619782851 0.423098512489 0.231391652562 0.409767050239 0.224538661603 0.433833847881 0.264005284234 0.442674712321
470422693 0.260785204145 0.333707549818 0.218800313751 0.303255683413 0.196878999298 0.33925063149
470422694 0.196961565454 0.339110300309 0.243198612889 0.362545607634 0.260867770301 0.333637384227
470422697 0.237707963506 0.373140611844 0.19151219915 0.349635138928 0.175453081782 0.388577041819
470422698 0.175535647938 0.388436710637 0.224868926227 0.404294134157 0.237790529662 0.373000280662
470422701 0.221070883045 0.415801291047 0.171737604756 0.399803536346 0.161994798332 0.44078024137
470422702 0.161994798332 0.440639910188 0.213227098212 0.448568621948 0.221112166123 0.415660959865
470422724 0.199975230153 0.317569463935 0.145192585559 0.283188324446 0.127482145069 0.315324165029 0.185856417454 0.343250070166
470422728 0.181397845023 0.352371596969 0.123106138794 0.324305360651 0.109111175329 0.358265506596 0.170251413945 0.379455515015
470422732 0.166907484622 0.388857704182 0.105808529084 0.36752736458 0.0956941749577 0.40282065675 0.158816001321 0.417064271681
470422756 0.141477108533 0.265646926747 0.0816992114932 0.225792871176 0.0655988110474 0.252104967724 0.128390372786 0.287047431939
470422760 0.124220781901 0.294484984564 0.0614705032407 0.259402189166 0.0474755397762 0.286907100758 0.112826652355 0.316867808027
470422764 0.109193741485 0.324656188605 0.0439251950625 0.294625315745 0.0321182347356 0.323112545608 0.0996573504521 0.347880999158
470422768 0.0966436857532 0.355879876509 0.0291871361929 0.331041257367 0.0196920282376 0.360370474319 0.0889237501548 0.379736177379
470422772 0.0866118977831 0.387945551502 0.0173801758659 0.368439517261 0.0102382033604 0.398470390121 0.0807497006977 0.412363177098
470422884 0.315939396441 0.548203760876 0.278041530777 0.557255122088 0.286834826405 0.584268874544 0.3227923874 0.569253438114
470422888 0.325764769021 0.576410328375 0.289724641869 0.591215268033 0.302646245304 0.616545046309 0.335796556991 0.596126859388
470422916 0.264005284234 0.557465618861 0.224538661603 0.566446814482 0.231474218718 0.590443446534 0.269661065929 0.576971653101
470422920 0.271931635223 0.583497053045 0.233744788011 0.596828515296 0.243281179045 0.619912994667 0.279734136977 0.602301431378
470422924 0.282747801676 0.608546168959 0.246253560665 0.626017401067 0.258349502539 0.647909065394 0.292573174256 0.62629806343
470422949 0.213227098212 0.551712040415 0.16203608141 0.559781083357 0.171902737068 0.600757788381
470422950 0.17186145399 0.600617457199 0.221153449201 0.584479371316 0.213185815134 0.551571709234
470422953 0.224827643149 0.595916362616 0.175535647938 0.611914117317 0.191677331462 0.650785854617
470422954 0.191636048384 0.650645523435 0.237790529662 0.627069884928 0.224786360071 0.595776031434
470422957 0.243239895967 0.637735054729 0.197002848532 0.661240527645 0.21904801222 0.697165310132
470422958 0.218965446064 0.69702497895 0.260867770301 0.666502946955 0.243157329811 0.637664889138
470422980 0.158898567477 0.58300589391 0.0957767411138 0.597319674432 0.105973661396 0.632612966601 0.167031333856 0.611142295818
470422984 0.170333980102 0.620684816166 0.109235024563 0.641944990177 0.123312554184 0.675905136121 0.181562977336 0.647768734213
470422988 0.185938983611 0.656820095425 0.127647277381 0.684816166152 0.14539900095 0.717022172327 0.200140362465 0.682500701656
470423012 0.0807497006977 0.587917485265 0.0102382033604 0.601880437833 0.017462742022 0.631911310693 0.0866118977831 0.612264945271
470423016 0.0889237501548 0.620474319394 0.0197333113157 0.639980353635 0.029269702349 0.669309570587 0.0966849688313 0.644330620264
470423020 0.0996573504521 0.652399663205 0.0321595178136 0.677238282346 0.0440077612187 0.705725512209 0.109235024563 0.675554308167
470423024 0.112826652355 0.683342688745 0.0475168228543 0.713373561605 0.0615530693969 0.740878473197 0.124220781901 0.705655346618
470423028 0.128431655864 0.713163064833 0.0656813772035 0.74824586023 0.0817817776493 0.774487791187 0.141518391611 0.734493404434
470423140 0.403954918879 0.664187482459 0.383478512158 0.697305641313 0.408785039013 0.71028627561 0.423688230194 0.674291327533
470423144 0.4308302027 0.677168116756 0.415803162284 0.713092899242 0.442802295339 0.721933763682 0.451884572514 0.684044344653
470423172 0.373776988812 0.707409486388 0.352185938984 0.741650294695 0.374024687281 0.753788941903 0.391569995459 0.71730283469
470423176 0.397803740247 0.720249789503 0.380175865913 0.756665731125 0.403253106552 0.766278417064 0.416587540767 0.728108335672
470423180 0.42315155018 0.730283468987 0.409651983652 0.768453550379 0.433637452008 0.775399943868 0.442678446105 0.735966881841
470423205 0.333773686166 0.739194499018 0.303224208397 0.781083356722 0.339099203237 0.803115352231
470423206 0.33901663708 0.80304518664 0.3625067085 0.756876227898 0.333649836932 0.739124333427
470423209 0.373281591875 0.762278978389 0.349667671222 0.808447937132 0.388597613838 0.824586023014
470423210 0.388473764604 0.824515857424 0.404450315816 0.775259612686 0.373199025719 0.762278978389
470423213 0.415968294596 0.778908223407 0.399826611072 0.828164468145 0.440779424514 0.838057816447
470423214 0.44065557528 0.837987650856 0.448747058581 0.786836935167 0.415844445362 0.778908223407
470423236 0.317549436486 0.799887735055 0.282995500144 0.854546730283 0.315155017958 0.872368790345 0.343186227965 0.814061184395
470423240 0.352309788218 0.818411451024 0.324113445899 0.876648891384 0.358048136069 0.890752175133 0.379391487429 0.829637945552
470423244 0.388886595385 0.832935728319 0.367378111712 0.89397979231 0.402675143459 0.904153802975 0.417082937704 0.841074936851
470423268 0.265697890435 0.858476003368 0.22565330471 0.918186921134 0.251950625439 0.934325007017 0.287082524873 0.871596968846
470423272 0.294596045081 0.875806904294 0.259381579491 0.938464776873 0.286876109483 0.952497895032 0.316971473393 0.887173730003
470423276 0.32473269207 0.890752175133 0.294513478925 0.956006174572 0.323040085869 0.967793993825 0.347892498865 0.900364861072
470423280 0.355942699088 0.903311815885 0.330925153779 0.970670783048 0.360277422285 0.980283468987 0.37980431821 0.911100196464
470423284 0.388019650745 0.913345495369 0.368368905586 0.982528767892 0.39838170334 0.989755823744 0.412376666804 0.919239404996
470423396 0.548197993642 0.683904013472 0.557115138505 0.721863598091 0.584196837716 0.713163064833 0.569293646534 0.677168116756
470423400 0.57643561904 0.674150996351 0.591132394831 0.710145944429 0.616521487842 0.697375806904 0.596210213434 0.664117316868
470423428 0.557486686207 0.73589671625 0.566362547992 0.775399943868 0.590389299426 0.76852371597 0.577054865211 0.730283468987
470423432 0.583577591545 0.727968004491 0.596788176526 0.766208251473 0.619906700244 0.756665731125 0.602361392065 0.720179623912
470423436 0.608553853775 0.717162503508 0.625975312719 0.753718776312 0.647855344094 0.741650294695 0.626346860422 0.707409486388
470423461 0.5516657722 0.786696603985 0.559633406267 0.837917485265 0.600586219709 0.828094302554
470423462 0.600462370474 0.828164468145 0.584485819263 0.778838057816 0.551541922966 0.786696603985
470423465 0.595879948809 0.775049115914 0.611773933865 0.824375526242 0.650745159559 0.80830760595
470423466 0.650621310325 0.808377771541 0.627089955827 0.762138647207 0.595797382653 0.775049115914
470423469 0.637782273046 0.756595565535 0.661231061388 0.802834689868 0.697147339306 0.780872859949
470423470 0.697064773149 0.78094302554 0.666597861537 0.739054167836 0.63769970689 0.756665731125
470423492 0.583206043843 0.840864440079 0.597407422697 0.904013471793 0.632745737522 0.893909626719 0.611361103084 0.832795397137
470423496 0.620856211039 0.829427448779 0.642075713165 0.890541678361 0.676051686414 0.876508560202 0.647979193329 0.818271119843
470423500 0.657061470503 0.813850687623 0.684968831276 0.872158293573 0.717169632168 0.854476564693 0.68273954506 0.799677238282
470423524 0.587912314742 0.919099073814 0.601824712051 0.989615492562 0.631837509805 0.982458602301 0.612310613879 0.913275329778
470423528 0.620525946415 0.910889699691 0.639887710028 0.980143137805 0.669281261611 0.970670783048 0.644387565537 0.903171484704
470423532 0.652479048838 0.9001543643 0.677248895678 0.967653662644 0.705775502621 0.95586584339 0.675680138711 0.890611843952
470423536 0.683441357388 0.88696323323 0.713412872064 0.95228739826 0.740907402056 0.938324445692 0.705775502621 0.875596407522
470423540 0.713165173595 0.871456637665 0.748173223796 0.934254841426 0.774511827602 0.918116755543 0.734549808034 0.858335672186
470423652 0.664203443009 0.595986528207 0.697353754696 0.616474880718 0.710316641209 0.591215268033 0.674317797135 0.576269997193
470423656 0.6772076126 0.569183272523 0.713165173595 0.584198708953 0.721999752302 0.557184956497 0.684101886637 0.548063429694
470423684 0.7075093919 0.626157732248 0.741733063617 0.647768734213 0.753829005491 0.625947235476 0.717376047558 0.608405837777
470423688 0.720307146101 0.602161100196 0.756718820955 0.619842829077 0.766337778145 0.596758349705 0.728150930933 0.583426887454
470423692 0.730380217149 0.576901487511 0.768525781282 0.590373280943 0.775502621475 0.566376648891 0.736035998844 0.557325287679
470423717 0.739256078933 0.666152119001 0.781117120092 0.696744316587 0.80316228378 0.660889699691
470423718 0.803079717624 0.660959865282 0.756925236346 0.637454392366 0.739173512777 0.666292450182
470423721 0.762333319572 0.626719056974 0.80848780085 0.650294695481 0.824629484374 0.611422958181
470423722 0.824588201296 0.611563289363 0.775296206085 0.595495369071 0.762292036494 0.626789222565
470423725 0.778929116955 0.584128543362 0.828221112166 0.600266629245 0.838087767824 0.559289924221
470423726 0.838046484746 0.559430255403 0.786855467944 0.551361212461 0.778887833877 0.584268874544
470423748 0.800024769847 0.682220039293 0.854724848285 0.716741509964 0.872559138009 0.68460566938 0.814226148702 0.656609598653
470423752 0.818560871899 0.64748807185 0.87681129505 0.675694639349 0.890888824671 0.641734493404 0.829789869133 0.620404153803
470423756 0.833092515378 0.610931799046 0.894150187838 0.632402469829 0.904305825042 0.597109177659 0.841225281757 0.582725231546
470423780 0.858564174545 0.734282907662 0.918259505429 0.774347460006 0.934401188953 0.748035363458 0.87169219337 0.71288240247
470423784 0.875820501177 0.705444849846 0.938488213681 0.740667976424 0.952524460224 0.713163064833 0.887255913801 0.683062026382
470423788 0.890806258515 0.675273645804 0.956033521859 0.705515015436 0.967881765264 0.677027785574 0.900425215704 0.652119000842
470423792 0.903356314247 0.644120123491 0.970771580729 0.669099073814 0.980307971762 0.639769856862 0.911117532923 0.620263822621
470423796 0.913429385295 0.612054448498 0.982578541056 0.63163064833 0.989803079718 0.601669941061 0.91929158238 0.587636822902
470425956 0.685794492837 0.54062587707 0.723651075424 0.549817569464 0.728150930933 0.521751333146 0.689303554473 0.518734212742
470425960 0.689881517566 0.511015997755 0.728687610948 0.514243614931 0.728728894026 0.48582655066 0.689922800644 0.488843671064
470425964 0.689262271395 0.481195621667 0.728109647855 0.478248666854 0.723692358502 0.450182430536 0.685835775915 0.459303957339
470425988 0.737439623498 0.550659556553 0.776864963052 0.559781083357 0.781075837014 0.535152960988 0.740866118978 0.530592197586
470425992 0.741609214383 0.523786135279 0.78181893242 0.528417064272 0.783222557074 0.503438113949 0.742765140569 0.503438113949
470425996 0.742723857491 0.496561886051 0.783222557074 0.496632051642 0.78181893242 0.47172326691 0.741609214383 0.476213864721
470426000 0.7408248359 0.469407802414 0.781034553936 0.464917204603 0.776864963052 0.440289082234 0.73739834042 0.449340443447
470426021 0.788589357222 0.539573393208 0.839780374025 0.547782767331 0.843124303348 0.505823744036
470426022 0.843124303348 0.505964075218 0.791272757297 0.505964075218 0.788589357222 0.53971372439
470426025 0.791231474219 0.494035924782 0.843041737192 0.494106090373 0.839780374025 0.452147067078
470426026 0.839821657103 0.45228739826 0.788589357222 0.460356441201 0.791231474219 0.494106090373
470426052 0.843537134129 0.573112545608 0.906576394336 0.587636822902 0.912768856046 0.551431378052 0.848449820419 0.5442043222
470426056 0.849564463526 0.534170642717 0.913842216076 0.54153802975 0.915906369979 0.504911591356 0.851215786649 0.504911591356
470426060 0.851174503571 0.494948077463 0.915865086901 0.495088408644 0.913842216076 0.45846197025 0.849564463526 0.465689026102
470426064 0.848408537341 0.455655346618 0.912727572968 0.448498456357 0.906576394336 0.412293011507 0.843495851051 0.426747123211
470426084 0.920942905503 0.579216952007 0.991413119762 0.593390401347 0.996284522974 0.562938534942 0.924864797919 0.554448498456
470426088 0.925855591793 0.54595846197 0.99723403377 0.554518664047 0.999669735375 0.523786135279 0.92783717954 0.520979511647
470426092 0.928126161087 0.512419309571 1.0 0.515366264384 1.0 0.484493404434 0.928167444165 0.487370193657
470426096 0.927795896462 0.47880999158 0.999628452297 0.476073533539 0.99723403377 0.44527083918 0.925855591793 0.453760875667
470426100 0.924823514841 0.445341004771 0.996243239896 0.436921133876 0.991413119762 0.406469267471 0.920901622425 0.420572551221
470426212 0.66011641828 0.397417906259 0.693349296124 0.377069884928 0.676629649507 0.354125736739 0.647070965611 0.379525680606
470426216 0.642075713165 0.37363177098 0.671716963217 0.348301992703 0.65157082112 0.328234633736 0.6263881435 0.357984844232
470426220 0.620525946415 0.352932921695 0.645832473269 0.32332304238 0.622837798786 0.306693797362 0.602567807456 0.339952287398
470426244 0.703711348718 0.367878192534 0.738017586591 0.346407521751 0.72352722619 0.32598933483 0.691945671469 0.351319113107
470426248 0.68765223135 0.345916362616 0.719316352227 0.320726915521 0.702637988688 0.302062868369 0.674070098667 0.330760595004
470426252 0.669239978533 0.325849003649 0.697849151633 0.297291608195 0.679189200347 0.280662363177 0.654047805804 0.312377210216
470426256 0.648681005656 0.308026943587 0.673904966354 0.276382262139 0.653469842711 0.261928150435 0.632043925195 0.296309289924
470426277 0.732114106428 0.323954532697 0.774057713743 0.293502666292 0.746687032985 0.26150715689
470426278 0.746769599141 0.261577322481 0.710192791975 0.298273926466 0.732196672584 0.324024698288
470426281 0.701688477893 0.289854055571 0.738347851216 0.253227617177 0.706312182636 0.225863036767
470426282 0.706394748792 0.226003367948 0.676010403336 0.267962391243 0.701771044049 0.289924221162
470426308 0.794575403542 0.309009261858 0.849399331214 0.274628122369 0.82813854601 0.2446674151 0.777608058457 0.285082795397
470426312 0.771333030591 0.277224249228 0.8219460843 0.236879034521 0.797465219007 0.209514454112 0.751764851587 0.2553325849
470426316 0.744705445238 0.24824586023 0.790488378814 0.202568060623 0.763076414978 0.178080269436 0.722825413863 0.228739825989
470426320 0.71498162903 0.222424922818 0.755315196301 0.171905697446 0.725343681625 0.150645523435 0.691037443752 0.205515015436
470426340 0.853734054411 0.258560202077 0.913553234529 0.218706146506 0.89538868018 0.193727196183 0.838995995541 0.238282346337
470426344 0.833711761549 0.231616615212 0.890228295422 0.187131630648 0.870164719481 0.163696323323 0.817404945713 0.212531574516
470426348 0.811625314783 0.206216671344 0.86442637163 0.157451585742 0.842587623333 0.135700252596 0.793873591215 0.188534942464
470426352 0.787598563349 0.182711198428 0.836395161623 0.129946674151 0.812946373282 0.109879315184 0.768525781282 0.166432781364
470426356 0.761755356479 0.161100196464 0.806258514635 0.104687061465 0.781282252405 0.0865141734493 0.741444082071 0.146365422397
470426468 0.540684473434 0.314201515577 0.549725467531 0.276312096548 0.521652974446 0.271891664328 0.518763158981 0.310763401628
470426472 0.511167072617 0.310131911311 0.514180737316 0.271260174011 0.485777979606 0.271330339601 0.488998059695 0.310131911311
470426476 0.481236841019 0.310693236037 0.478140610164 0.271891664328 0.450068117079 0.276382262139 0.459356809644 0.314271681168
470426500 0.550633695248 0.262559640752 0.559592123189 0.223056413135 0.534946125583 0.218916643278 0.530570119308 0.259191692394
470426504 0.523717128349 0.258349705305 0.52817570078 0.218144821779 0.503240721628 0.216811675554 0.50340585394 0.257297221443
470426508 0.496511579903 0.257227055852 0.496429013747 0.216741509964 0.471494034595 0.21821498737 0.476200305495 0.258419870895
470426512 0.469347314536 0.259121526803 0.464723609792 0.218916643278 0.440118895265 0.223196744317 0.449283738596 0.262559640752
470426533 0.539652396483 0.211408925063 0.547702596706 0.160188043783 0.505717706312 0.156960426607
470426534 0.505841555546 0.156960426607 0.506006687859 0.208812798204 0.539776245717 0.211408925063
470426537 0.494034595219 0.208742632613 0.493993312141 0.156890261016 0.452008421748 0.160328374965
470426538 0.452132270982 0.160258209374 0.460388886595 0.211479090654 0.494158444454 0.208742632613
470426564 0.573215538951 0.156609598653 0.587582050118 0.0935307325288 0.551335507575 0.0874964917205 0.544276101226 0.151768172888
470426568 0.534326879412 0.150645523435 0.541551418074 0.086303676677 0.504850761673 0.0843390401347 0.505057177063 0.149031714847
470426572 0.494984106015 0.148961549256 0.494942822937 0.0842688745439 0.458242166536 0.0863738422678 0.465714403666 0.150645523435
470426576 0.455682615696 0.151768172888 0.448416793956 0.0874964917205 0.412211534492 0.0936710637104 0.426784461049 0.156749929834
470426596 0.579325434504 0.0790766208251 0.593320397969 0.0085602020769 0.562812203278 0.00378894190289 0.554514304587 0.0751473477407
470426600 0.546051273583 0.0741650294695 0.554473021508 0.00273645804098 0.523717128349 0.000350827953969 0.521075011353 0.0722003929273
470426604 0.512529414193 0.0718495649733 0.515336663502 0.0 0.484456921108 7.01655907926e-05 0.487429302729 0.0718495649733
470426608 0.478883705569 0.0722003929273 0.475993890104 0.000350827953969 0.445237996945 0.00280662363177 0.453866160261 0.0741650294695
470426612 0.445361846179 0.0751473477407 0.436857532098 0.00378894190289 0.406390620485 0.00870053325849 0.420591999339 0.0791467864159
470426724 0.39730834331 0.339882121807 0.376873219667 0.306693797362 0.35396111134 0.323463373562 0.379391487429 0.352932921695
470426728 0.373488007266 0.357914678642 0.348140197333 0.328304799326 0.328117904471 0.348442323884 0.357883003757 0.37363177098
470426732 0.352805185155 0.379455515015 0.323163935103 0.354195902329 0.306526854642 0.37721021611 0.339842298642 0.397417906259
470426756 0.367832225571 0.296309289924 0.346241175742 0.262068481617 0.325888618255 0.276592758911 0.351277711266 0.308097109178
470426760 0.345828344961 0.312377210216 0.320563101185 0.280732528768 0.301985716055 0.297431939377 0.330718738389 0.325919169239
470426764 0.325806052099 0.330760595004 0.297114312843 0.302203199551 0.280518515461 0.320867246702 0.312265202493 0.345986528207
470426768 0.307930479297 0.351319113107 0.27626635842 0.326129666012 0.261858564175 0.346547852933 0.296206085126 0.367948358125
470426789 0.323948313586 0.267892225653 0.293440118895 0.226003367948 0.261487016472 0.253438113949
470426790 0.261569582628 0.253367948358 0.298352805185 0.289854055571 0.32407216282 0.267822060062
470426793 0.289807208025 0.298344092057 0.253106551624 0.261717653663 0.225818437023 0.293853494246
470426794 0.225901003179 0.293713163065 0.26792717665 0.324024698288 0.289848491103 0.298273926466
470426820 0.309003839326 0.205444849846 0.274532469141 0.150645523435 0.244602237543 0.171975863037 0.285100937126 0.222424922818
470426824 0.277215869215 0.228669660399 0.236841018866 0.178080269436 0.209470338108 0.202638226214 0.255377120918 0.24824586023
470426828 0.248235148413 0.2553325849 0.202452214837 0.209584619702 0.178012632622 0.237019365703 0.228708252487 0.277224249228
470426832 0.222391941543 0.285082795397 0.171820170912 0.24473758069 0.150600668786 0.27476845355 0.205465879536 0.309009261858
470426852 0.258390785617 0.146295256806 0.218428766049 0.0865141734493 0.193493786897 0.104757227056 0.238120794286 0.161030030873
470426856 0.231391652562 0.166292450182 0.186847211328 0.109879315184 0.163398422986 0.130016839742 0.212360153573 0.182641032837
470426860 0.206043842629 0.188394611283 0.157205961276 0.135630087005 0.135408496057 0.157521751333 0.188333402138 0.206146505754
470426864 0.182471205053 0.212461408925 0.129670148206 0.163696323323 0.109647855344 0.187201796239 0.166205672295 0.231546449621
470426868 0.160880155224 0.238212180747 0.10440490443 0.193797361774 0.0863229162366 0.218776312097 0.146183379433 0.258560202077
470426980 0.314164224085 0.45937412293 0.27626635842 0.450252596127 0.271890352145 0.478388998035 0.310737728605 0.481265787258
470426984 0.310077199356 0.488984002245 0.271271105974 0.48589671625 0.271312389052 0.514313780522 0.310118482434 0.511086163345
470426988 0.310696445527 0.518804378333 0.271849069067 0.521821498737 0.276348924576 0.549887735055 0.314205507163 0.540696042661
470427012 0.262477810346 0.449340443447 0.223011187714 0.440359247825 0.218882879908 0.464987370194 0.259092597944 0.469407802414
470427016 0.258308219461 0.476284030312 0.218098501424 0.47172326691 0.21669487677 0.496702217233 0.257193576353 0.496561886051
470427020 0.257152293275 0.50350827954 0.21669487677 0.50350827954 0.218139784502 0.528417064272 0.258349502539 0.523786135279
470427024 0.259092597944 0.530662363177 0.218882879908 0.535152960988 0.22309375387 0.559781083357 0.262519093424 0.550729722144
470427045 0.211286793543 0.460426606792 0.160095776741 0.452357563851 0.156834413574 0.494386752736
470427046 0.156875696652 0.494246421555 0.208685959625 0.494106090373 0.211328076621 0.460356441201
470427049 0.208644676547 0.506104406399 0.156834413574 0.506104406399 0.160178342897 0.548063429694
470427050 0.160178342897 0.547993264103 0.211328076621 0.53971372439 0.208644676547 0.505964075218
470427076 0.156545432027 0.426887454392 0.0934648887421 0.41250350828 0.0873549931883 0.448708953129 0.151674028816 0.4557956778
470427080 0.15051810263 0.465829357283 0.0862403500805 0.458602301431 0.0842174792553 0.495298905417 0.148908062585 0.495088408644
470427084 0.148866779507 0.505122088128 0.0841761961772 0.505122088128 0.0862816331586 0.541818692113 0.150559385708 0.534381139489
470427088 0.151674028816 0.544414818973 0.0873549931883 0.551641874825 0.0935474548982 0.587847319674 0.156586715105 0.57332304238
470427108 0.079057094497 0.420642716812 0.00854559715972 0.406679764244 0.00375676010403 0.437131630648 0.0751764851587 0.445481335953
470427112 0.0741444082071 0.453971372439 0.00272468315238 0.445551501544 0.00033026462453 0.476284030312 0.072204103538 0.479020488353
470427116 0.0718325558354 0.487510524839 0.0 0.484703901207 4.12830780663e-05 0.515576761156 0.0718738389134 0.512629806343
470427120 0.0721628204599 0.52119000842 0.00033026462453 0.523996632052 0.00276596623044 0.55472916082 0.0741444082071 0.546168958743
470427124 0.0751764851587 0.554658995229 0.00375676010403 0.563078866124 0.00862816331586 0.59360089812 0.079098377575 0.579427448779
470427236 0.339842298642 0.602722424923 0.30656813772 0.623000280662 0.323287784337 0.645944428852 0.352846468233 0.620614650575
470427240 0.357883003757 0.626508560202 0.328200470627 0.651698007297 0.348264046567 0.671835531855 0.373529290344 0.642155486949
470427244 0.379432770507 0.647137243896 0.354043677497 0.67667695762 0.376997068901 0.69344653382 0.397349626388 0.660188043783
470427268 0.296247368204 0.632191973056 0.261941130331 0.653662643839 0.276390207654 0.674080830761 0.308013045453 0.648821218075
470427272 0.312306485572 0.654153802975 0.280601081617 0.67934325007 0.297279445155 0.698007297221 0.325847335177 0.669379736177
470427276 0.330760021467 0.674221161942 0.302068282211 0.702778557395 0.320686950419 0.719407802414 0.345910911118 0.687763120965
470427280 0.351318994344 0.692043222004 0.32601246749 0.723617737861 0.346365024976 0.738142015156 0.367914791727 0.703831041257
470427301 0.267968459728 0.676185798484 0.225983569335 0.706637664889 0.253354250093 0.738633174291
470427302 0.253271683937 0.738563008701 0.289889774182 0.701866404715 0.267885893572 0.676115632894
470427305 0.298394088263 0.71028627561 0.261693431862 0.746912714005 0.293729100442 0.774277294415
470427306 0.293605251208 0.774207128824 0.32407216282 0.732248105529 0.298311522107 0.71021611002
470427332 0.205465879536 0.691201234914 0.150600668786 0.725512208813 0.171902737068 0.755472916082 0.222433224621 0.715057535784
470427336 0.228708252487 0.722916081953 0.1780539157 0.763191131069 0.202534780993 0.79062587707 0.248235148413 0.744807746281
470427340 0.255377120918 0.751894470951 0.209511621186 0.797572270559 0.236923585022 0.822060061746 0.277215869215 0.771470670783
470427344 0.285100937126 0.777715408364 0.244643520621 0.828234633736 0.274615035297 0.849494807746 0.309003839326 0.794695481336
470427364 0.146307228667 0.741650294695 0.0864880485489 0.781504350267 0.10461131982 0.806483300589 0.161045287537 0.761928150435
470427368 0.166370804607 0.768664047151 0.109854270734 0.813149031715 0.129917846675 0.83658433904 0.182636337365 0.787749087847
470427372 0.188457251373 0.793993825428 0.135614911448 0.84275891103 0.157412376667 0.864580409767 0.206167691863 0.811745719899
470427376 0.212484002807 0.817569463935 0.163646121455 0.870263822621 0.187094909796 0.890331181589 0.231556784874 0.833847880999
470427380 0.238285926599 0.839110300309 0.193700202287 0.895523435307 0.218676464517 0.913626157732 0.258597201007 0.853845074376
470427492 0.459398092722 0.685798484423 0.450150683235 0.723617737861 0.47822317632 0.728108335672 0.481278124097 0.689306763963
470427496 0.488998059695 0.689868088689 0.485736696528 0.728669660399 0.514180737316 0.728739825989 0.511167072617 0.689868088689
470427500 0.518845725137 0.689236598372 0.521694257524 0.728038170081 0.549808033687 0.723687903452 0.540725756512 0.685798484423
470427524 0.449448870908 0.737300028066 0.440325310655 0.776733090093 0.464971308261 0.781013191131 0.469512446848 0.740808307606
470427528 0.476365437807 0.741509963514 0.471700449986 0.781714847039 0.496635429138 0.783118158855 0.496676712216 0.742702778557
470427532 0.503612269331 0.742632612967 0.503488420097 0.783118158855 0.528423399249 0.781714847039 0.523923543739 0.741509963514
470427536 0.530776534698 0.740738142015 0.535193824052 0.78094302554 0.559839821657 0.776803255683 0.550840110639 0.737370193657
470427557 0.460595301986 0.788591074937 0.452379969451 0.839811956217 0.494364859844 0.843109738984
470427558 0.49424101061 0.843109738984 0.49424101061 0.791327532978 0.46051273583 0.788591074937
470427561 0.506254386327 0.791257367387 0.506130537093 0.843039573393 0.548115427486 0.839811956217
470427562 0.547991578252 0.839811956217 0.539900094951 0.788591074937 0.506130537093 0.791257367387
470427588 0.427032159518 0.843390401347 0.41245923296 0.90639910188 0.448705775503 0.91257367387 0.455930314164 0.848301992703
470427592 0.465796969822 0.849354476565 0.458407298848 0.913626157732 0.495066672171 0.915731125456 0.495066672171 0.851038450744
470427596 0.505263592453 0.850968285153 0.505098460141 0.915660959865 0.541799116542 0.913696323323 0.534533294802 0.849354476565
470427600 0.544482516616 0.848231827112 0.551583206044 0.91250350828 0.587788465508 0.90639910188 0.573421954341 0.843320235756
470427620 0.420839697808 0.920993544766 0.406720885109 0.991439797923 0.437187796722 0.996281223688 0.445609544648 0.92492281785
470427624 0.454072575651 0.925905136121 0.445485695413 0.997263541959 0.476282871651 0.999719337637 0.479090120959 0.927869772663
470427628 0.487677001197 0.928150435027 0.484704619576 1.0 0.51558436197 1.0 0.512777112662 0.928220600617
470427632 0.521281426743 0.927799607073 0.523964826817 0.999649172046 0.554720719977 0.997263541959 0.546298972051 0.925905136121
470427636 0.554803286133 0.924852652259 0.563101184824 0.996211058097 0.593568096437 0.991439797923 0.579573132973 0.920923379175
470427748 0.602650373612 0.660047712602 0.622837798786 0.693376368229 0.645873756347 0.676747123211 0.620608512571 0.647067078305
470427752 0.626429426578 0.642015155768 0.65157082112 0.671765366264 0.671758246295 0.651698007297 0.642158279321 0.62636822902
470427756 0.647070965611 0.620474319394 0.676588366429 0.645944428852 0.693349296124 0.623000280662 0.660157701358 0.602582093741
470427780 0.632085208273 0.703690710076 0.653469842711 0.738001683974 0.673904966354 0.723617737861 0.648681005656 0.691973056413
470427784 0.654089088882 0.687552624193 0.679189200347 0.719337636823 0.697849151633 0.702708391805 0.669281261611 0.674080830761
470427788 0.674111381745 0.669169239405 0.702637988688 0.69786696604 0.719316352227 0.679273084479 0.687693514428 0.654013471793
470427792 0.691945671469 0.648610721302 0.723485943112 0.673940499579 0.738017586591 0.653592478249 0.703752631796 0.632051641875
470427813 0.676175535648 0.731967443166 0.706518598027 0.773926466461 0.738595549684 0.746632051642
470427814 0.738512983528 0.746702217233 0.701853610205 0.710075778838 0.676092969492 0.732037608757
470427817 0.710316641209 0.701515576761 0.746893448376 0.738212180747 0.774305412212 0.706216671344
470427818 0.774222846055 0.706357002526 0.73227923874 0.675905136121 0.710275358131 0.701585742352
470427844 0.691202576064 0.794414818973 0.725467530859 0.849284310974 0.755439045535 0.828094302554 0.715105478264 0.777504911591
470427848 0.722990546175 0.77119000842 0.763200264212 0.821849564973 0.790612228048 0.797431939377 0.74487057755 0.751683974179
470427852 0.7519299839 0.744527083918 0.797547785163 0.790415380297 0.822069933534 0.763050799888 0.771456879825 0.722705585181
470427856 0.777731907691 0.714847039012 0.828179829088 0.75526241931 0.84948189737 0.725371877631 0.794699252776 0.690920572551
470427876 0.741650497461 0.853634577603 0.781488667795 0.91341566096 0.806464930025 0.895312938535 0.76196177187 0.838899803536
470427880 0.768690913595 0.833497053045 0.813111505594 0.890050519225 0.836601577014 0.870053325849 0.787804978739 0.817288801572
470427884 0.794038723527 0.811465057536 0.842711472567 0.864369912995 0.864591503943 0.842548414258 0.811790447096 0.793713163065
470427888 0.817570078025 0.787468425484 0.870247285638 0.836303676677 0.890352144656 0.812868369352 0.833876893861 0.768383384788
470427892 0.839161127854 0.761647488072 0.895512529414 0.806272803817 0.913677083763 0.781293853494 0.853899186723 0.741369632332
