# Xscale/Yscale
# 253.112/334.589
369120277 0.420560858434 1.0 0.495326179715 1.0 0.495326179715 0.966645645852
369120278 0.495326179715 0.966645645852 0.420560858434 0.966645645852 0.420560858434 1.0
369120281 0.252338885553 1.0 0.327104206833 1.0 0.327104206833 0.966645645852
369120282 0.327104206833 0.966645645852 0.252338885553 0.966645645852 0.252338885553 1.0
369120285 0.0841129618509 1.0 0.158878283132 1.0 0.158878283132 0.966645645852
369120286 0.158878283132 0.966645645852 0.0841129618509 0.966645645852 0.0841129618509 1.0
369120293 0.420560858434 0.966645645852 0.495326179715 0.966645645852 0.495326179715 0.933321179118
369120294 0.495326179715 0.933321179118 0.420560858434 0.933321179118 0.420560858434 0.966645645852
369120297 0.252338885553 0.966645645852 0.327104206833 0.966645645852 0.327104206833 0.933321179118
369120298 0.327104206833 0.933321179118 0.252338885553 0.933321179118 0.252338885553 0.966645645852
369120301 0.0841129618509 0.966645645852 0.158878283132 0.966645645852 0.158878283132 0.933321179118
369120302 0.158878283132 0.933321179118 0.0841129618509 0.933321179118 0.0841129618509 0.966645645852
369120309 0.420560858434 0.933321179118 0.495326179715 0.933321179118 0.495326179715 0.899996712384
369120310 0.495326179715 0.899996712384 0.420560858434 0.899996712384 0.420560858434 0.933321179118
369120313 0.252338885553 0.933321179118 0.327104206833 0.933321179118 0.327104206833 0.899996712384
369120314 0.327104206833 0.899996712384 0.252338885553 0.899996712384 0.252338885553 0.933321179118
369120317 0.0841129618509 0.933321179118 0.158878283132 0.933321179118 0.158878283132 0.899996712384
369120318 0.158878283132 0.899996712384 0.0841129618509 0.899996712384 0.0841129618509 0.933321179118
369120325 0.420560858434 0.866642358237 0.495326179715 0.866642358237 0.495326179715 0.833317891503
369120326 0.495326179715 0.833317891503 0.420560858434 0.833317891503 0.420560858434 0.866642358237
369120329 0.252338885553 0.866642358237 0.327104206833 0.866642358237 0.327104206833 0.833317891503
369120330 0.327104206833 0.833317891503 0.252338885553 0.833317891503 0.252338885553 0.866642358237
369120333 0.0841129618509 0.866642358237 0.158878283132 0.866642358237 0.158878283132 0.833317891503
369120334 0.158878283132 0.833317891503 0.0841129618509 0.833317891503 0.0841129618509 0.866642358237
369120341 0.420560858434 0.833317891503 0.495326179715 0.833317891503 0.495326179715 0.799993424769
369120342 0.495326179715 0.799993424769 0.420560858434 0.799993424769 0.420560858434 0.833317891503
369120345 0.252338885553 0.833317891503 0.327104206833 0.833317891503 0.327104206833 0.799993424769
369120346 0.327104206833 0.799993424769 0.252338885553 0.799993424769 0.252338885553 0.833317891503
369120349 0.0841129618509 0.833317891503 0.158878283132 0.833317891503 0.158878283132 0.799993424769
369120350 0.158878283132 0.799993424769 0.0841129618509 0.799993424769 0.0841129618509 0.833317891503
369120357 0.420560858434 0.799993424769 0.495326179715 0.799993424769 0.495326179715 0.766668958035
369120358 0.495326179715 0.766668958035 0.420560858434 0.766668958035 0.420560858434 0.799993424769
369120361 0.252338885553 0.799993424769 0.327104206833 0.799993424769 0.327104206833 0.766668958035
369120362 0.327104206833 0.766668958035 0.252338885553 0.766668958035 0.252338885553 0.799993424769
369120365 0.0841129618509 0.799993424769 0.158878283132 0.799993424769 0.158878283132 0.766668958035
369120366 0.158878283132 0.766668958035 0.0841129618509 0.766668958035 0.0841129618509 0.799993424769
369120373 0.420560858434 0.766668958035 0.495326179715 0.766668958035 0.495326179715 0.733314603887
369120374 0.495326179715 0.733314603887 0.420560858434 0.733314603887 0.420560858434 0.766668958035
369120377 0.252338885553 0.766668958035 0.327104206833 0.766668958035 0.327104206833 0.733314603887
369120378 0.327104206833 0.733314603887 0.252338885553 0.733314603887 0.252338885553 0.766668958035
369120381 0.0841129618509 0.766668958035 0.158878283132 0.766668958035 0.158878283132 0.733314603887
369120382 0.158878283132 0.733314603887 0.0841129618509 0.733314603887 0.0841129618509 0.766668958035
369120389 0.420560858434 0.733314603887 0.495326179715 0.733314603887 0.495326179715 0.699990137153
369120390 0.495326179715 0.699990137153 0.420560858434 0.699990137153 0.420560858434 0.733314603887
369120393 0.252338885553 0.733314603887 0.327104206833 0.733314603887 0.327104206833 0.699990137153
369120394 0.327104206833 0.699990137153 0.252338885553 0.699990137153 0.252338885553 0.733314603887
369120397 0.0841129618509 0.733314603887 0.158878283132 0.733314603887 0.158878283132 0.699990137153
369120398 0.158878283132 0.699990137153 0.0841129618509 0.699990137153 0.0841129618509 0.733314603887
369120405 0.420560858434 0.699990137153 0.495326179715 0.699990137153 0.495326179715 0.66666567042
369120406 0.495326179715 0.66666567042 0.420560858434 0.66666567042 0.420560858434 0.699990137153
369120409 0.252338885553 0.699990137153 0.327104206833 0.699990137153 0.327104206833 0.66666567042
369120410 0.327104206833 0.66666567042 0.252338885553 0.66666567042 0.252338885553 0.699990137153
369120413 0.0841129618509 0.699990137153 0.158878283132 0.699990137153 0.158878283132 0.66666567042
369120414 0.158878283132 0.66666567042 0.0841129618509 0.66666567042 0.0841129618509 0.699990137153
369120421 0.420560858434 0.633341203686 0.495326179715 0.633341203686 0.495326179715 0.599986849538
369120422 0.495326179715 0.599986849538 0.420560858434 0.599986849538 0.420560858434 0.633341203686
369120425 0.252338885553 0.633341203686 0.327104206833 0.633341203686 0.327104206833 0.599986849538
369120426 0.327104206833 0.599986849538 0.252338885553 0.599986849538 0.252338885553 0.633341203686
369120429 0.0841129618509 0.633341203686 0.158878283132 0.633341203686 0.158878283132 0.599986849538
369120430 0.158878283132 0.599986849538 0.0841129618509 0.599986849538 0.0841129618509 0.633341203686
369120437 0.420560858434 0.599986849538 0.495326179715 0.599986849538 0.495326179715 0.566662382804
369120438 0.495326179715 0.566662382804 0.420560858434 0.566662382804 0.420560858434 0.599986849538
369120441 0.252338885553 0.599986849538 0.327104206833 0.599986849538 0.327104206833 0.566662382804
369120442 0.327104206833 0.566662382804 0.252338885553 0.566662382804 0.252338885553 0.599986849538
369120445 0.0841129618509 0.599986849538 0.158878283132 0.599986849538 0.158878283132 0.566662382804
369120446 0.158878283132 0.566662382804 0.0841129618509 0.566662382804 0.0841129618509 0.599986849538
369120453 0.420560858434 0.566662382804 0.495326179715 0.566662382804 0.495326179715 0.53333791607
369120454 0.495326179715 0.53333791607 0.420560858434 0.53333791607 0.420560858434 0.566662382804
369120457 0.252338885553 0.566662382804 0.327104206833 0.566662382804 0.327104206833 0.53333791607
369120458 0.327104206833 0.53333791607 0.252338885553 0.53333791607 0.252338885553 0.566662382804
369120461 0.0841129618509 0.566662382804 0.158878283132 0.566662382804 0.158878283132 0.53333791607
369120462 0.158878283132 0.53333791607 0.0841129618509 0.53333791607 0.0841129618509 0.566662382804
369120469 0.420560858434 0.53333791607 0.495326179715 0.53333791607 0.495326179715 0.499983561922
369120470 0.495326179715 0.499983561922 0.420560858434 0.499983561922 0.420560858434 0.53333791607
369120473 0.252338885553 0.53333791607 0.327104206833 0.53333791607 0.327104206833 0.499983561922
369120474 0.327104206833 0.499983561922 0.252338885553 0.499983561922 0.252338885553 0.53333791607
369120477 0.0841129618509 0.53333791607 0.158878283132 0.53333791607 0.158878283132 0.499983561922
369120478 0.158878283132 0.499983561922 0.0841129618509 0.499983561922 0.0841129618509 0.53333791607
369120485 0.420560858434 0.499983561922 0.495326179715 0.499983561922 0.495326179715 0.466659095188
369120486 0.495326179715 0.466659095188 0.420560858434 0.466659095188 0.420560858434 0.499983561922
369120489 0.252338885553 0.499983561922 0.327104206833 0.499983561922 0.327104206833 0.466659095188
369120490 0.327104206833 0.466659095188 0.252338885553 0.466659095188 0.252338885553 0.499983561922
369120493 0.0841129618509 0.499983561922 0.158878283132 0.499983561922 0.158878283132 0.466659095188
369120494 0.158878283132 0.466659095188 0.0841129618509 0.466659095188 0.0841129618509 0.499983561922
369120501 0.420560858434 0.466659095188 0.495326179715 0.466659095188 0.495326179715 0.433328650972
369120502 0.495326179715 0.433328650972 0.420560858434 0.433328650972 0.420560858434 0.466659095188
369120505 0.252338885553 0.466659095188 0.327104206833 0.466659095188 0.327104206833 0.433328650972
369120506 0.327104206833 0.433328650972 0.252338885553 0.433328650972 0.252338885553 0.466659095188
369120509 0.0841129618509 0.466659095188 0.158878283132 0.466659095188 0.158878283132 0.433328650972
369120510 0.158878283132 0.433328650972 0.0841129618509 0.433328650972 0.0841129618509 0.466659095188
369120517 0.420560858434 0.433328650972 0.495326179715 0.433328650972 0.495326179715 0.399995218014
369120518 0.495326179715 0.399995218014 0.420560858434 0.399995218014 0.420560858434 0.433328650972
369120521 0.252338885553 0.433328650972 0.327104206833 0.433328650972 0.327104206833 0.399995218014
369120522 0.327104206833 0.399995218014 0.252338885553 0.399995218014 0.252338885553 0.433328650972
369120525 0.0841129618509 0.433328650972 0.158878283132 0.433328650972 0.158878283132 0.399995218014
369120526 0.158878283132 0.399995218014 0.0841129618509 0.399995218014 0.0841129618509 0.433328650972
369120533 0.420560858434 0.366661785056 0.495326179715 0.366661785056 0.495326179715 0.333331340839
369120534 0.495326179715 0.333331340839 0.420560858434 0.333331340839 0.420560858434 0.366661785056
369120537 0.252338885553 0.366661785056 0.327104206833 0.366661785056 0.327104206833 0.333331340839
369120538 0.327104206833 0.333331340839 0.252338885553 0.333331340839 0.252338885553 0.366661785056
369120541 0.0841129618509 0.366661785056 0.158878283132 0.366661785056 0.158878283132 0.333331340839
369120542 0.158878283132 0.333331340839 0.0841129618509 0.333331340839 0.0841129618509 0.366661785056
369120549 0.420560858434 0.333331340839 0.495326179715 0.333331340839 0.495326179715 0.299997907881
369120550 0.495326179715 0.299997907881 0.420560858434 0.299997907881 0.420560858434 0.333331340839
369120553 0.252338885553 0.333331340839 0.327104206833 0.333331340839 0.327104206833 0.299997907881
369120554 0.327104206833 0.299997907881 0.252338885553 0.299997907881 0.252338885553 0.333331340839
369120557 0.0841129618509 0.333331340839 0.158878283132 0.333331340839 0.158878283132 0.299997907881
369120558 0.158878283132 0.299997907881 0.0841129618509 0.299997907881 0.0841129618509 0.333331340839
369120565 0.420560858434 0.299997907881 0.495326179715 0.299997907881 0.495326179715 0.266664474923
369120566 0.495326179715 0.266664474923 0.420560858434 0.266664474923 0.420560858434 0.299997907881
369120569 0.252338885553 0.299997907881 0.327104206833 0.299997907881 0.327104206833 0.266664474923
369120570 0.327104206833 0.266664474923 0.252338885553 0.266664474923 0.252338885553 0.299997907881
369120573 0.0841129618509 0.299997907881 0.158878283132 0.299997907881 0.158878283132 0.266664474923
369120574 0.158878283132 0.266664474923 0.0841129618509 0.266664474923 0.0841129618509 0.299997907881
369120581 0.420560858434 0.266664474923 0.495326179715 0.266664474923 0.495326179715 0.233331041965
369120582 0.495326179715 0.233331041965 0.420560858434 0.233331041965 0.420560858434 0.266664474923
369120585 0.252338885553 0.266664474923 0.327104206833 0.266664474923 0.327104206833 0.233331041965
369120586 0.327104206833 0.233331041965 0.252338885553 0.233331041965 0.252338885553 0.266664474923
369120589 0.0841129618509 0.266664474923 0.158878283132 0.266664474923 0.158878283132 0.233331041965
369120590 0.158878283132 0.233331041965 0.0841129618509 0.233331041965 0.0841129618509 0.266664474923
369120597 0.420560858434 0.233331041965 0.495326179715 0.233331041965 0.495326179715 0.199997609007
369120598 0.495326179715 0.199997609007 0.420560858434 0.199997609007 0.420560858434 0.233331041965
369120601 0.252338885553 0.233331041965 0.327104206833 0.233331041965 0.327104206833 0.199997609007
369120602 0.327104206833 0.199997609007 0.252338885553 0.199997609007 0.252338885553 0.233331041965
369120605 0.0841129618509 0.233331041965 0.158878283132 0.233331041965 0.158878283132 0.199997609007
369120606 0.158878283132 0.199997609007 0.0841129618509 0.199997609007 0.0841129618509 0.233331041965
369120613 0.420560858434 0.199997609007 0.495326179715 0.199997609007 0.495326179715 0.16666716479
369120614 0.495326179715 0.16666716479 0.420560858434 0.16666716479 0.420560858434 0.199997609007
369120617 0.252338885553 0.199997609007 0.327104206833 0.199997609007 0.327104206833 0.16666716479
369120618 0.327104206833 0.16666716479 0.252338885553 0.16666716479 0.252338885553 0.199997609007
369120621 0.0841129618509 0.199997609007 0.158878283132 0.199997609007 0.158878283132 0.16666716479
369120622 0.158878283132 0.16666716479 0.0841129618509 0.16666716479 0.0841129618509 0.199997609007
369120629 0.420560858434 0.133333731832 0.495326179715 0.133333731832 0.495326179715 0.100000298874
369120630 0.495326179715 0.100000298874 0.420560858434 0.100000298874 0.420560858434 0.133333731832
369120633 0.252338885553 0.133333731832 0.327104206833 0.133333731832 0.327104206833 0.100000298874
369120634 0.327104206833 0.100000298874 0.252338885553 0.100000298874 0.252338885553 0.133333731832
369120637 0.0841129618509 0.133333731832 0.158878283132 0.133333731832 0.158878283132 0.100000298874
369120638 0.158878283132 0.100000298874 0.0841129618509 0.100000298874 0.0841129618509 0.133333731832
369120645 0.420560858434 0.100000298874 0.495326179715 0.100000298874 0.495326179715 0.0666668659161
369120646 0.495326179715 0.0666668659161 0.420560858434 0.0666668659161 0.420560858434 0.100000298874
369120649 0.252338885553 0.100000298874 0.327104206833 0.100000298874 0.327104206833 0.0666668659161
369120650 0.327104206833 0.0666668659161 0.252338885553 0.0666668659161 0.252338885553 0.100000298874
369120653 0.0841129618509 0.100000298874 0.158878283132 0.100000298874 0.158878283132 0.0666668659161
369120654 0.158878283132 0.0666668659161 0.0841129618509 0.0666668659161 0.0841129618509 0.100000298874
369120661 0.420560858434 0.0666668659161 0.495326179715 0.0666668659161 0.495326179715 0.033333432958
369120662 0.495326179715 0.033333432958 0.420560858434 0.033333432958 0.420560858434 0.0666668659161
369120665 0.252338885553 0.0666668659161 0.327104206833 0.0666668659161 0.327104206833 0.033333432958
369120666 0.327104206833 0.033333432958 0.252338885553 0.033333432958 0.252338885553 0.0666668659161
369120669 0.0841129618509 0.0666668659161 0.158878283132 0.0666668659161 0.158878283132 0.033333432958
369120670 0.158878283132 0.033333432958 0.0841129618509 0.033333432958 0.0841129618509 0.0666668659161
369120677 0.420560858434 0.033333432958 0.495326179715 0.033333432958 0.495326179715 0.0
369120678 0.495326179715 0.0 0.420560858434 0.0 0.420560858434 0.033333432958
369120681 0.252338885553 0.033333432958 0.327104206833 0.033333432958 0.327104206833 0.0
369120682 0.327104206833 0.0 0.252338885553 0.0 0.252338885553 0.033333432958
369120685 0.0841129618509 0.033333432958 0.158878283132 0.033333432958 0.158878283132 0.0
369120686 0.158878283132 0.0 0.0841129618509 0.0 0.0841129618509 0.033333432958
369121301 0.336447896583 1.0 0.411217168684 1.0 0.411217168684 0.966645645852
369121302 0.411217168684 0.966645645852 0.336447896583 0.966645645852 0.336447896583 1.0
369121305 0.168225923702 1.0 0.242991244982 1.0 0.242991244982 0.966645645852
369121306 0.242991244982 0.966645645852 0.168225923702 0.966645645852 0.168225923702 1.0
369121309 0.0 1.0 0.0747653212807 1.0 0.0747653212807 0.966645645852
369121310 0.0747653212807 0.966645645852 0.0 0.966645645852 0.0 1.0
369121317 0.336447896583 0.966645645852 0.411217168684 0.966645645852 0.411217168684 0.933321179118
369121318 0.411217168684 0.933321179118 0.336447896583 0.933321179118 0.336447896583 0.966645645852
369121321 0.168225923702 0.966645645852 0.242991244982 0.966645645852 0.242991244982 0.933321179118
369121322 0.242991244982 0.933321179118 0.168225923702 0.933321179118 0.168225923702 0.966645645852
369121325 0.0 0.966645645852 0.0747653212807 0.966645645852 0.0747653212807 0.933321179118
369121326 0.0747653212807 0.933321179118 0.0 0.933321179118 0.0 0.966645645852
369121333 0.336447896583 0.933321179118 0.411217168684 0.933321179118 0.411217168684 0.899996712384
369121334 0.411217168684 0.899996712384 0.336447896583 0.899996712384 0.336447896583 0.933321179118
369121337 0.168225923702 0.933321179118 0.242991244982 0.933321179118 0.242991244982 0.899996712384
369121338 0.242991244982 0.899996712384 0.168225923702 0.899996712384 0.168225923702 0.933321179118
369121341 0.0 0.933321179118 0.0747653212807 0.933321179118 0.0747653212807 0.899996712384
369121342 0.0747653212807 0.899996712384 0.0 0.899996712384 0.0 0.933321179118
369121349 0.336447896583 0.899996712384 0.411217168684 0.899996712384 0.411217168684 0.866642358237
369121350 0.411217168684 0.866642358237 0.336447896583 0.866642358237 0.336447896583 0.899996712384
369121353 0.168225923702 0.899996712384 0.242991244982 0.899996712384 0.242991244982 0.866642358237
369121354 0.242991244982 0.866642358237 0.168225923702 0.866642358237 0.168225923702 0.899996712384
369121357 0.0 0.899996712384 0.0747653212807 0.899996712384 0.0747653212807 0.866642358237
369121358 0.0747653212807 0.866642358237 0.0 0.866642358237 0.0 0.899996712384
369121365 0.336447896583 0.866642358237 0.411217168684 0.866642358237 0.411217168684 0.833317891503
369121366 0.411217168684 0.833317891503 0.336447896583 0.833317891503 0.336447896583 0.866642358237
369121369 0.168225923702 0.866642358237 0.242991244982 0.866642358237 0.242991244982 0.833317891503
369121370 0.242991244982 0.833317891503 0.168225923702 0.833317891503 0.168225923702 0.866642358237
369121373 0.0 0.866642358237 0.0747653212807 0.866642358237 0.0747653212807 0.833317891503
369121374 0.0747653212807 0.833317891503 0.0 0.833317891503 0.0 0.866642358237
369121381 0.336447896583 0.833317891503 0.411217168684 0.833317891503 0.411217168684 0.799993424769
369121382 0.411217168684 0.799993424769 0.336447896583 0.799993424769 0.336447896583 0.833317891503
369121385 0.168225923702 0.833317891503 0.242991244982 0.833317891503 0.242991244982 0.799993424769
369121386 0.242991244982 0.799993424769 0.168225923702 0.799993424769 0.168225923702 0.833317891503
369121389 0.0 0.833317891503 0.0747653212807 0.833317891503 0.0747653212807 0.799993424769
369121390 0.0747653212807 0.799993424769 0.0 0.799993424769 0.0 0.833317891503
369121397 0.336447896583 0.799993424769 0.411217168684 0.799993424769 0.411217168684 0.766668958035
369121398 0.411217168684 0.766668958035 0.336447896583 0.766668958035 0.336447896583 0.799993424769
369121401 0.168225923702 0.799993424769 0.242991244982 0.799993424769 0.242991244982 0.766668958035
369121402 0.242991244982 0.766668958035 0.168225923702 0.766668958035 0.168225923702 0.799993424769
369121405 0.0 0.799993424769 0.0747653212807 0.799993424769 0.0747653212807 0.766668958035
369121406 0.0747653212807 0.766668958035 0.0 0.766668958035 0.0 0.799993424769
369121413 0.336447896583 0.766668958035 0.411217168684 0.766668958035 0.411217168684 0.733314603887
369121414 0.411217168684 0.733314603887 0.336447896583 0.733314603887 0.336447896583 0.766668958035
369121417 0.168225923702 0.766668958035 0.242991244982 0.766668958035 0.242991244982 0.733314603887
369121418 0.242991244982 0.733314603887 0.168225923702 0.733314603887 0.168225923702 0.766668958035
369121421 0.0 0.766668958035 0.0747653212807 0.766668958035 0.0747653212807 0.733314603887
369121422 0.0747653212807 0.733314603887 0.0 0.733314603887 0.0 0.766668958035
369121429 0.336447896583 0.733314603887 0.411217168684 0.733314603887 0.411217168684 0.699990137153
369121430 0.411217168684 0.699990137153 0.336447896583 0.699990137153 0.336447896583 0.733314603887
369121433 0.168225923702 0.733314603887 0.242991244982 0.733314603887 0.242991244982 0.699990137153
369121434 0.242991244982 0.699990137153 0.168225923702 0.699990137153 0.168225923702 0.733314603887
369121437 0.0 0.733314603887 0.0747653212807 0.733314603887 0.0747653212807 0.699990137153
369121438 0.0747653212807 0.699990137153 0.0 0.699990137153 0.0 0.733314603887
369121445 0.336447896583 0.699990137153 0.411217168684 0.699990137153 0.411217168684 0.66666567042
369121446 0.411217168684 0.66666567042 0.336447896583 0.66666567042 0.336447896583 0.699990137153
369121449 0.168225923702 0.699990137153 0.242991244982 0.699990137153 0.242991244982 0.66666567042
369121450 0.242991244982 0.66666567042 0.168225923702 0.66666567042 0.168225923702 0.699990137153
369121453 0.0 0.699990137153 0.0747653212807 0.699990137153 0.0747653212807 0.66666567042
369121454 0.0747653212807 0.66666567042 0.0 0.66666567042 0.0 0.699990137153
369121461 0.336447896583 0.66666567042 0.411217168684 0.66666567042 0.411217168684 0.633341203686
369121462 0.411217168684 0.633341203686 0.336447896583 0.633341203686 0.336447896583 0.66666567042
369121465 0.168225923702 0.66666567042 0.242991244982 0.66666567042 0.242991244982 0.633341203686
369121466 0.242991244982 0.633341203686 0.168225923702 0.633341203686 0.168225923702 0.66666567042
369121469 0.0 0.66666567042 0.0747653212807 0.66666567042 0.0747653212807 0.633341203686
369121470 0.0747653212807 0.633341203686 0.0 0.633341203686 0.0 0.66666567042
369121477 0.336447896583 0.633341203686 0.411217168684 0.633341203686 0.411217168684 0.599986849538
369121478 0.411217168684 0.599986849538 0.336447896583 0.599986849538 0.336447896583 0.633341203686
369121481 0.168225923702 0.633341203686 0.242991244982 0.633341203686 0.242991244982 0.599986849538
369121482 0.242991244982 0.599986849538 0.168225923702 0.599986849538 0.168225923702 0.633341203686
369121485 0.0 0.633341203686 0.0747653212807 0.633341203686 0.0747653212807 0.599986849538
369121486 0.0747653212807 0.599986849538 0.0 0.599986849538 0.0 0.633341203686
369121493 0.336447896583 0.599986849538 0.411217168684 0.599986849538 0.411217168684 0.566662382804
369121494 0.411217168684 0.566662382804 0.336447896583 0.566662382804 0.336447896583 0.599986849538
369121497 0.168225923702 0.599986849538 0.242991244982 0.599986849538 0.242991244982 0.566662382804
369121498 0.242991244982 0.566662382804 0.168225923702 0.566662382804 0.168225923702 0.599986849538
369121501 0.0 0.599986849538 0.0747653212807 0.599986849538 0.0747653212807 0.566662382804
369121502 0.0747653212807 0.566662382804 0.0 0.566662382804 0.0 0.599986849538
369121509 0.336447896583 0.566662382804 0.411217168684 0.566662382804 0.411217168684 0.53333791607
369121510 0.411217168684 0.53333791607 0.336447896583 0.53333791607 0.336447896583 0.566662382804
369121513 0.168225923702 0.566662382804 0.242991244982 0.566662382804 0.242991244982 0.53333791607
369121514 0.242991244982 0.53333791607 0.168225923702 0.53333791607 0.168225923702 0.566662382804
369121517 0.0 0.566662382804 0.0747653212807 0.566662382804 0.0747653212807 0.53333791607
369121518 0.0747653212807 0.53333791607 0.0 0.53333791607 0.0 0.566662382804
369121525 0.336447896583 0.53333791607 0.411217168684 0.53333791607 0.411217168684 0.499983561922
369121526 0.411217168684 0.499983561922 0.336447896583 0.499983561922 0.336447896583 0.53333791607
369121529 0.168225923702 0.53333791607 0.242991244982 0.53333791607 0.242991244982 0.499983561922
369121530 0.242991244982 0.499983561922 0.168225923702 0.499983561922 0.168225923702 0.53333791607
369121533 0.0 0.53333791607 0.0747653212807 0.53333791607 0.0747653212807 0.499983561922
369121534 0.0747653212807 0.499983561922 0.0 0.499983561922 0.0 0.53333791607
369121541 0.336447896583 0.499983561922 0.411217168684 0.499983561922 0.411217168684 0.466659095188
369121542 0.411217168684 0.466659095188 0.336447896583 0.466659095188 0.336447896583 0.499983561922
369121545 0.168225923702 0.499983561922 0.242991244982 0.499983561922 0.242991244982 0.466659095188
369121546 0.242991244982 0.466659095188 0.168225923702 0.466659095188 0.168225923702 0.499983561922
369121549 0.0 0.499983561922 0.0747653212807 0.499983561922 0.0747653212807 0.466659095188
369121550 0.0747653212807 0.466659095188 0.0 0.466659095188 0.0 0.499983561922
369121557 0.336447896583 0.466659095188 0.411217168684 0.466659095188 0.411217168684 0.433328650972
369121558 0.411217168684 0.433328650972 0.336447896583 0.433328650972 0.336447896583 0.466659095188
369121561 0.168225923702 0.466659095188 0.242991244982 0.466659095188 0.242991244982 0.433328650972
369121562 0.242991244982 0.433328650972 0.168225923702 0.433328650972 0.168225923702 0.466659095188
369121565 0.0 0.466659095188 0.0747653212807 0.466659095188 0.0747653212807 0.433328650972
369121566 0.0747653212807 0.433328650972 0.0 0.433328650972 0.0 0.466659095188
369121573 0.336447896583 0.433328650972 0.411217168684 0.433328650972 0.411217168684 0.399995218014
369121574 0.411217168684 0.399995218014 0.336447896583 0.399995218014 0.336447896583 0.433328650972
369121577 0.168225923702 0.433328650972 0.242991244982 0.433328650972 0.242991244982 0.399995218014
369121578 0.242991244982 0.399995218014 0.168225923702 0.399995218014 0.168225923702 0.433328650972
369121581 0.0 0.433328650972 0.0747653212807 0.433328650972 0.0747653212807 0.399995218014
369121582 0.0747653212807 0.399995218014 0.0 0.399995218014 0.0 0.433328650972
369121589 0.336447896583 0.399995218014 0.411217168684 0.399995218014 0.411217168684 0.366661785056
369121590 0.411217168684 0.366661785056 0.336447896583 0.366661785056 0.336447896583 0.399995218014
369121593 0.168225923702 0.399995218014 0.242991244982 0.399995218014 0.242991244982 0.366661785056
369121594 0.242991244982 0.366661785056 0.168225923702 0.366661785056 0.168225923702 0.399995218014
369121597 0.0 0.399995218014 0.0747653212807 0.399995218014 0.0747653212807 0.366661785056
369121598 0.0747653212807 0.366661785056 0.0 0.366661785056 0.0 0.399995218014
369121605 0.336447896583 0.366661785056 0.411217168684 0.366661785056 0.411217168684 0.333331340839
369121606 0.411217168684 0.333331340839 0.336447896583 0.333331340839 0.336447896583 0.366661785056
369121609 0.168225923702 0.366661785056 0.242991244982 0.366661785056 0.242991244982 0.333331340839
369121610 0.242991244982 0.333331340839 0.168225923702 0.333331340839 0.168225923702 0.366661785056
369121613 0.0 0.366661785056 0.0747653212807 0.366661785056 0.0747653212807 0.333331340839
369121614 0.0747653212807 0.333331340839 0.0 0.333331340839 0.0 0.366661785056
369121621 0.336447896583 0.333331340839 0.411217168684 0.333331340839 0.411217168684 0.299997907881
369121622 0.411217168684 0.299997907881 0.336447896583 0.299997907881 0.336447896583 0.333331340839
369121625 0.168225923702 0.333331340839 0.242991244982 0.333331340839 0.242991244982 0.299997907881
369121626 0.242991244982 0.299997907881 0.168225923702 0.299997907881 0.168225923702 0.333331340839
369121629 0.0 0.333331340839 0.0747653212807 0.333331340839 0.0747653212807 0.299997907881
369121630 0.0747653212807 0.299997907881 0.0 0.299997907881 0.0 0.333331340839
369121637 0.336447896583 0.299997907881 0.411217168684 0.299997907881 0.411217168684 0.266664474923
369121638 0.411217168684 0.266664474923 0.336447896583 0.266664474923 0.336447896583 0.299997907881
369121641 0.168225923702 0.299997907881 0.242991244982 0.299997907881 0.242991244982 0.266664474923
369121642 0.242991244982 0.266664474923 0.168225923702 0.266664474923 0.168225923702 0.299997907881
369121645 0.0 0.299997907881 0.0747653212807 0.299997907881 0.0747653212807 0.266664474923
369121646 0.0747653212807 0.266664474923 0.0 0.266664474923 0.0 0.299997907881
369121653 0.336447896583 0.266664474923 0.411217168684 0.266664474923 0.411217168684 0.233331041965
369121654 0.411217168684 0.233331041965 0.336447896583 0.233331041965 0.336447896583 0.266664474923
369121657 0.168225923702 0.266664474923 0.242991244982 0.266664474923 0.242991244982 0.233331041965
369121658 0.242991244982 0.233331041965 0.168225923702 0.233331041965 0.168225923702 0.266664474923
369121661 0.0 0.266664474923 0.0747653212807 0.266664474923 0.0747653212807 0.233331041965
369121662 0.0747653212807 0.233331041965 0.0 0.233331041965 0.0 0.266664474923
369121669 0.336447896583 0.233331041965 0.411217168684 0.233331041965 0.411217168684 0.199997609007
369121670 0.411217168684 0.199997609007 0.336447896583 0.199997609007 0.336447896583 0.233331041965
369121673 0.168225923702 0.233331041965 0.242991244982 0.233331041965 0.242991244982 0.199997609007
369121674 0.242991244982 0.199997609007 0.168225923702 0.199997609007 0.168225923702 0.233331041965
369121677 0.0 0.233331041965 0.0747653212807 0.233331041965 0.0747653212807 0.199997609007
369121678 0.0747653212807 0.199997609007 0.0 0.199997609007 0.0 0.233331041965
369121685 0.336447896583 0.199997609007 0.411217168684 0.199997609007 0.411217168684 0.16666716479
369121686 0.411217168684 0.16666716479 0.336447896583 0.16666716479 0.336447896583 0.199997609007
369121689 0.168225923702 0.199997609007 0.242991244982 0.199997609007 0.242991244982 0.16666716479
369121690 0.242991244982 0.16666716479 0.168225923702 0.16666716479 0.168225923702 0.199997609007
369121693 0.0 0.199997609007 0.0747653212807 0.199997609007 0.0747653212807 0.16666716479
369121694 0.0747653212807 0.16666716479 0.0 0.16666716479 0.0 0.199997609007
369121701 0.336447896583 0.16666716479 0.411217168684 0.16666716479 0.411217168684 0.133333731832
369121702 0.411217168684 0.133333731832 0.336447896583 0.133333731832 0.336447896583 0.16666716479
369121705 0.168225923702 0.16666716479 0.242991244982 0.16666716479 0.242991244982 0.133333731832
369121706 0.242991244982 0.133333731832 0.168225923702 0.133333731832 0.168225923702 0.16666716479
369121709 0.0 0.16666716479 0.0747653212807 0.16666716479 0.0747653212807 0.133333731832
369121710 0.0747653212807 0.133333731832 0.0 0.133333731832 0.0 0.16666716479
369121717 0.336447896583 0.133333731832 0.411217168684 0.133333731832 0.411217168684 0.100000298874
369121718 0.411217168684 0.100000298874 0.336447896583 0.100000298874 0.336447896583 0.133333731832
369121721 0.168225923702 0.133333731832 0.242991244982 0.133333731832 0.242991244982 0.100000298874
369121722 0.242991244982 0.100000298874 0.168225923702 0.100000298874 0.168225923702 0.133333731832
369121725 0.0 0.133333731832 0.0747653212807 0.133333731832 0.0747653212807 0.100000298874
369121726 0.0747653212807 0.100000298874 0.0 0.100000298874 0.0 0.133333731832
369121733 0.336447896583 0.100000298874 0.411217168684 0.100000298874 0.411217168684 0.0666668659161
369121734 0.411217168684 0.0666668659161 0.336447896583 0.0666668659161 0.336447896583 0.100000298874
369121737 0.168225923702 0.100000298874 0.242991244982 0.100000298874 0.242991244982 0.0666668659161
369121738 0.242991244982 0.0666668659161 0.168225923702 0.0666668659161 0.168225923702 0.100000298874
369121741 0.0 0.100000298874 0.0747653212807 0.100000298874 0.0747653212807 0.0666668659161
369121742 0.0747653212807 0.0666668659161 0.0 0.0666668659161 0.0 0.100000298874
369121749 0.336447896583 0.0666668659161 0.411217168684 0.0666668659161 0.411217168684 0.033333432958
369121750 0.411217168684 0.033333432958 0.336447896583 0.033333432958 0.336447896583 0.0666668659161
369121753 0.168225923702 0.0666668659161 0.242991244982 0.0666668659161 0.242991244982 0.033333432958
369121754 0.242991244982 0.033333432958 0.168225923702 0.033333432958 0.168225923702 0.0666668659161
369121757 0.0 0.0666668659161 0.0747653212807 0.0666668659161 0.0747653212807 0.033333432958
369121758 0.0747653212807 0.033333432958 0.0 0.033333432958 0.0 0.0666668659161
369121765 0.336447896583 0.033333432958 0.411217168684 0.033333432958 0.411217168684 0.0
369121766 0.411217168684 0.0 0.336447896583 0.0 0.336447896583 0.033333432958
369121769 0.168225923702 0.033333432958 0.242991244982 0.033333432958 0.242991244982 0.0
369121770 0.242991244982 0.0 0.168225923702 0.0 0.168225923702 0.033333432958
369121773 0.0 0.033333432958 0.0747653212807 0.033333432958 0.0747653212807 0.0
369121774 0.0747653212807 0.0 0.0 0.0 0.0 0.033333432958
369124373 0.588786782136 1.0 0.663552103417 1.0 0.663552103417 0.966645645852
369124374 0.663552103417 0.966645645852 0.588786782136 0.966645645852 0.588786782136 1.0
369124377 0.757008755018 1.0 0.831774076298 1.0 0.831774076298 0.966645645852
369124378 0.831774076298 0.966645645852 0.757008755018 0.966645645852 0.757008755018 1.0
369124381 0.925234678719 1.0 1.0 1.0 1.0 0.966645645852
369124382 1.0 0.966645645852 0.925234678719 0.966645645852 0.925234678719 1.0
369124389 0.588786782136 0.966645645852 0.663552103417 0.966645645852 0.663552103417 0.933321179118
369124390 0.663552103417 0.933321179118 0.588786782136 0.933321179118 0.588786782136 0.966645645852
369124393 0.757008755018 0.966645645852 0.831774076298 0.966645645852 0.831774076298 0.933321179118
369124394 0.831774076298 0.933321179118 0.757008755018 0.933321179118 0.757008755018 0.966645645852
369124397 0.925234678719 0.966645645852 1.0 0.966645645852 1.0 0.933321179118
369124398 1.0 0.933321179118 0.925234678719 0.933321179118 0.925234678719 0.966645645852
369124405 0.588786782136 0.933321179118 0.663552103417 0.933321179118 0.663552103417 0.899996712384
369124406 0.663552103417 0.899996712384 0.588786782136 0.899996712384 0.588786782136 0.933321179118
369124409 0.757008755018 0.933321179118 0.831774076298 0.933321179118 0.831774076298 0.899996712384
369124410 0.831774076298 0.899996712384 0.757008755018 0.899996712384 0.757008755018 0.933321179118
369124413 0.925234678719 0.933321179118 1.0 0.933321179118 1.0 0.899996712384
369124414 1.0 0.899996712384 0.925234678719 0.899996712384 0.925234678719 0.933321179118
369124421 0.588786782136 0.866642358237 0.663552103417 0.866642358237 0.663552103417 0.833317891503
369124422 0.663552103417 0.833317891503 0.588786782136 0.833317891503 0.588786782136 0.866642358237
369124425 0.757008755018 0.866642358237 0.831774076298 0.866642358237 0.831774076298 0.833317891503
369124426 0.831774076298 0.833317891503 0.757008755018 0.833317891503 0.757008755018 0.866642358237
369124429 0.925234678719 0.866642358237 1.0 0.866642358237 1.0 0.833317891503
369124430 1.0 0.833317891503 0.925234678719 0.833317891503 0.925234678719 0.866642358237
369124437 0.588786782136 0.833317891503 0.663552103417 0.833317891503 0.663552103417 0.799993424769
369124438 0.663552103417 0.799993424769 0.588786782136 0.799993424769 0.588786782136 0.833317891503
369124441 0.757008755018 0.833317891503 0.831774076298 0.833317891503 0.831774076298 0.799993424769
369124442 0.831774076298 0.799993424769 0.757008755018 0.799993424769 0.757008755018 0.833317891503
369124445 0.925234678719 0.833317891503 1.0 0.833317891503 1.0 0.799993424769
369124446 1.0 0.799993424769 0.925234678719 0.799993424769 0.925234678719 0.833317891503
369124453 0.588786782136 0.799993424769 0.663552103417 0.799993424769 0.663552103417 0.766668958035
369124454 0.663552103417 0.766668958035 0.588786782136 0.766668958035 0.588786782136 0.799993424769
369124457 0.757008755018 0.799993424769 0.831774076298 0.799993424769 0.831774076298 0.766668958035
369124458 0.831774076298 0.766668958035 0.757008755018 0.766668958035 0.757008755018 0.799993424769
369124461 0.925234678719 0.799993424769 1.0 0.799993424769 1.0 0.766668958035
369124462 1.0 0.766668958035 0.925234678719 0.766668958035 0.925234678719 0.799993424769
369124469 0.588786782136 0.766668958035 0.663552103417 0.766668958035 0.663552103417 0.733314603887
369124470 0.663552103417 0.733314603887 0.588786782136 0.733314603887 0.588786782136 0.766668958035
369124473 0.757008755018 0.766668958035 0.831774076298 0.766668958035 0.831774076298 0.733314603887
369124474 0.831774076298 0.733314603887 0.757008755018 0.733314603887 0.757008755018 0.766668958035
369124477 0.925234678719 0.766668958035 1.0 0.766668958035 1.0 0.733314603887
369124478 1.0 0.733314603887 0.925234678719 0.733314603887 0.925234678719 0.766668958035
369124485 0.588786782136 0.733314603887 0.663552103417 0.733314603887 0.663552103417 0.699990137153
369124486 0.663552103417 0.699990137153 0.588786782136 0.699990137153 0.588786782136 0.733314603887
369124489 0.757008755018 0.733314603887 0.831774076298 0.733314603887 0.831774076298 0.699990137153
369124490 0.831774076298 0.699990137153 0.757008755018 0.699990137153 0.757008755018 0.733314603887
369124493 0.925234678719 0.733314603887 1.0 0.733314603887 1.0 0.699990137153
369124494 1.0 0.699990137153 0.925234678719 0.699990137153 0.925234678719 0.733314603887
369124501 0.588786782136 0.699990137153 0.663552103417 0.699990137153 0.663552103417 0.66666567042
369124502 0.663552103417 0.66666567042 0.588786782136 0.66666567042 0.588786782136 0.699990137153
369124505 0.757008755018 0.699990137153 0.831774076298 0.699990137153 0.831774076298 0.66666567042
369124506 0.831774076298 0.66666567042 0.757008755018 0.66666567042 0.757008755018 0.699990137153
369124509 0.925234678719 0.699990137153 1.0 0.699990137153 1.0 0.66666567042
369124510 1.0 0.66666567042 0.925234678719 0.66666567042 0.925234678719 0.699990137153
369124517 0.588786782136 0.633341203686 0.663552103417 0.633341203686 0.663552103417 0.599986849538
369124518 0.663552103417 0.599986849538 0.588786782136 0.599986849538 0.588786782136 0.633341203686
369124521 0.757008755018 0.633341203686 0.831774076298 0.633341203686 0.831774076298 0.599986849538
369124522 0.831774076298 0.599986849538 0.757008755018 0.599986849538 0.757008755018 0.633341203686
369124525 0.925234678719 0.633341203686 1.0 0.633341203686 1.0 0.599986849538
369124526 1.0 0.599986849538 0.925234678719 0.599986849538 0.925234678719 0.633341203686
369124533 0.588786782136 0.599986849538 0.663552103417 0.599986849538 0.663552103417 0.566662382804
369124534 0.663552103417 0.566662382804 0.588786782136 0.566662382804 0.588786782136 0.599986849538
369124537 0.757008755018 0.599986849538 0.831774076298 0.599986849538 0.831774076298 0.566662382804
369124538 0.831774076298 0.566662382804 0.757008755018 0.566662382804 0.757008755018 0.599986849538
369124541 0.925234678719 0.599986849538 1.0 0.599986849538 1.0 0.566662382804
369124542 1.0 0.566662382804 0.925234678719 0.566662382804 0.925234678719 0.599986849538
369124549 0.588786782136 0.566662382804 0.663552103417 0.566662382804 0.663552103417 0.53333791607
369124550 0.663552103417 0.53333791607 0.588786782136 0.53333791607 0.588786782136 0.566662382804
369124553 0.757008755018 0.566662382804 0.831774076298 0.566662382804 0.831774076298 0.53333791607
369124554 0.831774076298 0.53333791607 0.757008755018 0.53333791607 0.757008755018 0.566662382804
369124557 0.925234678719 0.566662382804 1.0 0.566662382804 1.0 0.53333791607
369124558 1.0 0.53333791607 0.925234678719 0.53333791607 0.925234678719 0.566662382804
369124565 0.588786782136 0.53333791607 0.663552103417 0.53333791607 0.663552103417 0.499983561922
369124566 0.663552103417 0.499983561922 0.588786782136 0.499983561922 0.588786782136 0.53333791607
369124569 0.757008755018 0.53333791607 0.831774076298 0.53333791607 0.831774076298 0.499983561922
369124570 0.831774076298 0.499983561922 0.757008755018 0.499983561922 0.757008755018 0.53333791607
369124573 0.925234678719 0.53333791607 1.0 0.53333791607 1.0 0.499983561922
369124574 1.0 0.499983561922 0.925234678719 0.499983561922 0.925234678719 0.53333791607
369124581 0.588786782136 0.499983561922 0.663552103417 0.499983561922 0.663552103417 0.466659095188
369124582 0.663552103417 0.466659095188 0.588786782136 0.466659095188 0.588786782136 0.499983561922
369124585 0.757008755018 0.499983561922 0.831774076298 0.499983561922 0.831774076298 0.466659095188
369124586 0.831774076298 0.466659095188 0.757008755018 0.466659095188 0.757008755018 0.499983561922
369124589 0.925234678719 0.499983561922 1.0 0.499983561922 1.0 0.466659095188
369124590 1.0 0.466659095188 0.925234678719 0.466659095188 0.925234678719 0.499983561922
369124597 0.588786782136 0.466659095188 0.663552103417 0.466659095188 0.663552103417 0.433328650972
369124598 0.663552103417 0.433328650972 0.588786782136 0.433328650972 0.588786782136 0.466659095188
369124601 0.757008755018 0.466659095188 0.831774076298 0.466659095188 0.831774076298 0.433328650972
369124602 0.831774076298 0.433328650972 0.757008755018 0.433328650972 0.757008755018 0.466659095188
369124605 0.925234678719 0.466659095188 1.0 0.466659095188 1.0 0.433328650972
369124606 1.0 0.433328650972 0.925234678719 0.433328650972 0.925234678719 0.466659095188
369124613 0.588786782136 0.433328650972 0.663552103417 0.433328650972 0.663552103417 0.399995218014
369124614 0.663552103417 0.399995218014 0.588786782136 0.399995218014 0.588786782136 0.433328650972
369124617 0.757008755018 0.433328650972 0.831774076298 0.433328650972 0.831774076298 0.399995218014
369124618 0.831774076298 0.399995218014 0.757008755018 0.399995218014 0.757008755018 0.433328650972
369124621 0.925234678719 0.433328650972 1.0 0.433328650972 1.0 0.399995218014
369124622 1.0 0.399995218014 0.925234678719 0.399995218014 0.925234678719 0.433328650972
369124629 0.588786782136 0.366661785056 0.663552103417 0.366661785056 0.663552103417 0.333331340839
369124630 0.663552103417 0.333331340839 0.588786782136 0.333331340839 0.588786782136 0.366661785056
369124633 0.757008755018 0.366661785056 0.831774076298 0.366661785056 0.831774076298 0.333331340839
369124634 0.831774076298 0.333331340839 0.757008755018 0.333331340839 0.757008755018 0.366661785056
369124637 0.925234678719 0.366661785056 1.0 0.366661785056 1.0 0.333331340839
369124638 1.0 0.333331340839 0.925234678719 0.333331340839 0.925234678719 0.366661785056
369124645 0.588786782136 0.333331340839 0.663552103417 0.333331340839 0.663552103417 0.299997907881
369124646 0.663552103417 0.299997907881 0.588786782136 0.299997907881 0.588786782136 0.333331340839
369124649 0.757008755018 0.333331340839 0.831774076298 0.333331340839 0.831774076298 0.299997907881
369124650 0.831774076298 0.299997907881 0.757008755018 0.299997907881 0.757008755018 0.333331340839
369124653 0.925234678719 0.333331340839 1.0 0.333331340839 1.0 0.299997907881
369124654 1.0 0.299997907881 0.925234678719 0.299997907881 0.925234678719 0.333331340839
369124661 0.588786782136 0.299997907881 0.663552103417 0.299997907881 0.663552103417 0.266664474923
369124662 0.663552103417 0.266664474923 0.588786782136 0.266664474923 0.588786782136 0.299997907881
369124665 0.757008755018 0.299997907881 0.831774076298 0.299997907881 0.831774076298 0.266664474923
369124666 0.831774076298 0.266664474923 0.757008755018 0.266664474923 0.757008755018 0.299997907881
369124669 0.925234678719 0.299997907881 1.0 0.299997907881 1.0 0.266664474923
369124670 1.0 0.266664474923 0.925234678719 0.266664474923 0.925234678719 0.299997907881
369124677 0.588786782136 0.266664474923 0.663552103417 0.266664474923 0.663552103417 0.233331041965
369124678 0.663552103417 0.233331041965 0.588786782136 0.233331041965 0.588786782136 0.266664474923
369124681 0.757008755018 0.266664474923 0.831774076298 0.266664474923 0.831774076298 0.233331041965
369124682 0.831774076298 0.233331041965 0.757008755018 0.233331041965 0.757008755018 0.266664474923
369124685 0.925234678719 0.266664474923 1.0 0.266664474923 1.0 0.233331041965
369124686 1.0 0.233331041965 0.925234678719 0.233331041965 0.925234678719 0.266664474923
369124693 0.588786782136 0.233331041965 0.663552103417 0.233331041965 0.663552103417 0.199997609007
369124694 0.663552103417 0.199997609007 0.588786782136 0.199997609007 0.588786782136 0.233331041965
369124697 0.757008755018 0.233331041965 0.831774076298 0.233331041965 0.831774076298 0.199997609007
369124698 0.831774076298 0.199997609007 0.757008755018 0.199997609007 0.757008755018 0.233331041965
369124701 0.925234678719 0.233331041965 1.0 0.233331041965 1.0 0.199997609007
369124702 1.0 0.199997609007 0.925234678719 0.199997609007 0.925234678719 0.233331041965
369124709 0.588786782136 0.199997609007 0.663552103417 0.199997609007 0.663552103417 0.16666716479
369124710 0.663552103417 0.16666716479 0.588786782136 0.16666716479 0.588786782136 0.199997609007
369124713 0.757008755018 0.199997609007 0.831774076298 0.199997609007 0.831774076298 0.16666716479
369124714 0.831774076298 0.16666716479 0.757008755018 0.16666716479 0.757008755018 0.199997609007
369124717 0.925234678719 0.199997609007 1.0 0.199997609007 1.0 0.16666716479
369124718 1.0 0.16666716479 0.925234678719 0.16666716479 0.925234678719 0.199997609007
369124725 0.588786782136 0.133333731832 0.663552103417 0.133333731832 0.663552103417 0.100000298874
369124726 0.663552103417 0.100000298874 0.588786782136 0.100000298874 0.588786782136 0.133333731832
369124729 0.757008755018 0.133333731832 0.831774076298 0.133333731832 0.831774076298 0.100000298874
369124730 0.831774076298 0.100000298874 0.757008755018 0.100000298874 0.757008755018 0.133333731832
369124733 0.925234678719 0.133333731832 1.0 0.133333731832 1.0 0.100000298874
369124734 1.0 0.100000298874 0.925234678719 0.100000298874 0.925234678719 0.133333731832
369124741 0.588786782136 0.100000298874 0.663552103417 0.100000298874 0.663552103417 0.0666668659161
369124742 0.663552103417 0.0666668659161 0.588786782136 0.0666668659161 0.588786782136 0.100000298874
369124745 0.757008755018 0.100000298874 0.831774076298 0.100000298874 0.831774076298 0.0666668659161
369124746 0.831774076298 0.0666668659161 0.757008755018 0.0666668659161 0.757008755018 0.100000298874
369124749 0.925234678719 0.100000298874 1.0 0.100000298874 1.0 0.0666668659161
369124750 1.0 0.0666668659161 0.925234678719 0.0666668659161 0.925234678719 0.100000298874
369124757 0.588786782136 0.0666668659161 0.663552103417 0.0666668659161 0.663552103417 0.033333432958
369124758 0.663552103417 0.033333432958 0.588786782136 0.033333432958 0.588786782136 0.0666668659161
369124761 0.757008755018 0.0666668659161 0.831774076298 0.0666668659161 0.831774076298 0.033333432958
369124762 0.831774076298 0.033333432958 0.757008755018 0.033333432958 0.757008755018 0.0666668659161
369124765 0.925234678719 0.0666668659161 1.0 0.0666668659161 1.0 0.033333432958
369124766 1.0 0.033333432958 0.925234678719 0.033333432958 0.925234678719 0.0666668659161
369124773 0.588786782136 0.033333432958 0.663552103417 0.033333432958 0.663552103417 0.0
369124774 0.663552103417 0.0 0.588786782136 0.0 0.588786782136 0.033333432958
369124777 0.757008755018 0.033333432958 0.831774076298 0.033333432958 0.831774076298 0.0
369124778 0.831774076298 0.0 0.757008755018 0.0 0.757008755018 0.033333432958
369124781 0.925234678719 0.033333432958 1.0 0.033333432958 1.0 0.0
369124782 1.0 0.0 0.925234678719 0.0 0.925234678719 0.033333432958
369125397 0.504673820285 1.0 0.579439141566 1.0 0.579439141566 0.966645645852
369125398 0.579439141566 0.966645645852 0.504673820285 0.966645645852 0.504673820285 1.0
369125401 0.672895793167 1.0 0.747665065268 1.0 0.747665065268 0.966645645852
369125402 0.747665065268 0.966645645852 0.672895793167 0.966645645852 0.672895793167 1.0
369125405 0.841121716868 1.0 0.915887038149 1.0 0.915887038149 0.966645645852
369125406 0.915887038149 0.966645645852 0.841121716868 0.966645645852 0.841121716868 1.0
369125413 0.504673820285 0.966645645852 0.579439141566 0.966645645852 0.579439141566 0.933321179118
369125414 0.579439141566 0.933321179118 0.504673820285 0.933321179118 0.504673820285 0.966645645852
369125417 0.672895793167 0.966645645852 0.747665065268 0.966645645852 0.747665065268 0.933321179118
369125418 0.747665065268 0.933321179118 0.672895793167 0.933321179118 0.672895793167 0.966645645852
369125421 0.841121716868 0.966645645852 0.915887038149 0.966645645852 0.915887038149 0.933321179118
369125422 0.915887038149 0.933321179118 0.841121716868 0.933321179118 0.841121716868 0.966645645852
369125429 0.504673820285 0.933321179118 0.579439141566 0.933321179118 0.579439141566 0.899996712384
369125430 0.579439141566 0.899996712384 0.504673820285 0.899996712384 0.504673820285 0.933321179118
369125433 0.672895793167 0.933321179118 0.747665065268 0.933321179118 0.747665065268 0.899996712384
369125434 0.747665065268 0.899996712384 0.672895793167 0.899996712384 0.672895793167 0.933321179118
369125437 0.841121716868 0.933321179118 0.915887038149 0.933321179118 0.915887038149 0.899996712384
369125438 0.915887038149 0.899996712384 0.841121716868 0.899996712384 0.841121716868 0.933321179118
369125445 0.504673820285 0.899996712384 0.579439141566 0.899996712384 0.579439141566 0.866642358237
369125446 0.579439141566 0.866642358237 0.504673820285 0.866642358237 0.504673820285 0.899996712384
369125449 0.672895793167 0.899996712384 0.747665065268 0.899996712384 0.747665065268 0.866642358237
369125450 0.747665065268 0.866642358237 0.672895793167 0.866642358237 0.672895793167 0.899996712384
369125453 0.841121716868 0.899996712384 0.915887038149 0.899996712384 0.915887038149 0.866642358237
369125454 0.915887038149 0.866642358237 0.841121716868 0.866642358237 0.841121716868 0.899996712384
369125461 0.504673820285 0.866642358237 0.579439141566 0.866642358237 0.579439141566 0.833317891503
369125462 0.579439141566 0.833317891503 0.504673820285 0.833317891503 0.504673820285 0.866642358237
369125465 0.672895793167 0.866642358237 0.747665065268 0.866642358237 0.747665065268 0.833317891503
369125466 0.747665065268 0.833317891503 0.672895793167 0.833317891503 0.672895793167 0.866642358237
369125469 0.841121716868 0.866642358237 0.915887038149 0.866642358237 0.915887038149 0.833317891503
369125470 0.915887038149 0.833317891503 0.841121716868 0.833317891503 0.841121716868 0.866642358237
369125477 0.504673820285 0.833317891503 0.579439141566 0.833317891503 0.579439141566 0.799993424769
369125478 0.579439141566 0.799993424769 0.504673820285 0.799993424769 0.504673820285 0.833317891503
369125481 0.672895793167 0.833317891503 0.747665065268 0.833317891503 0.747665065268 0.799993424769
369125482 0.747665065268 0.799993424769 0.672895793167 0.799993424769 0.672895793167 0.833317891503
369125485 0.841121716868 0.833317891503 0.915887038149 0.833317891503 0.915887038149 0.799993424769
369125486 0.915887038149 0.799993424769 0.841121716868 0.799993424769 0.841121716868 0.833317891503
369125493 0.504673820285 0.799993424769 0.579439141566 0.799993424769 0.579439141566 0.766668958035
369125494 0.579439141566 0.766668958035 0.504673820285 0.766668958035 0.504673820285 0.799993424769
369125497 0.672895793167 0.799993424769 0.747665065268 0.799993424769 0.747665065268 0.766668958035
369125498 0.747665065268 0.766668958035 0.672895793167 0.766668958035 0.672895793167 0.799993424769
369125501 0.841121716868 0.799993424769 0.915887038149 0.799993424769 0.915887038149 0.766668958035
369125502 0.915887038149 0.766668958035 0.841121716868 0.766668958035 0.841121716868 0.799993424769
369125509 0.504673820285 0.766668958035 0.579439141566 0.766668958035 0.579439141566 0.733314603887
369125510 0.579439141566 0.733314603887 0.504673820285 0.733314603887 0.504673820285 0.766668958035
369125513 0.672895793167 0.766668958035 0.747665065268 0.766668958035 0.747665065268 0.733314603887
369125514 0.747665065268 0.733314603887 0.672895793167 0.733314603887 0.672895793167 0.766668958035
369125517 0.841121716868 0.766668958035 0.915887038149 0.766668958035 0.915887038149 0.733314603887
369125518 0.915887038149 0.733314603887 0.841121716868 0.733314603887 0.841121716868 0.766668958035
369125525 0.504673820285 0.733314603887 0.579439141566 0.733314603887 0.579439141566 0.699990137153
369125526 0.579439141566 0.699990137153 0.504673820285 0.699990137153 0.504673820285 0.733314603887
369125529 0.672895793167 0.733314603887 0.747665065268 0.733314603887 0.747665065268 0.699990137153
369125530 0.747665065268 0.699990137153 0.672895793167 0.699990137153 0.672895793167 0.733314603887
369125533 0.841121716868 0.733314603887 0.915887038149 0.733314603887 0.915887038149 0.699990137153
369125534 0.915887038149 0.699990137153 0.841121716868 0.699990137153 0.841121716868 0.733314603887
369125541 0.504673820285 0.699990137153 0.579439141566 0.699990137153 0.579439141566 0.66666567042
369125542 0.579439141566 0.66666567042 0.504673820285 0.66666567042 0.504673820285 0.699990137153
369125545 0.672895793167 0.699990137153 0.747665065268 0.699990137153 0.747665065268 0.66666567042
369125546 0.747665065268 0.66666567042 0.672895793167 0.66666567042 0.672895793167 0.699990137153
369125549 0.841121716868 0.699990137153 0.915887038149 0.699990137153 0.915887038149 0.66666567042
369125550 0.915887038149 0.66666567042 0.841121716868 0.66666567042 0.841121716868 0.699990137153
369125557 0.504673820285 0.66666567042 0.579439141566 0.66666567042 0.579439141566 0.633341203686
369125558 0.579439141566 0.633341203686 0.504673820285 0.633341203686 0.504673820285 0.66666567042
369125561 0.672895793167 0.66666567042 0.747665065268 0.66666567042 0.747665065268 0.633341203686
369125562 0.747665065268 0.633341203686 0.672895793167 0.633341203686 0.672895793167 0.66666567042
369125565 0.841121716868 0.66666567042 0.915887038149 0.66666567042 0.915887038149 0.633341203686
369125566 0.915887038149 0.633341203686 0.841121716868 0.633341203686 0.841121716868 0.66666567042
369125573 0.504673820285 0.633341203686 0.579439141566 0.633341203686 0.579439141566 0.599986849538
369125574 0.579439141566 0.599986849538 0.504673820285 0.599986849538 0.504673820285 0.633341203686
369125577 0.672895793167 0.633341203686 0.747665065268 0.633341203686 0.747665065268 0.599986849538
369125578 0.747665065268 0.599986849538 0.672895793167 0.599986849538 0.672895793167 0.633341203686
369125581 0.841121716868 0.633341203686 0.915887038149 0.633341203686 0.915887038149 0.599986849538
369125582 0.915887038149 0.599986849538 0.841121716868 0.599986849538 0.841121716868 0.633341203686
369125589 0.504673820285 0.599986849538 0.579439141566 0.599986849538 0.579439141566 0.566662382804
369125590 0.579439141566 0.566662382804 0.504673820285 0.566662382804 0.504673820285 0.599986849538
369125593 0.672895793167 0.599986849538 0.747665065268 0.599986849538 0.747665065268 0.566662382804
369125594 0.747665065268 0.566662382804 0.672895793167 0.566662382804 0.672895793167 0.599986849538
369125597 0.841121716868 0.599986849538 0.915887038149 0.599986849538 0.915887038149 0.566662382804
369125598 0.915887038149 0.566662382804 0.841121716868 0.566662382804 0.841121716868 0.599986849538
369125605 0.504673820285 0.566662382804 0.579439141566 0.566662382804 0.579439141566 0.53333791607
369125606 0.579439141566 0.53333791607 0.504673820285 0.53333791607 0.504673820285 0.566662382804
369125609 0.672895793167 0.566662382804 0.747665065268 0.566662382804 0.747665065268 0.53333791607
369125610 0.747665065268 0.53333791607 0.672895793167 0.53333791607 0.672895793167 0.566662382804
369125613 0.841121716868 0.566662382804 0.915887038149 0.566662382804 0.915887038149 0.53333791607
369125614 0.915887038149 0.53333791607 0.841121716868 0.53333791607 0.841121716868 0.566662382804
369125621 0.504673820285 0.53333791607 0.579439141566 0.53333791607 0.579439141566 0.499983561922
369125622 0.579439141566 0.499983561922 0.504673820285 0.499983561922 0.504673820285 0.53333791607
369125625 0.672895793167 0.53333791607 0.747665065268 0.53333791607 0.747665065268 0.499983561922
369125626 0.747665065268 0.499983561922 0.672895793167 0.499983561922 0.672895793167 0.53333791607
369125629 0.841121716868 0.53333791607 0.915887038149 0.53333791607 0.915887038149 0.499983561922
369125630 0.915887038149 0.499983561922 0.841121716868 0.499983561922 0.841121716868 0.53333791607
369125637 0.504673820285 0.499983561922 0.579439141566 0.499983561922 0.579439141566 0.466659095188
369125638 0.579439141566 0.466659095188 0.504673820285 0.466659095188 0.504673820285 0.499983561922
369125641 0.672895793167 0.499983561922 0.747665065268 0.499983561922 0.747665065268 0.466659095188
369125642 0.747665065268 0.466659095188 0.672895793167 0.466659095188 0.672895793167 0.499983561922
369125645 0.841121716868 0.499983561922 0.915887038149 0.499983561922 0.915887038149 0.466659095188
369125646 0.915887038149 0.466659095188 0.841121716868 0.466659095188 0.841121716868 0.499983561922
369125653 0.504673820285 0.466659095188 0.579439141566 0.466659095188 0.579439141566 0.433328650972
369125654 0.579439141566 0.433328650972 0.504673820285 0.433328650972 0.504673820285 0.466659095188
369125657 0.672895793167 0.466659095188 0.747665065268 0.466659095188 0.747665065268 0.433328650972
369125658 0.747665065268 0.433328650972 0.672895793167 0.433328650972 0.672895793167 0.466659095188
369125661 0.841121716868 0.466659095188 0.915887038149 0.466659095188 0.915887038149 0.433328650972
369125662 0.915887038149 0.433328650972 0.841121716868 0.433328650972 0.841121716868 0.466659095188
369125669 0.504673820285 0.433328650972 0.579439141566 0.433328650972 0.579439141566 0.399995218014
369125670 0.579439141566 0.399995218014 0.504673820285 0.399995218014 0.504673820285 0.433328650972
369125673 0.672895793167 0.433328650972 0.747665065268 0.433328650972 0.747665065268 0.399995218014
369125674 0.747665065268 0.399995218014 0.672895793167 0.399995218014 0.672895793167 0.433328650972
369125677 0.841121716868 0.433328650972 0.915887038149 0.433328650972 0.915887038149 0.399995218014
369125678 0.915887038149 0.399995218014 0.841121716868 0.399995218014 0.841121716868 0.433328650972
369125685 0.504673820285 0.399995218014 0.579439141566 0.399995218014 0.579439141566 0.366661785056
369125686 0.579439141566 0.366661785056 0.504673820285 0.366661785056 0.504673820285 0.399995218014
369125689 0.672895793167 0.399995218014 0.747665065268 0.399995218014 0.747665065268 0.366661785056
369125690 0.747665065268 0.366661785056 0.672895793167 0.366661785056 0.672895793167 0.399995218014
369125693 0.841121716868 0.399995218014 0.915887038149 0.399995218014 0.915887038149 0.366661785056
369125694 0.915887038149 0.366661785056 0.841121716868 0.366661785056 0.841121716868 0.399995218014
369125701 0.504673820285 0.366661785056 0.579439141566 0.366661785056 0.579439141566 0.333331340839
369125702 0.579439141566 0.333331340839 0.504673820285 0.333331340839 0.504673820285 0.366661785056
369125705 0.672895793167 0.366661785056 0.747665065268 0.366661785056 0.747665065268 0.333331340839
369125706 0.747665065268 0.333331340839 0.672895793167 0.333331340839 0.672895793167 0.366661785056
369125709 0.841121716868 0.366661785056 0.915887038149 0.366661785056 0.915887038149 0.333331340839
369125710 0.915887038149 0.333331340839 0.841121716868 0.333331340839 0.841121716868 0.366661785056
369125717 0.504673820285 0.333331340839 0.579439141566 0.333331340839 0.579439141566 0.299997907881
369125718 0.579439141566 0.299997907881 0.504673820285 0.299997907881 0.504673820285 0.333331340839
369125721 0.672895793167 0.333331340839 0.747665065268 0.333331340839 0.747665065268 0.299997907881
369125722 0.747665065268 0.299997907881 0.672895793167 0.299997907881 0.672895793167 0.333331340839
369125725 0.841121716868 0.333331340839 0.915887038149 0.333331340839 0.915887038149 0.299997907881
369125726 0.915887038149 0.299997907881 0.841121716868 0.299997907881 0.841121716868 0.333331340839
369125733 0.504673820285 0.299997907881 0.579439141566 0.299997907881 0.579439141566 0.266664474923
369125734 0.579439141566 0.266664474923 0.504673820285 0.266664474923 0.504673820285 0.299997907881
369125737 0.672895793167 0.299997907881 0.747665065268 0.299997907881 0.747665065268 0.266664474923
369125738 0.747665065268 0.266664474923 0.672895793167 0.266664474923 0.672895793167 0.299997907881
369125741 0.841121716868 0.299997907881 0.915887038149 0.299997907881 0.915887038149 0.266664474923
369125742 0.915887038149 0.266664474923 0.841121716868 0.266664474923 0.841121716868 0.299997907881
369125749 0.504673820285 0.266664474923 0.579439141566 0.266664474923 0.579439141566 0.233331041965
369125750 0.579439141566 0.233331041965 0.504673820285 0.233331041965 0.504673820285 0.266664474923
369125753 0.672895793167 0.266664474923 0.747665065268 0.266664474923 0.747665065268 0.233331041965
369125754 0.747665065268 0.233331041965 0.672895793167 0.233331041965 0.672895793167 0.266664474923
369125757 0.841121716868 0.266664474923 0.915887038149 0.266664474923 0.915887038149 0.233331041965
369125758 0.915887038149 0.233331041965 0.841121716868 0.233331041965 0.841121716868 0.266664474923
369125765 0.504673820285 0.233331041965 0.579439141566 0.233331041965 0.579439141566 0.199997609007
369125766 0.579439141566 0.199997609007 0.504673820285 0.199997609007 0.504673820285 0.233331041965
369125769 0.672895793167 0.233331041965 0.747665065268 0.233331041965 0.747665065268 0.199997609007
369125770 0.747665065268 0.199997609007 0.672895793167 0.199997609007 0.672895793167 0.233331041965
369125773 0.841121716868 0.233331041965 0.915887038149 0.233331041965 0.915887038149 0.199997609007
369125774 0.915887038149 0.199997609007 0.841121716868 0.199997609007 0.841121716868 0.233331041965
369125781 0.504673820285 0.199997609007 0.579439141566 0.199997609007 0.579439141566 0.16666716479
369125782 0.579439141566 0.16666716479 0.504673820285 0.16666716479 0.504673820285 0.199997609007
369125785 0.672895793167 0.199997609007 0.747665065268 0.199997609007 0.747665065268 0.16666716479
369125786 0.747665065268 0.16666716479 0.672895793167 0.16666716479 0.672895793167 0.199997609007
369125789 0.841121716868 0.199997609007 0.915887038149 0.199997609007 0.915887038149 0.16666716479
369125790 0.915887038149 0.16666716479 0.841121716868 0.16666716479 0.841121716868 0.199997609007
369125797 0.504673820285 0.16666716479 0.579439141566 0.16666716479 0.579439141566 0.133333731832
369125798 0.579439141566 0.133333731832 0.504673820285 0.133333731832 0.504673820285 0.16666716479
369125801 0.672895793167 0.16666716479 0.747665065268 0.16666716479 0.747665065268 0.133333731832
369125802 0.747665065268 0.133333731832 0.672895793167 0.133333731832 0.672895793167 0.16666716479
369125805 0.841121716868 0.16666716479 0.915887038149 0.16666716479 0.915887038149 0.133333731832
369125806 0.915887038149 0.133333731832 0.841121716868 0.133333731832 0.841121716868 0.16666716479
369125813 0.504673820285 0.133333731832 0.579439141566 0.133333731832 0.579439141566 0.100000298874
369125814 0.579439141566 0.100000298874 0.504673820285 0.100000298874 0.504673820285 0.133333731832
369125817 0.672895793167 0.133333731832 0.747665065268 0.133333731832 0.747665065268 0.100000298874
369125818 0.747665065268 0.100000298874 0.672895793167 0.100000298874 0.672895793167 0.133333731832
369125821 0.841121716868 0.133333731832 0.915887038149 0.133333731832 0.915887038149 0.100000298874
369125822 0.915887038149 0.100000298874 0.841121716868 0.100000298874 0.841121716868 0.133333731832
369125829 0.504673820285 0.100000298874 0.579439141566 0.100000298874 0.579439141566 0.0666668659161
369125830 0.579439141566 0.0666668659161 0.504673820285 0.0666668659161 0.504673820285 0.100000298874
369125833 0.672895793167 0.100000298874 0.747665065268 0.100000298874 0.747665065268 0.0666668659161
369125834 0.747665065268 0.0666668659161 0.672895793167 0.0666668659161 0.672895793167 0.100000298874
369125837 0.841121716868 0.100000298874 0.915887038149 0.100000298874 0.915887038149 0.0666668659161
369125838 0.915887038149 0.0666668659161 0.841121716868 0.0666668659161 0.841121716868 0.100000298874
369125845 0.504673820285 0.0666668659161 0.579439141566 0.0666668659161 0.579439141566 0.033333432958
369125846 0.579439141566 0.033333432958 0.504673820285 0.033333432958 0.504673820285 0.0666668659161
369125849 0.672895793167 0.0666668659161 0.747665065268 0.0666668659161 0.747665065268 0.033333432958
369125850 0.747665065268 0.033333432958 0.672895793167 0.033333432958 0.672895793167 0.0666668659161
369125853 0.841121716868 0.0666668659161 0.915887038149 0.0666668659161 0.915887038149 0.033333432958
369125854 0.915887038149 0.033333432958 0.841121716868 0.033333432958 0.841121716868 0.0666668659161
369125861 0.504673820285 0.033333432958 0.579439141566 0.033333432958 0.579439141566 0.0
369125862 0.579439141566 0.0 0.504673820285 0.0 0.504673820285 0.033333432958
369125865 0.672895793167 0.033333432958 0.747665065268 0.033333432958 0.747665065268 0.0
369125866 0.747665065268 0.0 0.672895793167 0.0 0.672895793167 0.033333432958
369125869 0.841121716868 0.033333432958 0.915887038149 0.033333432958 0.915887038149 0.0
369125870 0.915887038149 0.0 0.841121716868 0.0 0.841121716868 0.033333432958
