# Xscale/Yscale
# 53.38/12.0
303042564 0.0 0.0 0.121393780442 0.0 0.121393780442 0.0833333333333 0.0 0.0833333333333
303042568 0.125515174223 0.0 0.246908954665 0.0 0.246908954665 0.0833333333333 0.125515174223 0.0833333333333
303042572 0.251030348445 0.0 0.372424128887 0.0 0.372424128887 0.0833333333333 0.251030348445 0.0833333333333
303042576 0.376545522668 0.0 0.49793930311 0.0 0.49793930311 0.0833333333333 0.376545522668 0.0833333333333
303042580 0.50206069689 0.0 0.623454477332 0.0 0.623454477332 0.0833333333333 0.50206069689 0.0833333333333
303042584 0.627575871113 0.0 0.748969651555 0.0 0.748969651555 0.0833333333333 0.627575871113 0.0833333333333
303042588 0.753091045335 0.0 0.874484825777 0.0 0.874484825777 0.0833333333333 0.753091045335 0.0833333333333
303042592 0.878606219558 0.0 1.0 0.0 1.0 0.0833333333333 0.878606219558 0.0833333333333
303046660 0.0 0.0833333333333 0.121393780442 0.0833333333333 0.121393780442 0.166666666667 0.0 0.166666666667
303046664 0.125515174223 0.0833333333333 0.246908954665 0.0833333333333 0.246908954665 0.166666666667 0.125515174223 0.166666666667
303046668 0.251030348445 0.0833333333333 0.372424128887 0.0833333333333 0.372424128887 0.166666666667 0.251030348445 0.166666666667
303046672 0.376545522668 0.0833333333333 0.49793930311 0.0833333333333 0.49793930311 0.166666666667 0.376545522668 0.166666666667
303046676 0.50206069689 0.0833333333333 0.623454477332 0.0833333333333 0.623454477332 0.166666666667 0.50206069689 0.166666666667
303046680 0.627575871113 0.0833333333333 0.748969651555 0.0833333333333 0.748969651555 0.166666666667 0.627575871113 0.166666666667
303046684 0.753091045335 0.0833333333333 0.874484825777 0.0833333333333 0.874484825777 0.166666666667 0.753091045335 0.166666666667
303046688 0.878606219558 0.0833333333333 1.0 0.0833333333333 1.0 0.166666666667 0.878606219558 0.166666666667
303050756 0.0 0.166666666667 0.121393780442 0.166666666667 0.121393780442 0.25 0.0 0.25
303050760 0.125515174223 0.166666666667 0.246908954665 0.166666666667 0.246908954665 0.25 0.125515174223 0.25
303050764 0.251030348445 0.166666666667 0.372424128887 0.166666666667 0.372424128887 0.25 0.251030348445 0.25
303050768 0.376545522668 0.166666666667 0.49793930311 0.166666666667 0.49793930311 0.25 0.376545522668 0.25
303050772 0.50206069689 0.166666666667 0.623454477332 0.166666666667 0.623454477332 0.25 0.50206069689 0.25
303050776 0.627575871113 0.166666666667 0.748969651555 0.166666666667 0.748969651555 0.25 0.627575871113 0.25
303050780 0.753091045335 0.166666666667 0.874484825777 0.166666666667 0.874484825777 0.25 0.753091045335 0.25
303050784 0.878606219558 0.166666666667 1.0 0.166666666667 1.0 0.25 0.878606219558 0.25
303054852 0.0 0.25 0.121393780442 0.25 0.121393780442 0.333333333333 0.0 0.333333333333
303054856 0.125515174223 0.25 0.246908954665 0.25 0.246908954665 0.333333333333 0.125515174223 0.333333333333
303054860 0.251030348445 0.25 0.372424128887 0.25 0.372424128887 0.333333333333 0.251030348445 0.333333333333
303054864 0.376545522668 0.25 0.49793930311 0.25 0.49793930311 0.333333333333 0.376545522668 0.333333333333
303054868 0.50206069689 0.25 0.623454477332 0.25 0.623454477332 0.333333333333 0.50206069689 0.333333333333
303054872 0.627575871113 0.25 0.748969651555 0.25 0.748969651555 0.333333333333 0.627575871113 0.333333333333
303054876 0.753091045335 0.25 0.874484825777 0.25 0.874484825777 0.333333333333 0.753091045335 0.333333333333
303054880 0.878606219558 0.25 1.0 0.25 1.0 0.333333333333 0.878606219558 0.333333333333
303058948 0.0 0.333333333333 0.121393780442 0.333333333333 0.121393780442 0.416666666667 0.0 0.416666666667
303058952 0.125515174223 0.333333333333 0.246908954665 0.333333333333 0.246908954665 0.416666666667 0.125515174223 0.416666666667
303058956 0.251030348445 0.333333333333 0.372424128887 0.333333333333 0.372424128887 0.416666666667 0.251030348445 0.416666666667
303058960 0.376545522668 0.333333333333 0.49793930311 0.333333333333 0.49793930311 0.416666666667 0.376545522668 0.416666666667
303058964 0.50206069689 0.333333333333 0.623454477332 0.333333333333 0.623454477332 0.416666666667 0.50206069689 0.416666666667
303058968 0.627575871113 0.333333333333 0.748969651555 0.333333333333 0.748969651555 0.416666666667 0.627575871113 0.416666666667
303058972 0.753091045335 0.333333333333 0.874484825777 0.333333333333 0.874484825777 0.416666666667 0.753091045335 0.416666666667
303058976 0.878606219558 0.333333333333 1.0 0.333333333333 1.0 0.416666666667 0.878606219558 0.416666666667
303063044 0.0 0.416666666667 0.121393780442 0.416666666667 0.121393780442 0.5 0.0 0.5
303063048 0.125515174223 0.416666666667 0.246908954665 0.416666666667 0.246908954665 0.5 0.125515174223 0.5
303063052 0.251030348445 0.416666666667 0.372424128887 0.416666666667 0.372424128887 0.5 0.251030348445 0.5
303063056 0.376545522668 0.416666666667 0.49793930311 0.416666666667 0.49793930311 0.5 0.376545522668 0.5
303063060 0.50206069689 0.416666666667 0.623454477332 0.416666666667 0.623454477332 0.5 0.50206069689 0.5
303063064 0.627575871113 0.416666666667 0.748969651555 0.416666666667 0.748969651555 0.5 0.627575871113 0.5
303063068 0.753091045335 0.416666666667 0.874484825777 0.416666666667 0.874484825777 0.5 0.753091045335 0.5
303063072 0.878606219558 0.416666666667 1.0 0.416666666667 1.0 0.5 0.878606219558 0.5
303067140 0.0 0.5 0.121393780442 0.5 0.121393780442 0.583333333333 0.0 0.583333333333
303067144 0.125515174223 0.5 0.246908954665 0.5 0.246908954665 0.583333333333 0.125515174223 0.583333333333
303067148 0.251030348445 0.5 0.372424128887 0.5 0.372424128887 0.583333333333 0.251030348445 0.583333333333
303067152 0.376545522668 0.5 0.49793930311 0.5 0.49793930311 0.583333333333 0.376545522668 0.583333333333
303067156 0.50206069689 0.5 0.623454477332 0.5 0.623454477332 0.583333333333 0.50206069689 0.583333333333
303067160 0.627575871113 0.5 0.748969651555 0.5 0.748969651555 0.583333333333 0.627575871113 0.583333333333
303067164 0.753091045335 0.5 0.874484825777 0.5 0.874484825777 0.583333333333 0.753091045335 0.583333333333
303067168 0.878606219558 0.5 1.0 0.5 1.0 0.583333333333 0.878606219558 0.583333333333
303071236 0.0 0.583333333333 0.121393780442 0.583333333333 0.121393780442 0.666666666667 0.0 0.666666666667
303071240 0.125515174223 0.583333333333 0.246908954665 0.583333333333 0.246908954665 0.666666666667 0.125515174223 0.666666666667
303071244 0.251030348445 0.583333333333 0.372424128887 0.583333333333 0.372424128887 0.666666666667 0.251030348445 0.666666666667
303071248 0.376545522668 0.583333333333 0.49793930311 0.583333333333 0.49793930311 0.666666666667 0.376545522668 0.666666666667
303071252 0.50206069689 0.583333333333 0.623454477332 0.583333333333 0.623454477332 0.666666666667 0.50206069689 0.666666666667
303071256 0.627575871113 0.583333333333 0.748969651555 0.583333333333 0.748969651555 0.666666666667 0.627575871113 0.666666666667
303071260 0.753091045335 0.583333333333 0.874484825777 0.583333333333 0.874484825777 0.666666666667 0.753091045335 0.666666666667
303071264 0.878606219558 0.583333333333 1.0 0.583333333333 1.0 0.666666666667 0.878606219558 0.666666666667
303075332 0.0 0.666666666667 0.121393780442 0.666666666667 0.121393780442 0.75 0.0 0.75
303075336 0.125515174223 0.666666666667 0.246908954665 0.666666666667 0.246908954665 0.75 0.125515174223 0.75
303075340 0.251030348445 0.666666666667 0.372424128887 0.666666666667 0.372424128887 0.75 0.251030348445 0.75
303075344 0.376545522668 0.666666666667 0.49793930311 0.666666666667 0.49793930311 0.75 0.376545522668 0.75
303075348 0.50206069689 0.666666666667 0.623454477332 0.666666666667 0.623454477332 0.75 0.50206069689 0.75
303075352 0.627575871113 0.666666666667 0.748969651555 0.666666666667 0.748969651555 0.75 0.627575871113 0.75
303075356 0.753091045335 0.666666666667 0.874484825777 0.666666666667 0.874484825777 0.75 0.753091045335 0.75
303075360 0.878606219558 0.666666666667 1.0 0.666666666667 1.0 0.75 0.878606219558 0.75
303079428 0.0 0.75 0.121393780442 0.75 0.121393780442 0.833333333333 0.0 0.833333333333
303079432 0.125515174223 0.75 0.246908954665 0.75 0.246908954665 0.833333333333 0.125515174223 0.833333333333
303079436 0.251030348445 0.75 0.372424128887 0.75 0.372424128887 0.833333333333 0.251030348445 0.833333333333
303079440 0.376545522668 0.75 0.49793930311 0.75 0.49793930311 0.833333333333 0.376545522668 0.833333333333
303079444 0.50206069689 0.75 0.623454477332 0.75 0.623454477332 0.833333333333 0.50206069689 0.833333333333
303079448 0.627575871113 0.75 0.748969651555 0.75 0.748969651555 0.833333333333 0.627575871113 0.833333333333
303079452 0.753091045335 0.75 0.874484825777 0.75 0.874484825777 0.833333333333 0.753091045335 0.833333333333
303079456 0.878606219558 0.75 1.0 0.75 1.0 0.833333333333 0.878606219558 0.833333333333
303083524 0.0 0.833333333333 0.121393780442 0.833333333333 0.121393780442 0.916666666667 0.0 0.916666666667
303083528 0.125515174223 0.833333333333 0.246908954665 0.833333333333 0.246908954665 0.916666666667 0.125515174223 0.916666666667
303083532 0.251030348445 0.833333333333 0.372424128887 0.833333333333 0.372424128887 0.916666666667 0.251030348445 0.916666666667
303083536 0.376545522668 0.833333333333 0.49793930311 0.833333333333 0.49793930311 0.916666666667 0.376545522668 0.916666666667
303083540 0.50206069689 0.833333333333 0.623454477332 0.833333333333 0.623454477332 0.916666666667 0.50206069689 0.916666666667
303083544 0.627575871113 0.833333333333 0.748969651555 0.833333333333 0.748969651555 0.916666666667 0.627575871113 0.916666666667
303083548 0.753091045335 0.833333333333 0.874484825777 0.833333333333 0.874484825777 0.916666666667 0.753091045335 0.916666666667
303083552 0.878606219558 0.833333333333 1.0 0.833333333333 1.0 0.916666666667 0.878606219558 0.916666666667
303087620 0.0 0.916666666667 0.121393780442 0.916666666667 0.121393780442 1.0 0.0 1.0
303087624 0.125515174223 0.916666666667 0.246908954665 0.916666666667 0.246908954665 1.0 0.125515174223 1.0
303087628 0.251030348445 0.916666666667 0.372424128887 0.916666666667 0.372424128887 1.0 0.251030348445 1.0
303087632 0.376545522668 0.916666666667 0.49793930311 0.916666666667 0.49793930311 1.0 0.376545522668 1.0
303087636 0.50206069689 0.916666666667 0.623454477332 0.916666666667 0.623454477332 1.0 0.50206069689 1.0
303087640 0.627575871113 0.916666666667 0.748969651555 0.916666666667 0.748969651555 1.0 0.627575871113 1.0
303087644 0.753091045335 0.916666666667 0.874484825777 0.916666666667 0.874484825777 1.0 0.753091045335 1.0
303087648 0.878606219558 0.916666666667 1.0 0.916666666667 1.0 1.0 0.878606219558 1.0
