# Xscale/Yscale
# 142.51/242.25
470339877 0.466072556312 0.61044375645 0.458353799733 0.639587203302 0.430566276051 0.628028895769
470339878 0.430566276051 0.628028895769 0.445652936636 0.601981424149 0.466072556312 0.61044375645
470339909 0.454143568872 0.650072239422 0.446144130236 0.680247678019 0.410497508947 0.665469556244
470339910 0.410427338432 0.665428276574 0.426075363132 0.638431372549 0.454073398358 0.650072239422
470339940 0.451757771384 0.684004127967 0.442705775033 0.721898864809 0.415690127009 0.71310629515 0.43070661708 0.677151702786
470339944 0.423549224616 0.674179566563 0.408673075574 0.710216718266 0.383411690408 0.697296181631 0.403831310084 0.664107327141
470339972 0.44249526349 0.735892672859 0.433583608168 0.775356037152 0.409515121746 0.768462332301 0.422987860501 0.730237358101
470339976 0.416462002666 0.727966976264 0.40312960494 0.766191950464 0.380043505719 0.756615067079 0.397656304821 0.720165118679
470339980 0.391411129044 0.717192982456 0.373868500456 0.753684210526 0.352045470493 0.741547987616 0.373657988913 0.707327141383
470340005 0.448389586696 0.786625386997 0.440319977545 0.837812177503 0.399340397165 0.827987616099
470340006 0.399480738194 0.827987616099 0.41554978598 0.778740970072 0.44845975721 0.786625386997
470340009 0.404111992141 0.775067079463 0.388113114869 0.82439628483 0.349238649919 0.808255933953
470340010 0.349378990948 0.808297213622 0.37295628377 0.762146542828 0.40425233317 0.775108359133
470340013 0.362290365588 0.756656346749 0.338783243281 0.802848297214 0.302855939934 0.78080495356
470340014 0.302996280963 0.7808875129 0.333520454705 0.738988648091 0.362360536103 0.756697626419
470340036 0.416953196267 0.841031991744 0.40263841134 0.904107327141 0.367272472107 0.89395252838 0.388744649498 0.832899896801
470340040 0.379201459547 0.82955624355 0.357939793699 0.890650154799 0.323977264753 0.87657378741 0.352115641008 0.818328173375
470340044 0.343063644657 0.81399380805 0.315065609431 0.872280701754 0.282927513859 0.854489164087 0.317381236404 0.799793601651
470340068 0.412041260262 0.919174406605 0.398077327907 0.989680082559 0.368114518279 0.982456140351 0.387692091783 0.913312693498
470340072 0.379482141604 0.911001031992 0.359974738615 0.980185758514 0.330643463617 0.970650154799 0.355624166725 0.903240454076
470340076 0.347554557575 0.900268317853 0.322714195495 0.967719298246 0.294224966669 0.955913312693 0.324398287839 0.890650154799
470340080 0.316609360747 0.887058823529 0.286576380605 0.952363261094 0.25906953898 0.938328173375 0.294295137183 0.875665634675
470340084 0.286786892148 0.871496388029 0.251701634973 0.934241486068 0.225387692092 0.918101135191 0.265455055786 0.858369453044
470340133 0.397866816364 0.554220846233 0.371763385026 0.569287925697 0.360325591187 0.541465428277
470340134 0.360325591187 0.541424148607 0.389516525156 0.533787409701 0.397866816364 0.554220846233
470340165 0.361237807873 0.57391124871 0.334222159848 0.58951496388 0.319556522349 0.553808049536
470340166 0.319486351835 0.553725490196 0.349659673005 0.545799793602 0.361237807873 0.57382868937
470340196 0.33569574065 0.596078431373 0.302505087362 0.616429308566 0.289663883236 0.591083591331 0.325661357098 0.576305469556
470340200 0.322714195495 0.569246646027 0.286716721634 0.584148606811 0.278015577854 0.557069143447 0.315907655603 0.548152734778
470340228 0.292540874325 0.626212590299 0.258227492808 0.647760577915 0.246158164339 0.625841073271 0.282717002316 0.608379772962
470340232 0.279699670199 0.602187822497 0.243211002737 0.619772961816 0.233667812785 0.596656346749 0.271910743106 0.583405572755
470340236 0.269595116132 0.576883384933 0.231422356326 0.590216718266 0.22454564592 0.566191950464 0.263981474984 0.557316821465
470340261 0.26068346081 0.666253869969 0.218721493229 0.696718266254 0.196828292751 0.660763673891
470340262 0.196898463266 0.6608875129 0.243070661708 0.637481940144 0.260753631324 0.666377708978
470340265 0.237667532103 0.626790505676 0.191495333661 0.650319917441 0.175426285875 0.611393188854
470340266 0.175426285875 0.611517027864 0.224826327977 0.595624355005 0.237737702617 0.626914344685
470340269 0.221037120202 0.584231166151 0.171777419128 0.600206398349 0.162023717634 0.559215686275
470340270 0.162023717634 0.559339525284 0.213248193109 0.55137254902 0.221107290716 0.58431372549
470340292 0.199985965897 0.682476780186 0.145252964704 0.716904024768 0.127499824574 0.684747162023 0.185811521998 0.656800825593
470340296 0.181460950109 0.647760577915 0.123149252684 0.675830753354 0.109185320328 0.641898864809 0.170303838327 0.620681114551
470340300 0.166935653638 0.611145510836 0.105887306154 0.632528379773 0.0957125815732 0.597192982456 0.158866044488 0.582951496388
470340324 0.141393586415 0.734282765738 0.0816784787032 0.774241486068 0.0655392604028 0.74790505676 0.128341870746 0.712899896801
470340328 0.124131639885 0.705469556244 0.0613992000561 0.740598555212 0.0474352677005 0.71306501548 0.11276401656 0.683095975232
470340332 0.109185320328 0.675294117647 0.0438565714687 0.705386996904 0.0321380955722 0.676862745098 0.0995719598625 0.65209494324
470340336 0.0966247982598 0.644169246646 0.0291909339695 0.669019607843 0.0197179145323 0.639669762642 0.0889060416813 0.620309597523
470340340 0.0865202441934 0.611971104231 0.0173321170444 0.631455108359 0.0101747245807 0.601444788442 0.0806960915024 0.587574819401
470340389 0.389376184127 0.466253869969 0.360325591187 0.458410732714 0.371903726054 0.430670794634
470340390 0.371903726054 0.430670794634 0.397936986878 0.445861713106 0.389376184127 0.466253869969
470340421 0.34972984352 0.454282765738 0.319556522349 0.446233230134 0.334432671391 0.410567595459
470340422 0.334432671391 0.41048503612 0.361378148902 0.426253869969 0.34972984352 0.454241486068
470340452 0.315907655603 0.451929824561 0.278015577854 0.442807017544 0.286857062662 0.415810113519 0.322784366009 0.430835913313
470340456 0.325731527612 0.423694530444 0.289734053751 0.40875128999 0.302715598905 0.383488132095 0.335836081678 0.403962848297
470340484 0.264051645499 0.442559339525 0.224615816434 0.433560371517 0.231562697355 0.409535603715 0.269735457161 0.423034055728
470340488 0.271910743106 0.416553147575 0.233737983299 0.403137254902 0.243351343765 0.380061919505 0.279769840713 0.397770897833
470340492 0.282717002316 0.391496388029 0.246298505368 0.37391124871 0.258438004351 0.352074303406 0.292611044839 0.373704850361
470340517 0.213178022595 0.448379772962 0.162023717634 0.440206398349 0.171917760157 0.399298245614
470340518 0.171917760157 0.399422084623 0.221107290716 0.415562435501 0.213178022595 0.448503611971
470340521 0.224756157463 0.404169246646 0.175496456389 0.388111455108 0.191705845204 0.349226006192
470340522 0.191635674689 0.349349845201 0.237737702617 0.373044375645 0.224756157463 0.404293085655
470340525 0.243140832222 0.362311661507 0.19696863378 0.338740970072 0.2190723458 0.302868937049
470340526 0.219002175286 0.302992776058 0.260823801838 0.333581011352 0.243070661708 0.362394220846
470340548 0.158866044488 0.416800825593 0.0957827520876 0.402352941176 0.106027647183 0.367058823529 0.167075994667 0.388648090815
470340552 0.170303838327 0.37919504644 0.109255490843 0.357812177503 0.123359764227 0.323880288958 0.181531120623 0.352156862745
470340556 0.185951863027 0.342992776058 0.127640165602 0.314881320949 0.145463476247 0.282765737874 0.200126306926 0.317358101135
470340580 0.080625920988 0.412012383901 0.0101747245807 0.397936016512 0.0174022875588 0.367966976264 0.0865202441934 0.387657378741
470340584 0.0888358711669 0.379442724458 0.019647744018 0.35991744066 0.0292611044839 0.330567595459 0.0966247982598 0.355624355005
470340588 0.0995719598625 0.347574819401 0.0321380955722 0.322641898865 0.0439969124974 0.294158926729 0.109185320328 0.324416924665
470340592 0.112693846046 0.316656346749 0.0474352677005 0.286522187822 0.0614693705705 0.259029927761 0.124131639885 0.294324045408
470340596 0.128271700232 0.286811145511 0.0656094309171 0.251682146543 0.0817486492176 0.225386996904 0.141463756929 0.265469556244
470340645 0.445793277665 0.397977296182 0.430776787594 0.371847265222 0.458564311276 0.360454076367
470340646 0.458564311276 0.360454076367 0.466212897341 0.38959752322 0.445793277665 0.397977296182
470340677 0.426005192618 0.361362229102 0.410357167918 0.334365325077 0.446073959722 0.319628482972
470340678 0.446144130236 0.319628482972 0.454143568872 0.349803921569 0.426075363132 0.361362229102
470340708 0.403831310084 0.335810113519 0.383481860922 0.30257997936 0.408883587117 0.289742002064 0.42361939513 0.325779153767
470340712 0.43070661708 0.322807017544 0.415830468037 0.286811145511 0.442846116062 0.278101135191 0.451827941899 0.315995872033
470340740 0.373728159427 0.292466460268 0.352185811522 0.258204334365 0.374079011999 0.246150670795 0.391551470072 0.282683178535
470340744 0.397656304821 0.279711042312 0.380113676233 0.243219814241 0.403199775454 0.233684210526 0.416462002666 0.271950464396
470340748 0.422987860501 0.26959752322 0.409655462775 0.231413828689 0.433653778682 0.224520123839 0.442565434005 0.264024767802
470340773 0.333660795734 0.260722394221 0.303206792506 0.218782249742 0.339134095853 0.196821465428
470340774 0.339063925339 0.196904024768 0.362430706617 0.243137254902 0.333520454705 0.26080495356
470340777 0.373096624798 0.237688338493 0.349589502491 0.191496388029 0.388534137955 0.175438596491
470340778 0.388393796927 0.175479876161 0.40425233317 0.224809081527 0.37295628377 0.237729618163
470340781 0.415760297523 0.221052631579 0.399691249737 0.171764705882 0.440670830117 0.161981424149
470340782 0.440530489088 0.162022703818 0.448529927724 0.213209494324 0.415619956494 0.221093911249
470340804 0.317521577433 0.20004127967 0.283067854887 0.145263157895 0.315276120974 0.127554179567 0.343203985685 0.185923632611
470340808 0.352255982036 0.181506707946 0.324117605782 0.123219814241 0.358080134727 0.109226006192 0.379341800575 0.170319917441
470340812 0.388814820013 0.16697626419 0.367412813136 0.105923632611 0.402778752368 0.0957688338493 0.417023366781 0.158885448916
470340836 0.265595396814 0.141547987616 0.225668374149 0.0817750257998 0.25198231703 0.0656759545924 0.286997403691 0.128462332301
470340840 0.294505648726 0.124251805986 0.259350221037 0.0615479876161 0.286927233177 0.0475541795666 0.316890042804 0.112899896801
470340844 0.324608799382 0.109308565531 0.294505648726 0.044004127967 0.323065048067 0.0322394220846 0.347835239632 0.0997316821465
470340848 0.355834678268 0.0967182662539 0.330994316188 0.0293085655315 0.360325591187 0.0197729618163 0.379692653147 0.0889989680083
470340852 0.387902603326 0.0866873065015 0.368395200337 0.0175025799794 0.398428180479 0.0103199174407 0.41232194232 0.0808255933953
470340901 0.533787102659 0.38955624355 0.541505859238 0.360412796698 0.56929338292 0.371929824561
470340902 0.56929338292 0.371929824561 0.554206722335 0.398018575851 0.533787102659 0.38955624355
470340933 0.545716090099 0.349762641899 0.553715528735 0.319587203302 0.589432320539 0.334365325077
470340934 0.589502491053 0.334406604747 0.573854466353 0.361403508772 0.545786260613 0.349762641899
470340964 0.547961546558 0.316078431373 0.556943372395 0.27818369453 0.584029190934 0.28697626419 0.569012700863 0.322930856553
470340968 0.576240263841 0.325944272446 0.591046242369 0.289907120743 0.616377798049 0.302827657379 0.595958178373 0.335975232198
470340996 0.557364395481 0.264066047472 0.566346221318 0.224602683179 0.590344537225 0.231496388029 0.576941968985 0.269680082559
470341000 0.583397656305 0.271950464396 0.596730054031 0.233725490196 0.619816153252 0.243302373581 0.602203354151 0.279752321981
470341004 0.608378359413 0.282765737874 0.625920988001 0.246274509804 0.647814188478 0.258369453044 0.626201670058 0.292590299278
470341029 0.551399901761 0.213250773994 0.559469510912 0.162063983488 0.600449091292 0.171888544892
470341030 0.600308750263 0.171847265222 0.584239702477 0.221135190918 0.551329731247 0.213250773994
470341033 0.59574766683 0.224891640867 0.611676373588 0.175562435501 0.650621009052 0.191702786378
470341034 0.650480668023 0.191661506708 0.626903375202 0.237812177503 0.595607325802 0.224850361197
470341037 0.637569293383 0.243219814241 0.661006245176 0.197027863777 0.696933548523 0.219029927761
470341038 0.696793207494 0.218947368421 0.666339204266 0.26084623323 0.637428952354 0.243178534572
470341060 0.582906462704 0.158926728586 0.597221247632 0.0958101135191 0.63251701635 0.10600619195 0.611115009473 0.167058823529
470341064 0.62058802891 0.17036119711 0.641919865273 0.109267285862 0.675812223704 0.123343653251 0.647673847449 0.181589267286
470341068 0.6567258438 0.18600619195 0.684723879026 0.127636738906 0.716932145113 0.145428276574 0.682408252052 0.200165118679
470341092 0.58767805768 0.0807430340557 0.601641990036 0.0102373581011 0.631674970178 0.0174613003096 0.612097396674 0.086604747162
470341096 0.620377517367 0.0889576883385 0.639814749842 0.0197316821465 0.66914602484 0.0293085655315 0.644165321732 0.0967182662539
470341100 0.652234930882 0.0996904024768 0.677005122448 0.0321981424149 0.705564521788 0.044004127967 0.675391200618 0.109267285862
470341104 0.683109957196 0.112858617131 0.713142937338 0.0475541795666 0.740649778963 0.0615479876161 0.705494351274 0.124251805986
470341108 0.712932425795 0.128421052632 0.747947512455 0.0656759545924 0.774261455336 0.0817750257998 0.734334432671 0.141547987616
470341157 0.601852501579 0.445902992776 0.627885762403 0.430670794634 0.63946389727 0.458452012384
470341158 0.63946389727 0.458452012384 0.610343133815 0.466253869969 0.601852501579 0.445902992776
470341189 0.638411339555 0.42617131063 0.665356817065 0.41044375645 0.680232966108 0.446109391125
470341190 0.680232966108 0.446191950464 0.650059644937 0.454241486068 0.638411339555 0.426253869969
470341220 0.663953406778 0.403962848297 0.697073889552 0.383488132095 0.710055434706 0.408792569659 0.674057960845 0.423694530444
470341224 0.677005122448 0.430877192982 0.712932425795 0.415851393189 0.721773910603 0.442848297214 0.683881832854 0.451929824561
470341252 0.707318784647 0.37382868937 0.741561995649 0.352198142415 0.753631324118 0.374076367389 0.71721282717 0.391620227038
470341256 0.720159988773 0.397812177503 0.75657848572 0.380144478844 0.766121675672 0.403219814241 0.727948915866 0.416594427245
470341260 0.730194372325 0.423157894737 0.768367132131 0.409700722394 0.775314013052 0.433725490196 0.735878183987 0.442724458204
470341285 0.739106027647 0.333787409701 0.780997824714 0.303240454076 0.80303136622 0.33915376677
470341286 0.802961195706 0.339029927761 0.756788997263 0.362559339525 0.739035857133 0.333704850361
470341289 0.762192126868 0.373250773994 0.808364325311 0.34963880289 0.824433373097 0.388565531476
470341290 0.824433373097 0.388441692466 0.775103501509 0.404416924665 0.762121956354 0.373168214654
470341293 0.778752368255 0.415851393189 0.828012069328 0.399752321981 0.837906111852 0.440701754386
470341294 0.837906111852 0.440577915377 0.786681636376 0.44866873065 0.778752368255 0.415768833849
470341316 0.799733352045 0.317605779154 0.854466353238 0.283095975232 0.872219493369 0.315211558308 0.813907795944 0.343240454076
470341320 0.818258367834 0.352363261094 0.876499894744 0.324169246646 0.890604168129 0.358101135191 0.82948565013 0.379442724458
470341324 0.832783664304 0.388978328173 0.893832011789 0.367512899897 0.904006736369 0.402807017544 0.840923443969 0.417172342621
470341348 0.858466072556 0.265717234262 0.918181180268 0.225675954592 0.934320398569 0.252012383901 0.87158795874 0.287100103199
470341352 0.875728019086 0.294571723426 0.938390288401 0.259360165119 0.952424391271 0.286852425181 0.887165812925 0.316904024768
470341356 0.890674338643 0.324705882353 0.955932916988 0.294489164087 0.967791733913 0.323013415893 0.900287699109 0.34786377709
470341360 0.903234860712 0.355913312693 0.970668725002 0.330897832817 0.980211914953 0.360247678019 0.911023787804 0.379731682147
470341364 0.913339414778 0.387987616099 0.982457371413 0.368379772962 0.989684934391 0.398390092879 0.919163567469 0.412383900929
470341413 0.610272963301 0.53386996904 0.63946389727 0.541506707946 0.628026103431 0.569329205366
470341414 0.628026103431 0.569329205366 0.601922672093 0.554303405573 0.610272963301 0.53386996904
470341445 0.650129815452 0.545758513932 0.680303136622 0.553684210526 0.665637499123 0.589391124871
470341446 0.665567328609 0.589473684211 0.638551680584 0.57386996904 0.650059644937 0.545841073271
470341476 0.683811662339 0.548152734778 0.721773910603 0.557069143447 0.713072766823 0.584148606811 0.677075292962 0.569246646027
470341480 0.674057960845 0.576388028896 0.710055434706 0.591166150671 0.69721423058 0.616511867905 0.664023577293 0.596160990712
470341508 0.735808013473 0.557440660475 0.775314013052 0.566357069143 0.768437302645 0.590381836945 0.730194372325 0.577007223942
470341512 0.727878745351 0.583529411765 0.766121675672 0.596780185759 0.756648656235 0.619855521156 0.720159988773 0.602311661507
470341516 0.717142656656 0.608503611971 0.753631324118 0.625964912281 0.741561995649 0.647843137255 0.707318784647 0.626336429309
470341541 0.786471124833 0.551578947368 0.837695600309 0.559587203302 0.827941898814 0.600577915377
470341542 0.827941898814 0.600412796698 0.778682197741 0.58439628483 0.786541295348 0.551496388029
470341545 0.774892989966 0.595789473684 0.824293032068 0.611723426213 0.808153813767 0.650650154799
470341546 0.808223984282 0.650526315789 0.76205178584 0.626996904025 0.77496316048 0.595706914345
470341549 0.75657848572 0.637688338493 0.802750684163 0.661135190918 0.780787313171 0.697048503612
470341550 0.780857483685 0.696924664603 0.738965686618 0.666460268318 0.75657848572 0.637564499484
470341572 0.840993614483 0.583199174407 0.904076906884 0.597440660475 0.893972352817 0.632776057792 0.832924005333 0.611351909185
470341576 0.829555820644 0.62084623323 0.890674338643 0.642063983488 0.876640235773 0.676037151703 0.818328538348 0.647925696594
470341580 0.813977966458 0.656965944272 0.872289663883 0.684912280702 0.854536523753 0.717110423117 0.79980352256 0.682641898865
470341604 0.919093396955 0.58790505676 0.989614763876 0.60181630547 0.982387200898 0.631826625387 0.913199073749 0.612301341589
470341608 0.910883446776 0.620433436533 0.980141744439 0.639793601651 0.970598554487 0.669184726522 0.903164690197 0.644293085655
470341612 0.90014735808 0.652383900929 0.967651392885 0.677151702786 0.955862746474 0.705675954592 0.890604168129 0.675541795666
470341616 0.886955301382 0.683343653251 0.952284050242 0.713353973168 0.938249947372 0.74084623323 0.875587678058 0.705717234262
470341620 0.871377447197 0.71310629515 0.93418005754 0.748111455108 0.918040839239 0.774447884417 0.858325731528 0.734489164087
470341669 0.554066381307 0.601940144479 0.569223212406 0.627946336429 0.541505859238 0.639545923633
470341670 0.541505859238 0.639545923633 0.533646761631 0.61044375645 0.554066381307 0.601940144479
470341701 0.573714125325 0.638513931889 0.589432320539 0.665469556244 0.553785699249 0.680330237358
470341702 0.55364535822 0.680330237358 0.545645919585 0.650196078431 0.57364395481 0.638555211558
470341732 0.595958178373 0.66431372549 0.616377798049 0.69746130031 0.591046242369 0.710381836945 0.576170093327 0.674385964912
470341736 0.569082871377 0.677275541796 0.584099361448 0.713230134159 0.557083713424 0.722022703818 0.548031717072 0.684169246646
470341764 0.626131499544 0.707574819401 0.647744017964 0.741795665635 0.625920988001 0.753890608875 0.608378359413 0.717440660475
470341768 0.602133183636 0.720412796698 0.619745982738 0.756821465428 0.596659883517 0.766398348813 0.58332748579 0.728214654283
470341772 0.57687179847 0.73044375645 0.590344537225 0.768586171311 0.566346221318 0.775562435501 0.557364395481 0.736099071207
470341797 0.666128692723 0.73919504644 0.696652866466 0.781052631579 0.660725563118 0.803095975232
470341798 0.660865904147 0.803054695562 0.63735878184 0.756821465428 0.666198863238 0.7391124871
470341801 0.626622693144 0.762229102167 0.650199985966 0.808379772962 0.611325521016 0.824520123839
470341802 0.611465862045 0.824478844169 0.595466984773 0.775149638803 0.626692863659 0.762187822497
470341805 0.584099361448 0.778864809082 0.600168409234 0.828152734778 0.559258999368 0.837977296182
470341806 0.559329169883 0.837977296182 0.551259560733 0.786749226006 0.584169531963 0.778823529412
470341828 0.682267911024 0.79991744066 0.716791804084 0.854613003096 0.684653708512 0.872404540764 0.656655673286 0.814117647059
470341832 0.647533506421 0.818452012384 0.675742053189 0.876697626419 0.641779524244 0.890773993808 0.620517858396 0.829680082559
470341836 0.61090449793 0.83298245614 0.632376675321 0.894035087719 0.597080906603 0.904189886481 0.582766121676 0.841114551084
470341860 0.734123921128 0.858493292054 0.774191284822 0.9182249742 0.747877341941 0.934365325077 0.712792084766 0.871620227038
470341864 0.705283839731 0.875789473684 0.740509437934 0.938452012384 0.713002596309 0.952487100103 0.682899445653 0.887182662539
470341868 0.675180689074 0.890773993808 0.705354010245 0.955995872033 0.676794610904 0.967843137255 0.651954248825 0.900350877193
470341872 0.643884639674 0.903323013416 0.668865342783 0.970732714138 0.63946389727 0.980268317853 0.620026664795 0.911083591331
470341876 0.611886885131 0.913353973168 0.631464458634 0.98253869969 0.601431478493 0.989762641899 0.587467546137 0.919215686275
470343973 0.525928005052 0.612507739938 0.533857273174 0.641568627451 0.504034804575 0.645572755418
470343974 0.504034804575 0.645572755418 0.504034804575 0.615438596491 0.525928005052 0.612507739938
470343977 0.495965195425 0.615356037152 0.496035365939 0.645490196078 0.466212897341 0.641609907121
470343978 0.466212897341 0.641609907121 0.474071994948 0.612507739938 0.495965195425 0.615356037152
470344005 0.53540102449 0.652961816305 0.543610974668 0.683095975232 0.505297873833 0.688173374613
470344006 0.505227703319 0.688173374613 0.505227703319 0.656965944272 0.535330853975 0.652961816305
470344009 0.494631955652 0.656924664603 0.494702126167 0.688132094943 0.456389025332 0.683137254902
470344010 0.456318854817 0.683095975232 0.464458634482 0.652961816305 0.494491614624 0.656924664603
470344036 0.540593642551 0.685902992776 0.549785979931 0.723756449948 0.521717774191 0.728214654283 0.518700442074 0.689370485036
470344040 0.510981685496 0.689948400413 0.514139358641 0.728792569659 0.48572030033 0.728792569659 0.488807802961 0.689989680083
470344044 0.481159216897 0.689329205366 0.478212055294 0.728173374613 0.450143849554 0.723756449948 0.45926601642 0.685902992776
470344068 0.550487685075 0.737543859649 0.55960985194 0.777007223942 0.534980001403 0.781217750258 0.530418917971 0.740970072239
470344072 0.523612378079 0.741713106295 0.528243632026 0.781919504644 0.503333099432 0.783364293086 0.503333099432 0.742868937049
470344076 0.496386218511 0.742868937049 0.496456389025 0.783323013416 0.471545856431 0.781960784314 0.476106939864 0.741713106295
470344080 0.469300399972 0.74092879257 0.464809487054 0.781176470588 0.440179636517 0.777007223942 0.449231632868 0.737543859649
470344101 0.539470914322 0.788565531476 0.547680864501 0.839711042312 0.505648726405 0.843054695562
470344102 0.505789067434 0.843054695562 0.505859237948 0.791207430341 0.539611255351 0.788524251806
470344105 0.49378990948 0.79128998968 0.493860079994 0.843137254902 0.451827941899 0.839793601651
470344106 0.451968282928 0.839834881321 0.460178233106 0.788648090815 0.493860079994 0.79128998968
470344132 0.573012420181 0.843343653251 0.587537716651 0.906418988648 0.551329731247 0.912569659443 0.544172338783 0.848297213622
470344136 0.534137955231 0.849411764706 0.541435688724 0.913684210526 0.504806680233 0.915748194014 0.504876850747 0.851062951496
470344140 0.494772296681 0.851021671827 0.494842467195 0.915706914345 0.45814328819 0.913684210526 0.465511192197 0.849370485036
470344144 0.455546979159 0.848255933953 0.448389586696 0.912569659443 0.412181601291 0.906418988648 0.426636727247 0.843343653251
470344164 0.579117254929 0.920949432405 0.593221528314 0.991455108359 0.562767525086 0.996284829721 0.554347063364 0.924871001032
470344168 0.545856431128 0.925861713106 0.554417233878 0.997234262126 0.523612378079 0.999669762642 0.520875728019 0.927843137255
470344172 0.512314925268 0.928173374613 0.515191916357 1.0 0.484387060557 1.0 0.487264051645 0.928173374613
470344176 0.478703248895 0.927801857585 0.475966598835 0.999669762642 0.445161743036 0.997234262126 0.453722545786 0.925861713106
470344180 0.44523191355 0.924829721362 0.436811451828 0.996243550052 0.4063574486 0.991413828689 0.420461721984 0.920908152735
470344229 0.43877622623 0.597936016512 0.423759736159 0.624066047472 0.39990176128 0.605737874097
470344230 0.39990176128 0.605737874097 0.421303768157 0.584478844169 0.43877622623 0.597936016512
470344233 0.415479615466 0.578740970072 0.394147779103 0.60004127967 0.375903445372 0.576140350877
470344234 0.375903445372 0.576140350877 0.402077047225 0.561197110423 0.415479615466 0.578740970072
470344261 0.416953196267 0.633188854489 0.401375342081 0.660227038184 0.370780997825 0.636697626419
470344262 0.37071082731 0.636656346749 0.392814539331 0.614654282766 0.416883025753 0.633147574819
470344265 0.385306294295 0.607182662539 0.363272752789 0.629267285862 0.339765630482 0.598637770898
470344266 0.339695459968 0.598555211558 0.366781278507 0.583034055728 0.385236123781 0.607141382869
470344292 0.397305452249 0.660144478844 0.376956003088 0.693374613003 0.354010244895 0.676656346749 0.379341800575 0.647100103199
470344296 0.373517647884 0.642105263158 0.348186092204 0.671744066047 0.3281173251 0.651599587203 0.357869623184 0.626418988648
470344300 0.352817346151 0.620557275542 0.323205389096 0.645861713106 0.30650480668 0.622868937049 0.339835800996 0.602600619195
470344324 0.367833836222 0.703735810114 0.346291488317 0.738039215686 0.325942039155 0.7235500516 0.351203424321 0.691971104231
470344328 0.345870465231 0.687678018576 0.320679250579 0.719339525284 0.302013893762 0.702703818369 0.330713634131 0.674138286894
470344332 0.325801698126 0.669226006192 0.297172128272 0.697832817337 0.280541716371 0.679215686275 0.312258788857 0.654035087719
470344336 0.307978387482 0.64871001032 0.27633148551 0.673931888545 0.261876359554 0.653539731682 0.296189741071 0.632074303406
470344357 0.323836923725 0.732012383901 0.293382920497 0.77395252838 0.261385165953 0.746584107327
470344358 0.261455336468 0.746666666667 0.298154515473 0.710092879257 0.323907094239 0.73209494324
470344361 0.289734053751 0.701547987616 0.253034874746 0.738204334365 0.225738544664 0.70613003096
470344362 0.225808715178 0.706253869969 0.267840853273 0.675872033024 0.289804224265 0.701630546956
470344388 0.308820433654 0.794468524252 0.274436881622 0.849287925697 0.244474071995 0.827987616099 0.28489228826 0.777502579979
470344392 0.277033190653 0.771228070175 0.236755315416 0.821836945304 0.20938881482 0.797316821465 0.25521016069 0.751661506708
470344396 0.248122938741 0.744602683179 0.202371763385 0.790381836945 0.177952424391 0.762972136223 0.228615535752 0.722724458204
470344400 0.222230018946 0.71484004128 0.171707248614 0.755170278638 0.150445582766 0.72515995872 0.205318924988 0.690897832817
470344420 0.258297663322 0.853746130031 0.218370640657 0.913560371517 0.193389937548 0.895397316821 0.238018384675 0.839009287926
470344424 0.231282015297 0.833684210526 0.186793909199 0.890154798762 0.163286786892 0.870092879257 0.212195635394 0.81742002064
470344428 0.205950459617 0.811640866873 0.157181952144 0.864437564499 0.135358922181 0.842600619195 0.188197319486 0.793890608875
470344432 0.18244333731 0.787616099071 0.129604940004 0.836408668731 0.109606343414 0.812961816305 0.16616377798 0.768544891641
470344436 0.16083081889 0.76181630547 0.104343554838 0.806315789474 0.086239562136 0.781341589267 0.146095010876 0.741506707946
470344485 0.387341239211 0.525737874097 0.358220475756 0.533457172343 0.354431267981 0.503611971104
470344486 0.354431267981 0.503611971104 0.384604589152 0.503859649123 0.387341239211 0.525737874097
470344489 0.384464248123 0.495768833849 0.354290926952 0.49568627451 0.358430987299 0.465882352941
470344490 0.358430987299 0.465882352941 0.38748158024 0.473890608875 0.384464248123 0.495768833849
470344517 0.34699319346 0.535356037152 0.31681987229 0.543405572755 0.311907936285 0.505139318885
470344518 0.311907936285 0.505015479876 0.343133815171 0.505221878225 0.34699319346 0.535314757482
470344521 0.342993474142 0.494530443756 0.311767595256 0.494489164087 0.316960213318 0.456222910217
470344522 0.316960213318 0.456140350877 0.347063363974 0.46439628483 0.342993474142 0.494447884417
470344548 0.31408322223 0.540515995872 0.276191144481 0.54955624355 0.271840572591 0.521486068111 0.310715037541 0.518596491228
470344552 0.310013332398 0.510877192982 0.271209037962 0.513890608875 0.271279208477 0.485490196078 0.310083502912 0.48871001032
470344556 0.310644867027 0.481073271414 0.271770402077 0.477977296182 0.27633148551 0.449907120743 0.314153392744 0.45919504644
470344580 0.262437723669 0.550505675955 0.223001894604 0.559463364293 0.218861834257 0.534819401445 0.25906953898 0.53044375645
470344584 0.258297663322 0.523673890609 0.218089958599 0.528173374613 0.216686548312 0.503199174407 0.257174935092 0.503364293086
470344588 0.257104764578 0.496388028896 0.216686548312 0.496346749226 0.218160129114 0.471413828689 0.258297663322 0.476078431373
470344592 0.25906953898 0.469226006192 0.218861834257 0.464643962848 0.223072065118 0.44 0.262507894183 0.449164086687
470344613 0.211283418707 0.539442724458 0.160058943232 0.547492260062 0.156901270086 0.505510835913
470344614 0.156901270086 0.505634674923 0.208687109677 0.505799793602 0.211283418707 0.539566563467
470344617 0.208616939162 0.49382868937 0.156831099572 0.493787409701 0.160199284261 0.451805985552
470344618 0.160199284261 0.451929824561 0.211353589222 0.460185758514 0.208616939162 0.49395252838
470344644 0.156620588029 0.573168214654 0.0935372956284 0.587574819401 0.0874324608799 0.55133126935 0.151708652024 0.544231166151
470344648 0.15051575328 0.534241486068 0.086239562136 0.541465428277 0.0842747877342 0.504767801858 0.148972001965 0.504932920537
470344652 0.14890183145 0.494901960784 0.0842046172198 0.494860681115 0.0863097326503 0.458204334365 0.150585923795 0.465634674923
470344656 0.15163848151 0.45564499484 0.0873622903656 0.448379772962 0.0936074661427 0.41217750258 0.156620588029 0.426749226006
470344676 0.079011999158 0.579277605779 0.00856080275068 0.593312693498 0.00371903726054 0.562807017544 0.0751526208687 0.554509803922
470344680 0.0741000631535 0.54604747162 0.00273665005965 0.554468524252 0.000350852571749 0.523715170279 0.0721352887517 0.521031991744
470344684 0.0717844361799 0.512528379773 0.0 0.515335397317 0.0 0.484458204334 0.0718546066943 0.487430340557
470344688 0.0721352887517 0.478802889577 0.000280682057399 0.475954592363 0.00273665005965 0.44520123839 0.0741702336678 0.453787409701
470344692 0.0750824503544 0.445325077399 0.00371903726054 0.436862745098 0.00856080275068 0.406398348813 0.0790821696723 0.420557275542
470344741 0.401936706196 0.438720330237 0.375903445372 0.423611971104 0.394288120132 0.399834881321
470344742 0.394288120132 0.399834881321 0.415479615466 0.421259029928 0.401936706196 0.438720330237
470344745 0.421093256614 0.415521155831 0.399831590766 0.394179566563 0.423759736159 0.375933952528
470344746 0.423759736159 0.375933952528 0.438706055715 0.402146542828 0.421093256614 0.415521155831
470344773 0.366640937478 0.416965944272 0.339625289453 0.401362229102 0.363202582275 0.370773993808
470344774 0.363272752789 0.370691434469 0.385236123781 0.392899896801 0.366711107992 0.416883384933
470344777 0.392744368816 0.385345717234 0.370640656796 0.363261093911 0.401305171567 0.339814241486
470344778 0.401445512596 0.339772961816 0.416883025753 0.366852425181 0.392814539331 0.385263157895
470344804 0.339765630482 0.397316821465 0.306574977195 0.376965944272 0.323345730124 0.354014447884 0.352817346151 0.379401444788
470344808 0.35779945267 0.373498452012 0.328187495614 0.348194014448 0.348326433233 0.328173374613 0.373517647884 0.357894736842
470344812 0.379341800575 0.352858617131 0.354010244895 0.323219814241 0.377096344116 0.306584107327 0.397305452249 0.339855521156
470344836 0.296189741071 0.367843137255 0.261946530068 0.346295149639 0.276471826538 0.325944272446 0.308048557996 0.35128998968
470344840 0.312328959371 0.345841073271 0.280682057399 0.320619195046 0.297382639815 0.302002063983 0.325871868641 0.330732714138
470344844 0.330713634131 0.325820433437 0.302084064276 0.297213622291 0.320749421093 0.280577915377 0.345870465231 0.312321981424
470344848 0.351273594835 0.307946336429 0.326082380184 0.276284829721 0.34650199986 0.261878224974 0.367904006736 0.296222910217
470344869 0.267770682759 0.323756449948 0.225808715178 0.293250773994 0.253245386289 0.261300309598
470344870 0.253175215774 0.261382868937 0.289734053751 0.298121775026 0.267700512245 0.323839009288
470344873 0.298224685987 0.289659442724 0.261595677496 0.252961816305 0.293663602554 0.225675954592
470344874 0.293523261526 0.225758513932 0.323907094239 0.26778121775 0.298084344958 0.289742002064
470344900 0.205459266016 0.308978328173 0.150726264824 0.274551083591 0.171987930672 0.244623323013 0.222440530489 0.285077399381
470344904 0.228755876781 0.277151702786 0.178162935934 0.236821465428 0.202652445442 0.209453044376 0.24826327977 0.255356037152
470344908 0.255350501719 0.248255933953 0.209599326363 0.202476780186 0.237035997474 0.178039215686 0.277243702196 0.228730650155
470344912 0.285102799804 0.222373581011 0.244824924567 0.171764705882 0.274787734194 0.150546955624 0.309101115711 0.205448916409
470344932 0.146235351905 0.258410732714 0.0865202441934 0.218452012384 0.104624236896 0.193477812178 0.161041330433 0.238142414861
470344936 0.166233948495 0.231413828689 0.109816854958 0.186914344685 0.129885622062 0.16346749226 0.182583678338 0.212383900929
470344940 0.188407831029 0.206026831785 0.135639604238 0.157234262126 0.157462634201 0.135438596491 0.20616097116 0.188317853457
470344944 0.212406146937 0.182497420021 0.163637639464 0.129700722394 0.187144761771 0.109680082559 0.23149252684 0.166233230134
470344948 0.238158725703 0.160949432405 0.193670619606 0.104478844169 0.218721493229 0.0863570691434 0.258508174865 0.146212590299
470344997 0.474001824433 0.387409700722 0.466142726826 0.35830753354 0.495965195425 0.354427244582
470344998 0.496035365939 0.354427244582 0.495895024911 0.384602683179 0.474001824433 0.387409700722
470345001 0.503964634061 0.384561403509 0.503894463546 0.354427244582 0.533716932145 0.358390092879
470345002 0.533716932145 0.358390092879 0.525857834538 0.387492260062 0.503964634061 0.384561403509
470345029 0.464458634482 0.346996904025 0.456318854817 0.316862745098 0.494631955652 0.311867905057
470345030 0.494702126167 0.311826625387 0.494561785138 0.343075335397 0.464528804996 0.346955624355
470345033 0.505227703319 0.343034055728 0.505227703319 0.311826625387 0.54347063364 0.316904024768
470345034 0.543610974668 0.316904024768 0.53540102449 0.347038183695 0.505368044348 0.343034055728
470345060 0.45926601642 0.314138286894 0.450143849554 0.276243550052 0.478212055294 0.271867905057 0.481159216897 0.310712074303
470345064 0.488877973476 0.310051599587 0.48572030033 0.27124871001 0.514139358641 0.27124871001 0.510981685496 0.310092879257
470345068 0.518700442074 0.310670794634 0.521717774191 0.271867905057 0.549785979931 0.276326109391 0.540593642551 0.314179566563
470345092 0.449301803382 0.262497420021 0.440249807031 0.223034055728 0.464879657568 0.218864809082 0.469370570486 0.2591124871
470345096 0.476247280893 0.258328173375 0.47168619746 0.218121775026 0.496596730054 0.216718266254 0.49652655954 0.257213622291
470345100 0.503403269946 0.257213622291 0.503403269946 0.216718266254 0.528383973055 0.218121775026 0.523752719107 0.258369453044
470345104 0.530559258999 0.2591124871 0.535120342432 0.218906088751 0.559750192969 0.223116615067 0.550628026103 0.26253869969
470345125 0.460388744649 0.211269349845 0.452248964985 0.16008255934 0.49428110308 0.156821465428
470345126 0.494140762052 0.156821465428 0.494000421023 0.20866873065 0.460248403621 0.211269349845
470345129 0.505999578977 0.20866873065 0.505999578977 0.156821465428 0.547961546558 0.160165118679
470345130 0.547821205529 0.160123839009 0.539611255351 0.211310629515 0.505859237948 0.20866873065
470345156 0.426777068276 0.15657378741 0.41232194232 0.0934984520124 0.448600098239 0.0873890608875 0.455687320188 0.151661506708
470345160 0.46572170374 0.150505675955 0.458494140762 0.0862332301342 0.495193319767 0.0842105263158 0.494982808224 0.148895768834
470345164 0.504947021262 0.148895768834 0.504947021262 0.0842105263158 0.541576029752 0.0862745098039 0.534208125746 0.150546955624
470345168 0.544312679812 0.151661506708 0.551470072276 0.0873890608875 0.58767805768 0.0935397316821 0.573222931724 0.156615067079
470345188 0.420672233527 0.0790505675955 0.406567960143 0.00854489164087 0.437092133885 0.0037564499484 0.445442425093 0.0751702786378
470345192 0.453933057329 0.0741382868937 0.445442425093 0.0027657378741 0.476177110378 0.000371517027863 0.478913760438 0.0721981424149
470345196 0.487474563189 0.0718679050568 0.4845975721 0.0 0.515472598414 4.12796697626e-05 0.512525436811 0.0718679050568
470345200 0.521086239562 0.0721981424149 0.523893060136 0.000371517027863 0.554627745421 0.00280701754386 0.546066942671 0.0741795665635
470345204 0.554627745421 0.0751702786378 0.563048207143 0.00379772961816 0.593502210371 0.00862745098039 0.579397936987 0.079133126935
470345253 0.561153603256 0.402063983488 0.576170093327 0.375892672859 0.600028068206 0.394179566563
470345254 0.600028068206 0.394179566563 0.578696231843 0.415479876161 0.561153603256 0.402063983488
470345257 0.584380043506 0.421259029928 0.605641709354 0.399876160991 0.623956213599 0.423694530444
470345258 0.623956213599 0.423694530444 0.597852782261 0.438761609907 0.584380043506 0.421259029928
470345285 0.582976633219 0.366728586171 0.59848431689 0.339649122807 0.629148831661 0.363095975232
470345286 0.629219002175 0.363137254902 0.607115290155 0.385180598555 0.583046803733 0.366769865841
470345289 0.614553364676 0.392776057792 0.636516735668 0.370608875129 0.660094028489 0.401155830753
470345290 0.660164199004 0.401238390093 0.633148550979 0.416842105263 0.614623535191 0.392817337461
470345316 0.602554206722 0.339896800826 0.622833485369 0.306625386997 0.645779243562 0.323343653251 0.620447687882 0.352899896801
470345320 0.626342011087 0.357977296182 0.651533225739 0.328255933953 0.671672163357 0.348359133127 0.641990035787 0.373622291022
470345324 0.646972142306 0.379484004128 0.676584099361 0.354138286894 0.693284681777 0.377089783282 0.660023857975 0.397440660475
470345348 0.631955652235 0.296222910217 0.653427829626 0.261919504644 0.673847449302 0.276367389061 0.648586064136 0.307987616099
470345352 0.653989193741 0.312321981424 0.679110237878 0.280619195046 0.697775594695 0.297254901961 0.66914602484 0.325861713106
470345356 0.673987790331 0.330773993808 0.702547189671 0.302084623323 0.719247772086 0.320701754386 0.687600870114 0.345923632611
470345360 0.69188127149 0.35133126935 0.723458002947 0.326026831785 0.737913128903 0.346377708978 0.7036699179 0.367925696594
470345381 0.676092905761 0.26786377709 0.706476738474 0.225882352941 0.738544663532 0.253250773994
470345382 0.738404322504 0.253168214654 0.701705143499 0.289783281734 0.675952564732 0.26782249742
470345385 0.710125605221 0.298328173375 0.746754613711 0.261630546956 0.774121114308 0.293663570691
470345386 0.774050943793 0.293539731682 0.732088976212 0.324004127967 0.710055434706 0.298245614035
470345412 0.690969054803 0.205407636739 0.725352606835 0.150546955624 0.755315416462 0.171805985552 0.714897200196 0.222332301342
470345416 0.722756297804 0.228648090815 0.762964002526 0.177997936017 0.790400673637 0.202476780186 0.744579327766 0.248173374613
470345420 0.751666549716 0.255314757482 0.797347554558 0.209453044376 0.821837064066 0.236862745098 0.771244123219 0.277151702786
470345424 0.777489298997 0.285077399381 0.828012069328 0.244623323013 0.849273735176 0.274551083591 0.794470563469 0.308937048504
470345444 0.741491825135 0.146253869969 0.781348677286 0.086439628483 0.806329380394 0.104561403509 0.761771103782 0.160990712074
470345448 0.76850747316 0.166274509804 0.812925408743 0.109762641899 0.836362360536 0.129824561404 0.787523682549 0.18257997936
470345452 0.79383902884 0.188359133127 0.842537365799 0.135521155831 0.864360395762 0.157316821465 0.811592168971 0.206109391125
470345456 0.817346151147 0.212425180599 0.870114377938 0.1635500516 0.890112974528 0.186996904025 0.833625710476 0.231496388029
470345460 0.838958669567 0.2382249742 0.895375763104 0.193642930857 0.913479755807 0.218617131063 0.853694477581 0.258534571723
470345509 0.612378078731 0.474097007224 0.641498842187 0.46613003096 0.645498561504 0.495975232198
470345510 0.645498561504 0.495975232198 0.615325240334 0.495975232198 0.612378078731 0.474097007224
470345513 0.61525506982 0.504066047472 0.64542839099 0.503900928793 0.641569012701 0.533746130031
470345514 0.641569012701 0.533746130031 0.612448249246 0.525985552116 0.61525506982 0.504066047472
470345541 0.652796294997 0.464561403509 0.682899445653 0.456305469556 0.688092063715 0.494571723426
470345542 0.688092063715 0.494695562436 0.656866184829 0.494695562436 0.652796294997 0.464602683179
470345545 0.656796014315 0.505345717234 0.6880218932 0.505180598555 0.683109957196 0.543488132095
470345546 0.683039786682 0.543570691434 0.652936636026 0.535521155831 0.656796014315 0.505428276574
470345572 0.685776436741 0.459442724458 0.723598343976 0.450237358101 0.728089256894 0.47830753354 0.689284962459 0.481362229102
470345576 0.689846326574 0.488998968008 0.728650621009 0.485820433437 0.728720791523 0.514220846233 0.689846326574 0.511166150671
470345580 0.689214791944 0.518885448916 0.72801908638 0.5217750258 0.72366851449 0.549845201238 0.685776436741 0.540763673891
470345604 0.737281594274 0.449411764706 0.776717423339 0.440288957688 0.7809276542 0.464932920537 0.740719949477 0.469473684211
470345608 0.741491825135 0.476284829721 0.781699529858 0.471661506708 0.783102940145 0.496594427245 0.742614553365 0.496594427245
470345612 0.742614553365 0.503529411765 0.78303276963 0.503446852425 0.781699529858 0.528379772962 0.741491825135 0.523839009288
470345616 0.740649778963 0.530691434469 0.7809276542 0.535149638803 0.776717423339 0.559752321981 0.737281594274 0.550753353973
470345637 0.788435899235 0.460515995872 0.839660374711 0.452301341589 0.842958388885 0.494324045408
470345638 0.842958388885 0.494158926729 0.791172549295 0.494158926729 0.788435899235 0.460433436533
470345641 0.79110237878 0.50613003096 0.842888218371 0.50600619195 0.839660374711 0.548028895769
470345642 0.839660374711 0.54790505676 0.788506069749 0.539772961816 0.79110237878 0.50600619195
470345668 0.843239070942 0.426914344685 0.906252192829 0.412383900929 0.912497368606 0.448586171311 0.848151006947 0.455810113519
470345672 0.849273735176 0.465799793602 0.913549926321 0.458410732714 0.915655041751 0.495108359133 0.850957827521 0.495067079463
470345676 0.850887657007 0.505180598555 0.915584871237 0.505015479876 0.913549926321 0.541713106295 0.849273735176 0.534447884417
470345680 0.848080836433 0.544437564499 0.912427198091 0.551537667699 0.906252192829 0.58773993808 0.843239070942 0.573333333333
470345700 0.920917830328 0.42080495356 0.991369026735 0.406687306502 0.996280962739 0.437151702786 0.924847379131 0.445572755418
470345704 0.925829766332 0.454076367389 0.997193179426 0.445490196078 0.999649147428 0.476284829721 0.927794540734 0.479050567595
470345708 0.928145393306 0.487595459236 0.999929829486 0.484664602683 1.0 0.515541795666 0.928145393306 0.512693498452
470345712 0.927794540734 0.521238390093 0.999649147428 0.523921568627 0.997193179426 0.554674922601 0.925829766332 0.546212590299
470345716 0.924777208617 0.55471620227 0.996210792225 0.563013415893 0.991369026735 0.593519091847 0.920917830328 0.579484004128
470345765 0.597712441232 0.561197110423 0.623956213599 0.576140350877 0.605711879868 0.60008255934
470345766 0.605711879868 0.60008255934 0.584380043506 0.578782249742 0.597712441232 0.561197110423
470345769 0.578555890815 0.58439628483 0.600028068206 0.605614035088 0.576170093327 0.623983488132
470345770 0.576170093327 0.624024767802 0.561083432742 0.597894736842 0.578555890815 0.58439628483
470345797 0.633078380465 0.583034055728 0.660234369518 0.598513931889 0.636797417725 0.629226006192
470345798 0.636727247211 0.629267285862 0.614693705705 0.607223942208 0.633078380465 0.583116615067
470345801 0.607045119641 0.614654282766 0.62928917269 0.636615067079 0.598694828433 0.660227038184
470345802 0.598624657919 0.660268317853 0.582976633219 0.633230134159 0.607045119641 0.614736842105
470345828 0.660094028489 0.602724458204 0.693354852291 0.622951496388 0.67672444039 0.645985552116 0.64704231282 0.620681114551
470345832 0.642060206301 0.626460268318 0.671742333871 0.651640866873 0.651743737282 0.671785345717 0.626412181601 0.642187822497
470345836 0.620517858396 0.647141382869 0.645919584591 0.676656346749 0.622973826398 0.693415892673 0.602624377237 0.660227038184
470345860 0.703599747386 0.632156862745 0.737983299418 0.653622291022 0.723528173462 0.674014447884 0.69188127149 0.648792569659
470345864 0.687600870114 0.654076367389 0.719317942601 0.679215686275 0.7026875307 0.697915376677 0.674057960845 0.669267285862
470345868 0.66914602484 0.674138286894 0.697845765209 0.702703818369 0.679250578907 0.719380804954 0.653989193741 0.687719298246
470345872 0.648515893622 0.692012383901 0.673847449302 0.723591331269 0.65349800014 0.738080495356 0.631955652235 0.703818369453
470345893 0.731808294155 0.676078431373 0.77384043225 0.706460268318 0.746473931654 0.738493292054
470345894 0.746614272683 0.738410732714 0.709985264192 0.701754385965 0.731878464669 0.675995872033
470345897 0.701424461441 0.710175438596 0.738123640446 0.746749226006 0.706125885903 0.774158926729
470345898 0.706266226931 0.774076367389 0.675742053189 0.73213622291 0.701494631956 0.710092879257
470345924 0.794400392955 0.691145510836 0.849273735176 0.725407636739 0.828082239843 0.755417956656 0.777489298997 0.715046439628
470345928 0.771173952705 0.722930856553 0.821837064066 0.763137254902 0.797417725072 0.790546955624 0.751666549716 0.744809081527
470345932 0.744509157252 0.751867905057 0.790330503123 0.797523219814 0.762964002526 0.822043343653 0.722615956775 0.771434468524
470345936 0.714827029682 0.777626418989 0.755245245948 0.828152734778 0.72528243632 0.849411764706 0.690898884289 0.794633642931
470345956 0.853554136552 0.741589267286 0.913409585292 0.781424148607 0.895235422076 0.806398348813 0.838818328538 0.761898864809
470345960 0.833485369448 0.768586171311 0.890042804014 0.813003095975 0.86997403691 0.83649122807 0.817205810119 0.787698658411
470345964 0.811381657428 0.793931888545 0.864290225247 0.842641898865 0.842467195285 0.864478844169 0.793698687811 0.811682146543
470345968 0.78738334152 0.817502579979 0.836222019507 0.870216718266 0.812785067715 0.890278637771 0.768296961617 0.833808049536
470345972 0.761560592239 0.839050567595 0.806189039366 0.895438596491 0.781208336257 0.913601651187 0.741281313592 0.85382868937
