# Xscale/Yscale
# 142.5/242.2524
470159716 0.423578947368 0.674170410696 0.408701754386 0.710178309895 0.383368421053 0.697266157115 0.403789473684 0.664098271059
470159720 0.451719298246 0.683990746841 0.442666666667 0.721880980333 0.415649122807 0.713084369856 0.430666666667 0.677134261621
470159748 0.391368421053 0.717162760823 0.373894736842 0.753645371522 0.352 0.74154642018 0.373614035088 0.707313529195
470159752 0.416421052632 0.727961415449 0.403087719298 0.766177755102 0.38 0.756600966595 0.397614035088 0.72016789101
470159756 0.442456140351 0.73589116145 0.433473684211 0.775358262705 0.409473684211 0.768427474816 0.422877192982 0.730252414424
470159781 0.362385964912 0.75675369986 0.338947368421 0.80296583233 0.30301754386 0.780951602543
470159782 0.302877192982 0.780877299874 0.333403508772 0.738995361862 0.362315789474 0.756700036821
470159785 0.404280701754 0.775122970918 0.388280701754 0.8244393038 0.349403508772 0.808311496604
470159786 0.349263157895 0.808253705639 0.372912280702 0.762111747913 0.404140350877 0.775085819583
470159789 0.44849122807 0.786718315278 0.440421052632 0.837925238305 0.399438596491 0.828084262529
470159790 0.399368421053 0.828042983269 0.415438596491 0.778776185499 0.448350877193 0.786701803573
470159812 0.342947368421 0.813954371556 0.314877192982 0.872265455368 0.282736842105 0.854474093962 0.317263157895 0.799758433766
470159816 0.379087719298 0.829570315918 0.357754385965 0.890655366056 0.323789473684 0.876575010196 0.352 0.818334101128
470159820 0.416771929825 0.841041822496 0.402385964912 0.904128916783 0.367087719298 0.893932939364 0.388561403509 0.832909808117
470159844 0.286736842105 0.871439870152 0.251578947368 0.934171962796 0.225333333333 0.918031771821 0.265333333333 0.858321321068
470159848 0.31649122807 0.887031046958 0.286456140351 0.952326581697 0.258947368421 0.93829576095 0.294175438596 0.875629715124
470159852 0.347438596491 0.900236282489 0.322596491228 0.967690722569 0.294105263158 0.955860086422 0.324280701754 0.890622342648
470159856 0.379298245614 0.91097714615 0.359859649123 0.98016944311 0.330456140351 0.970613294234 0.355438596491 0.903208389267
470159860 0.411929824561 0.919179335272 0.397964912281 0.989688440651 0.367929824561 0.98246457001 0.387578947368 0.913309424385
470159972 0.322807017544 0.569069284763 0.286807017544 0.58403714473 0.278035087719 0.557003356829 0.315929824561 0.54798796627
470159976 0.335789473684 0.595946211472 0.302596491228 0.616354678014 0.289684210526 0.591025723584 0.325684210526 0.576194085177
470160004 0.269614035088 0.57673897142 0.231438596491 0.590146475329 0.224561403509 0.566130201393 0.264 0.557189113503
470160008 0.279719298246 0.602051414145 0.243228070175 0.619648763026 0.233684210526 0.596561272458 0.271929824561 0.583256966701
470160012 0.29249122807 0.626080071859 0.258245614035 0.647648485629 0.246175438596 0.625770477403 0.282666666667 0.608272198748
470160037 0.221122807018 0.584222901404 0.171859649123 0.600305301413 0.162035087719 0.559343890917
470160038 0.162035087719 0.559215925209 0.213263157895 0.551191236908 0.221122807018 0.584115575326
470160041 0.237754385965 0.626810714775 0.191578947368 0.650401812325 0.17550877193 0.611487853165
470160042 0.175438596491 0.611359887456 0.224771929825 0.595426092786 0.237684210526 0.626711644549
470160045 0.260842105263 0.66627781603 0.218947368421 0.696799701468 0.196912280702 0.660882616643
470160046 0.196842105263 0.660767034713 0.243087719298 0.637312158724 0.260771929825 0.666187001656
470160068 0.166947368421 0.610909943513 0.105894736842 0.632329751945 0.0957192982456 0.597019472253 0.158807017544 0.582732720089
470160072 0.181473684211 0.647508136142 0.123157894737 0.675627568602 0.109122807018 0.641675376591 0.170245614035 0.620416557277
470160076 0.2 0.682248762035 0.145192982456 0.71671281688 0.127438596491 0.684552144788 0.185824561404 0.656581317667
470160100 0.0865263157895 0.611805703473 0.0173333333333 0.631347305538 0.0101754385965 0.601333155007 0.080701754386 0.587409660338
470160104 0.0965614035088 0.643904456674 0.0291228070175 0.668812362643 0.019649122807 0.639454552359 0.0888421052632 0.620045043929
470160108 0.109122807018 0.675111577842 0.0438596491228 0.705237182377 0.0320701754386 0.676717341087 0.0995087719298 0.6519332729
470160112 0.124070175439 0.705245438229 0.0613333333333 0.740394728804 0.0473684210526 0.71289035733 0.112701754386 0.682888590577
470160116 0.141333333333 0.734107897383 0.0815438596491 0.774070349767 0.0654736842105 0.747746565153 0.128210526316 0.712716984434
470160228 0.325824561404 0.423506227389 0.289824561404 0.408649821426 0.302736842105 0.383333250775 0.335929824561 0.403758229021
470160232 0.316 0.451691706666 0.278105263158 0.442655676476 0.286947368421 0.415630144428 0.322877192982 0.4306145161
470160260 0.282877192982 0.391353811149 0.246385964912 0.373826637012 0.258456140351 0.351961012564 0.292701754386 0.37355419389
470160264 0.272070175439 0.416352531492 0.233824561404 0.403019330252 0.243438596491 0.379935967611 0.279859649123 0.397562211974
470160268 0.264140350877 0.442403872985 0.224631578947 0.433433889613 0.231578947368 0.409421743603 0.269754385965 0.422858142995
470160293 0.243298245614 0.36235925836 0.197052631579 0.338879614815 0.219087719298 0.302966657915
470160294 0.219157894737 0.302859331837 0.261052631579 0.333401856906 0.243298245614 0.362260188134
470160297 0.224912280702 0.404220556742 0.175578947368 0.388257866589 0.191719298246 0.349343907429
470160298 0.191789473684 0.349224197572 0.237894736842 0.372840062678 0.224912280702 0.404113230664
470160301 0.213333333333 0.448438900915 0.162105263158 0.440389445058 0.171929824561 0.399432162488
470160302 0.172 0.399308324706 0.221263157895 0.41540723642 0.213333333333 0.448327446911
470160324 0.186035087719 0.342887831039 0.127719298246 0.314859212953 0.145543859649 0.282715052565 0.200280701754 0.317236898375
470160328 0.170456140351 0.379027823873 0.109333333333 0.357707085668 0.123438596491 0.323771405361 0.181684210526 0.351948628786
470160332 0.158947368421 0.416686893504 0.0958596491228 0.402342350375 0.106105263158 0.367040326535 0.167087719298 0.388522053858
470160356 0.128561403509 0.28666960575 0.0658245614035 0.251565722362 0.0819649122807 0.225262577378 0.141684210526 0.26529107658
470160360 0.11298245614 0.316473232051 0.0477192982456 0.286397162629 0.0616842105263 0.258909302859 0.124350877193 0.294128768177
470160364 0.0997894736842 0.347403782171 0.032350877193 0.322545411315 0.0441403508772 0.294037953804 0.109403508772 0.324233733082
470160368 0.0890526315789 0.379275499438 0.0198596491228 0.359787560412 0.0294035087719 0.330442133907 0.0967719298246 0.355424342545
470160372 0.0808421052632 0.411894371325 0.0103157894737 0.397896573986 0.0175438596491 0.367890679308 0.0867368421053 0.387506584042
470160484 0.430947368421 0.322743551767 0.416 0.286772803902 0.44301754386 0.278009216833 0.452 0.315911834104
470160488 0.404070175439 0.335734135142 0.383649122807 0.302545609455 0.40898245614 0.289658224232 0.423859649123 0.325682635136
470160516 0.423298245614 0.269604759334 0.409894736842 0.231413187238 0.433894736842 0.224511294831 0.442807017544 0.263990779864
470160520 0.397964912281 0.279648003487 0.380350877193 0.243194288271 0.40350877193 0.233650523173 0.416771929825 0.271879246604
470160524 0.373964912281 0.292461086041 0.352350877193 0.258207555426 0.374245614035 0.24613337164 0.391719298246 0.282632494043
470160549 0.415789473684 0.221114011667 0.399719298246 0.171831114986 0.440701754386 0.162014493974
470160550 0.440842105263 0.161991377588 0.448842105263 0.213204905297 0.415929824561 0.221080988259
470160553 0.373192982456 0.237724786215 0.349614035088 0.19156260165 0.388561403509 0.175456672462
470160554 0.388701754386 0.175413742031 0.404561403509 0.224742458692 0.373333333333 0.237679379028
470160557 0.333754385965 0.260795765078 0.303228070175 0.21888905951 0.339157894737 0.196892167013
470160558 0.339298245614 0.196829835329 0.362736842105 0.243062194637 0.333824561404 0.260733846187
470160580 0.389122807018 0.166894528186 0.367719298246 0.105837960738 0.40301754386 0.0956952335663 0.417263157895 0.158801316313
470160584 0.35249122807 0.181409554663 0.324421052632 0.123133558223 0.358385964912 0.109099435135 0.379578947368 0.170210903999
470160588 0.317754385965 0.19992908223 0.283298245614 0.145167189262 0.31550877193 0.127418758287 0.343438596491 0.185766993433
470160612 0.388210526316 0.0864986270518 0.368701754386 0.0173129347738 0.398736842105 0.0101319945643 0.412631578947 0.0806625651593
470160616 0.356140350877 0.0965472375093 0.331228070175 0.0291068323781 0.360561403509 0.019592788348 0.38 0.0888148063755
470160620 0.324912280702 0.109081685052 0.294807017544 0.043802662017 0.323298245614 0.032013717924 0.348070175439 0.0995003558272
470160624 0.294807017544 0.124027254219 0.259649122807 0.0613124988648 0.287157894737 0.0473213062079 0.317122807018 0.112656056245
470160628 0.265894736842 0.141289415502 0.225964912281 0.0815261272953 0.252280701754 0.0654189597296 0.287298245614 0.128198936316
470160740 0.57649122807 0.325810600844 0.591368421053 0.289810957497 0.616701754386 0.302743749907 0.596280701754 0.335895124259
470160744 0.548350877193 0.315990264699 0.557403508772 0.278108287059 0.584421052632 0.286921409241 0.569403508772 0.322863261623
470160772 0.608631578947 0.282809994865 0.626245614035 0.246339767945 0.648070175439 0.25845523099 0.626456140351 0.292671610271
470160776 0.583649122807 0.272015468165 0.597052631579 0.23381151229 0.620070175439 0.243396556649 0.602456140351 0.279821376383
470160780 0.557614035088 0.264085722164 0.566596491228 0.224622748836 0.590596491228 0.231565920503 0.577122807018 0.269736852968
470160805 0.637684210526 0.243223183754 0.661192982456 0.197023435062 0.697052631579 0.219058304479
470160806 0.697192982456 0.219132607149 0.666596491228 0.260998033456 0.637754385965 0.243276846793
470160809 0.595789473684 0.224853912696 0.611789473684 0.175546248458 0.650666666667 0.191691392944
470160810 0.650807017544 0.191748771116 0.627157894737 0.237881647406 0.595929824561 0.224891064031
470160813 0.551578947368 0.213262696262 0.559649122807 0.162060726746 0.600631578947 0.171918627019
470160814 0.600701754386 0.171957016731 0.584631578947 0.221217209819 0.551719298246 0.213283335893
470160836 0.657122807018 0.186020035302 0.685192982456 0.127721335269 0.717333333333 0.145525906038 0.682736842105 0.200227118493
470160840 0.62098245614 0.170406980488 0.642315789474 0.109332662958 0.676280701754 0.123426640974 0.648070175439 0.181652689509
470160844 0.583298245614 0.158937537874 0.597684210526 0.0958566354761 0.63298245614 0.106061694332 0.61150877193 0.167080697653
470160868 0.713333333333 0.128541966973 0.74849122807 0.0658222581077 0.774807017544 0.0819740072751 0.734736842105 0.141669184702
470160872 0.68350877193 0.112952028545 0.713614035088 0.0476688775839 0.741122807018 0.0617071285981 0.705894736842 0.124361203439
470160876 0.652631578947 0.0997467930142 0.677473684211 0.0323026727496 0.705964912281 0.0441411519556 0.675789473684 0.10936775033
470160880 0.620701754386 0.0890108828643 0.640280701754 0.0198223010381 0.669614035088 0.029387118559 0.644561403509 0.0967845932589
470160884 0.588140350877 0.0808074553647 0.602175438596 0.010300826741 0.632140350877 0.0175333660265 0.61249122807 0.0866852093106
470160996 0.677263157895 0.430899342999 0.713263157895 0.415976890219 0.721964912281 0.443018933971 0.684070175439 0.451988917344
470161000 0.664280701754 0.404026544216 0.697473684211 0.383655229009 0.710385964912 0.408996567217 0.674315789474 0.423786926363
470161028 0.730385964912 0.423229656342 0.768631578947 0.409859303767 0.77550877193 0.433879705629 0.736 0.442783642185
470161032 0.720350877193 0.397917213617 0.756842105263 0.380352888145 0.766385964912 0.403452762491 0.728140350877 0.416724044839
470161036 0.707578947368 0.373888555903 0.741824561404 0.352353165541 0.753894736842 0.37423942962 0.717403508772 0.391704684866
470161061 0.778947368421 0.415745726358 0.828210526316 0.39970460561 0.838035087719 0.440670144032
470161062 0.838035087719 0.440802237666 0.786807017544 0.44878151878 0.778947368421 0.415853052436
470161065 0.762315789474 0.373153785061 0.80849122807 0.349599838846 0.824561403509 0.38853030971
470161066 0.824631578947 0.388654147492 0.775298245614 0.404550790828 0.762385964912 0.373252855286
470161069 0.739228070175 0.333686683806 0.781122807018 0.303201949702 0.803157894737 0.339131418306
470161070 0.803228070175 0.339251128162 0.75698245614 0.362668852816 0.739298245614 0.333781626106
470161092 0.833122807018 0.389058684248 0.894175438596 0.367676027152 0.904350877193 0.402994562696 0.841192982456 0.417235907673
470161096 0.818596491228 0.352460491619 0.876912280702 0.324378210495 0.890947368421 0.358338658358 0.829824561404 0.379560326337
470161100 0.800070175439 0.317719865727 0.854877192982 0.28328883429 0.872561403509 0.315461890161 0.814245614035 0.343395565947
470161124 0.913543859649 0.388171180141 0.982736842105 0.368666729411 0.989894736842 0.398685007868 0.919368421053 0.412567223276
470161128 0.903438596491 0.35607242694 0.970947368421 0.331201672305 0.980421052632 0.360563610515 0.911228070175 0.379935967611
470161132 0.890947368421 0.324861177846 0.956210526316 0.294772724646 0.968 0.323300821788 0.90049122807 0.34804773864
470161136 0.876 0.294731445385 0.938736842105 0.259615178219 0.952701754386 0.287127805545 0.887368421053 0.317096548889
470161140 0.858736842105 0.265868986231 0.918526315789 0.225935429329 0.934596491228 0.252267469796 0.871789473684 0.287268155032
470161252 0.674245614035 0.576466528299 0.710245614035 0.591351829745 0.697263157895 0.616660144543 0.664140350877 0.596202142889
470161256 0.684 0.548272793169 0.721894736842 0.557345974694 0.713122807018 0.58436325089 0.677122807018 0.56934585581
470161284 0.717192982456 0.608610688687 0.753684210526 0.626162630381 0.741543859649 0.648019998976 0.707368421053 0.626406178019
470161288 0.728 0.583611968344 0.766245614035 0.596974065066 0.756631578947 0.620049171855 0.720210526316 0.602398159936
470161292 0.735929824561 0.55756062685 0.775368421053 0.566559505706 0.768421052632 0.590563395863 0.730315789474 0.577102228915
470161317 0.756842105263 0.637625881106 0.80301754386 0.661130292208 0.78098245614 0.697030865329
470161318 0.780912280702 0.697138191407 0.73901754386 0.666570898782 0.756771929825 0.637720823406
470161321 0.775157894737 0.595760454798 0.82449122807 0.611752040434 0.808350877193 0.650653615816
470161322 0.808280701754 0.650773325672 0.762175438596 0.627128565083 0.775157894737 0.59586365295
470161325 0.786736842105 0.551537982699 0.837964912281 0.559620461964 0.828140350877 0.600573616608
470161326 0.828070175439 0.600697454391 0.778807017544 0.584561391342 0.786736842105 0.551649436703
470161348 0.814035087719 0.657076668797 0.872280701754 0.685130054439 0.854526315789 0.717270086901 0.799789473684 0.682719345608
470161352 0.829614035088 0.620936675963 0.890666666667 0.642290437577 0.876561403509 0.676217862032 0.818385964912 0.648007615198
470161356 0.841052631579 0.583273478405 0.904140350877 0.597655172869 0.893964912281 0.632944812931 0.832912280702 0.611434190126
470161380 0.87150877193 0.713299022012 0.934175438596 0.748427672956 0.918035087719 0.774726690014 0.858385964912 0.734673423256
470161384 0.887087719298 0.683499523637 0.952350877193 0.713600360616 0.938315789474 0.741084092459 0.875649122807 0.705835731658
470161388 0.900280701754 0.652564845591 0.967719298246 0.67745211193 0.955859649123 0.705951313589 0.890666666667 0.675730766754
470161392 0.91101754386 0.620693128324 0.980210526316 0.640209962832 0.970666666667 0.669555389338 0.903228070175 0.64454015729
470161396 0.919228070175 0.588074256437 0.989754385965 0.602105077184 0.982456140351 0.632106843936 0.913333333333 0.612457915794
470161508 0.569122807018 0.677233331847 0.584070175439 0.713208207638 0.557052631579 0.721967666781 0.548 0.68406504951
470161512 0.596 0.664242748472 0.616350877193 0.697439530011 0.59101754386 0.710318659382 0.576210526316 0.674290120552
470161540 0.576771929825 0.730363868428 0.590175438596 0.76855956845 0.566175438596 0.77545733293 0.557263157895 0.735981975824
470161544 0.602105263158 0.720324752201 0.619649122807 0.756778467417 0.596561403509 0.766322232515 0.583298245614 0.728093509084
470161548 0.626105263158 0.707507541721 0.647649122807 0.741769328188 0.625824561404 0.753835256121 0.608350877193 0.717332005792
470161573 0.584280701754 0.778875255725 0.600350877193 0.828162693125 0.559368421053 0.837978901344
470161574 0.559228070175 0.837999540975 0.551228070175 0.786788490021 0.584140350877 0.778908279134
470161577 0.626877192982 0.762264481177 0.650456140351 0.808431206461 0.61150877193 0.8245342461
470161578 0.611368421053 0.824575525361 0.595438596491 0.775242680774 0.626736842105 0.76231401629
470161581 0.666315789474 0.73919763024 0.696842105263 0.781108463735 0.660912280702 0.803097925965
470161582 0.660771929825 0.803159844856 0.637333333333 0.756922944829 0.666245614035 0.739259549131
470161604 0.610947368421 0.833074925161 0.632350877193 0.894131079816 0.597052631579 0.904277522122 0.582807017544 0.841169788204
470161608 0.647578947368 0.818561137062 0.675649122807 0.876839197465 0.641684210526 0.890874146138 0.62049122807 0.829760200518
470161612 0.682315789474 0.800043260665 0.716771929825 0.854808455974 0.684561403509 0.872550282268 0.656631578947 0.814202047121
470161636 0.611859649123 0.913478669355 0.631368421053 0.982662710462 0.601333333333 0.989845301842 0.587438596491 0.919315556832
470161640 0.643929824561 0.903431297275 0.668842105263 0.970873353577 0.63950877193 0.980384095266 0.620070175439 0.911162902824
470161644 0.675157894737 0.890894785769 0.705263157895 0.95617793673 0.676771929825 0.96796316569 0.652 0.900475702202
470161648 0.705263157895 0.875951693358 0.740421052632 0.938671402223 0.712912280702 0.952656815784 0.682947368421 0.887320001783
470161652 0.734175438596 0.85868870649 0.774105263158 0.918456948208 0.747789473684 0.934559987847 0.712771929825 0.871774232164
470163812 0.481122807018 0.689286876002 0.478105263158 0.728126532493 0.450035087719 0.7236642444 0.459228070175 0.685807034316
470163816 0.510947368421 0.689918448692 0.514035087719 0.728745721405 0.485614035088 0.7287292097 0.488771929825 0.689901936988
470163820 0.540561403509 0.685873081134 0.549684210526 0.723738547069 0.521614035088 0.728163683827 0.518666666667 0.689319899411
470163844 0.469192982456 0.740865312377 0.464701754386 0.781083696178 0.440070175439 0.776885595354 0.449192982456 0.737443261656
470163848 0.496350877193 0.742797181782 0.496421052632 0.783271497001 0.471438596491 0.781855618355 0.476070175439 0.741645490406
470163852 0.523578947368 0.741678513815 0.528140350877 0.781896897616 0.503228070175 0.783279752853 0.503298245614 0.742805437634
470163856 0.550526315789 0.737521692252 0.55950877193 0.776976409728 0.534877192982 0.781141487143 0.530456140351 0.74091484749
470163877 0.493964912281 0.791263161892 0.494035087719 0.84310165761 0.452 0.839782805041
470163878 0.451859649123 0.839762165411 0.460070175439 0.788584137866 0.493824561404 0.791263161892
470163881 0.539578947368 0.788629545053 0.547789473684 0.839819956376 0.505754385965 0.843109913462
470163882 0.505614035088 0.843109913462 0.505754385965 0.791275545671 0.53950877193 0.788646056757
470163908 0.455438596491 0.848228541802 0.448210526316 0.91252511843 0.412 0.906345613088 0.426526315789 0.843299798062
470163912 0.494736842105 0.85103140361 0.494736842105 0.915728389069 0.458105263158 0.913643786398 0.465473684211 0.8493678494
470163916 0.534035087719 0.849421512439 0.541333333333 0.913709833215 0.504631578947 0.915740772847 0.504771929825 0.851043787389
470163920 0.57298245614 0.843415379992 0.587368421053 0.906481834648 0.551157894737 0.912607676952 0.544070175439 0.848302844471
470163940 0.445122807018 0.924805698519 0.436631578947 0.99619818008 0.406175438596 0.991347866935 0.420350877193 0.920863529113
470163944 0.478596491228 0.92780670078 0.475789473684 0.999640870431 0.445052631579 0.997197138191 0.453614035088 0.925821168335
470163948 0.512210526316 0.928169958275 0.515087719298 1.0 0.484210526316 0.99997936037 0.487157894737 0.928149318645
470163952 0.545754385965 0.925891343079 0.554245614035 0.997279696713 0.52350877193 0.999678021766 0.520771929825 0.927839724188
470163956 0.579087719298 0.920991494821 0.593122807018 0.991492344348 0.562596491228 0.996297250306 0.554245614035 0.924892384967
470164068 0.352771929825 0.620470220316 0.323228070175 0.645815686449 0.306526315789 0.622819010255 0.339789473684 0.602534381496
470164072 0.373473684211 0.642017994455 0.348210526316 0.671677143343 0.328140350877 0.651574143332 0.357754385965 0.626340131202
470164076 0.397263157895 0.660069415205 0.376912280702 0.693315731857 0.353964912281 0.676601759157 0.379298245614 0.647037552569
470164100 0.307929824561 0.64853186181 0.276280701754 0.673798897348 0.261824561404 0.653411070437 0.296140350877 0.631937598967
470164104 0.325754385965 0.669105445395 0.297192982456 0.697753252393 0.28049122807 0.679111538214 0.312210526316 0.653931189123
470164108 0.345754385965 0.687557274974 0.320561403509 0.719222595937 0.301964912281 0.702562286277 0.330596491228 0.673992909874
470164112 0.367789473684 0.70364380291 0.346245614035 0.73793448486 0.325894736842 0.723466103948 0.351157894737 0.691866829802
470164133 0.289754385965 0.701658270465 0.253192982456 0.738359661246 0.225824561404 0.706326954862
470164134 0.225754385965 0.706219628784 0.267719298246 0.675825709054 0.289684210526 0.701579839869
470164137 0.323929824561 0.732068701899 0.293473684211 0.774041454285 0.261473684211 0.746681560224
470164138 0.261403508772 0.74659074585 0.298105263158 0.710000809074 0.323859649123 0.731998527156
470164164 0.222245614035 0.714706644805 0.171719298246 0.755086017724 0.150456140351 0.725113146454 0.205333333333 0.690789441095
470164168 0.248070175439 0.744456608067 0.202315789474 0.79024356415 0.177894736842 0.762834134977 0.22849122807 0.722586855693
470164172 0.27698245614 0.771135394324 0.236701754386 0.821747895996 0.209333333333 0.797252782635 0.255157894737 0.751589664334
470164176 0.308771929825 0.794400385713 0.274385964912 0.849206860283 0.244421052632 0.827931529265 0.284842105263 0.777422225745
470164196 0.160771929825 0.761537966187 0.104350877193 0.806065904817 0.0862456140351 0.781087824104 0.146035087719 0.741236825724
470164200 0.182385964912 0.787349887968 0.129614035088 0.836166741795 0.109543859649 0.81268709825 0.166105263158 0.768266485698
470164204 0.205894736842 0.811386801534 0.157122807018 0.864195359881 0.135298245614 0.842358630916 0.188140350877 0.793640847315
470164208 0.231228070175 0.833504229473 0.186736842105 0.889978386179 0.163298245614 0.869920793354 0.212140350877 0.817203049382
470164212 0.258245614035 0.853565950224 0.218315789474 0.913354831572 0.193333333333 0.895200212671 0.237964912281 0.838812742412
470164324 0.310736842105 0.481078412433 0.271929824561 0.478085666024 0.276350877193 0.450019896604 0.314175438596 0.459188020428
470164328 0.310105263158 0.510923317994 0.271298245614 0.514044030111 0.271298245614 0.485623259047 0.310105263158 0.488756354942
470164332 0.314175438596 0.540495780434 0.276280701754 0.549655648406 0.271859649123 0.521581623134 0.310666666667 0.51860538843
470164356 0.259157894737 0.469185857395 0.218947368421 0.464698801746 0.223157894737 0.440063338898 0.262596491228 0.449132392496
470164360 0.257192982456 0.496347611004 0.216771929825 0.496388890265 0.218175438596 0.471439705035 0.258385964912 0.476038214688
470164364 0.258315789474 0.523558899726 0.218105263158 0.528128513897 0.216701754386 0.503179328667 0.257192982456 0.503245375484
470164368 0.262526315789 0.550468849844 0.22301754386 0.559517263812 0.218877192982 0.534877673039 0.259087719298 0.53041125702
470164389 0.208771929825 0.493932774247 0.156912280702 0.493998821064 0.160210526316 0.452005429048
470164390 0.160280701754 0.451873335414 0.211438596491 0.460067268683 0.208771929825 0.493821320243
470164393 0.211438596491 0.539571124992 0.160210526316 0.547744418631 0.156912280702 0.505751026615
470164394 0.156912280702 0.505618932981 0.208771929825 0.505705619428 0.211368421053 0.539459670988
470164420 0.151789473684 0.455406840139 0.0875087719298 0.448215992907 0.0936842105263 0.412001697403 0.156701754386 0.42650722965
470164424 0.14898245614 0.494675800941 0.0842807017544 0.494733591907 0.0863859649123 0.45804871283 0.150666666667 0.465408805031
470164428 0.150596491228 0.534014936488 0.0863157894737 0.541313109798 0.0842807017544 0.504628230721 0.14898245614 0.504743812652
470164432 0.156631578947 0.572924767722 0.0935438596491 0.587372509003 0.0873684210526 0.551149957647 0.151719298246 0.544016901381
470164452 0.0752280701754 0.445062257381 0.00378947368421 0.436645416103 0.00863157894737 0.406164809926 0.0791578947368 0.420290572973
470164456 0.0722105263158 0.47856450545 0.000350877192984 0.475769899493 0.00280701754386 0.445004466416 0.0741754385965 0.453557529255
470164460 0.0718596491228 0.512194719227 0.0 0.515047116148 0.0 0.484182612845 0.0718596491228 0.487109312436
470164464 0.0741052631579 0.545750630334 0.00273684210526 0.554229390503 0.000350877192984 0.5234598295 0.0721403508772 0.520743654139
470164468 0.0790175438597 0.579025842468 0.00849122807018 0.593077302846 0.00371929824562 0.562592568742 0.0750877192982 0.554245902208
470164580 0.379578947368 0.352774214002 0.354245614035 0.323189367783 0.377192982456 0.306496034714 0.397473684211 0.33975886307
470164584 0.358035087719 0.373434484034 0.328350877193 0.348175704348 0.348421052632 0.328089216041 0.373684210526 0.357769004559
470164588 0.339929824561 0.397207210331 0.306736842105 0.376901941942 0.323438596491 0.353917649526 0.35298245614 0.379279627364
470164612 0.35150877193 0.307895401655 0.326245614035 0.276267232027 0.346596491228 0.261819490746 0.368070175439 0.296130812326
470164616 0.330947368421 0.325732170249 0.302245614035 0.297133898364 0.320912280702 0.280494228334 0.346105263158 0.312184316853
470164620 0.31249122807 0.345760867591 0.280771929825 0.320551623018 0.297473684211 0.301926420543 0.326035087719 0.330598995098
470164624 0.296350877193 0.367729690191 0.262105263158 0.346227323238 0.276561403509 0.325851880105 0.308140350877 0.3511436832
470164645 0.298385964912 0.289761422384 0.261684210526 0.253150845977 0.293684210526 0.225799207768
470164646 0.293824561404 0.225720777173 0.324210526316 0.267710041263 0.298456140351 0.289682991789
470164649 0.267929824561 0.323899371069 0.225964912281 0.293476555857 0.253333333333 0.261452105325
470164650 0.253473684211 0.261357163025 0.290035087719 0.29807506551 0.268 0.323808556695
470164676 0.285333333333 0.222232679635 0.244912280702 0.171674666587 0.274947368421 0.150434010148 0.309263157895 0.205283002356
470164680 0.255578947368 0.248015705933 0.209754385965 0.202299337385 0.237192982456 0.17783518347 0.277403508772 0.228494743499
470164684 0.228912280702 0.276973107387 0.178245614035 0.236668037138 0.202807017544 0.209289154617 0.248421052632 0.255123994644
470164688 0.205614035088 0.308729242724 0.150807017544 0.2743477464 0.172070175439 0.244399642687 0.222596491228 0.284832678644
470164708 0.238456140351 0.160771575431 0.193964912281 0.104329203756 0.218947368421 0.0862051315075 0.258807017544 0.146041896799
470164712 0.212701754386 0.182338338031 0.163859649123 0.129563628678 0.187368421053 0.109534931336 0.231789473684 0.166060274325
470164716 0.188631578947 0.2058613248 0.135859649123 0.157079971138 0.157684210526 0.135270486484 0.206385964912 0.188136010211
470164720 0.166526315789 0.231198535082 0.110035087719 0.186712288506 0.130105263158 0.163256174139 0.182807017544 0.212135772442
470164724 0.146456140351 0.258195171647 0.0866666666667 0.218273998524 0.104842105263 0.193316970234 0.161192982456 0.237910542888
470164836 0.518947368421 0.310710647242 0.521964912281 0.271875118678 0.550035087719 0.276349790549 0.540842105263 0.31419874478
470164840 0.489122807018 0.310083202478 0.486035087719 0.27125180184 0.514456140351 0.271276569396 0.511228070175 0.310103842108
470164844 0.45950877193 0.314132697963 0.450385964912 0.276263104101 0.478456140351 0.271842095269 0.481403508772 0.31068175176
470164868 0.530807017544 0.259128082942 0.535368421053 0.21890969914 0.56 0.223120183742 0.550877192982 0.262554261588
470164872 0.503649122807 0.257196213536 0.503649122807 0.216721898318 0.528631578947 0.218146032815 0.524 0.258356160765
470164876 0.47649122807 0.258314881504 0.471929824561 0.218100625628 0.496842105263 0.216717770392 0.496771929825 0.25719208561
470164880 0.449543859649 0.262471703067 0.44049122807 0.223021113516 0.465192982456 0.218856036101 0.469614035088 0.259082675755
470164901 0.506105263158 0.208739314863 0.506035087719 0.156903708694 0.548070175439 0.160230817115
470164902 0.548140350877 0.160248567197 0.539929824561 0.211429897083 0.506175438596 0.208740966034
470164905 0.460421052632 0.21138036197 0.452280701754 0.160188712269 0.494315789474 0.156902883109
470164906 0.494456140351 0.156900406353 0.494315789474 0.20873559973 0.460561403509 0.211363850265
470164932 0.544631578947 0.151763202346 0.551859649123 0.0874691024733 0.588070175439 0.0936564508752 0.573473684211 0.156700614731
470164936 0.505333333333 0.148961578915 0.505333333333 0.0842633550792 0.541964912281 0.0863558008094 0.534596491228 0.150631325015
470164940 0.466035087719 0.15057518522 0.458736842105 0.0862868644439 0.495438596491 0.084258401568 0.495298245614 0.148956212611
470164944 0.427087719298 0.15658173046 0.412631578947 0.0935127990476 0.448912280702 0.0873881951221 0.456 0.151694678773
470164964 0.554947368421 0.0751943014806 0.563368421053 0.0038042966757 0.593894736842 0.00865997612408 0.579719298246 0.0791401860209
470164968 0.521473684211 0.072194537598 0.524280701754 0.000362431909859 0.55501754386 0.00281070486815 0.546456140351 0.0741846107613
470164972 0.487789473684 0.0718321056881 0.48498245614 0.0 0.515859649123 2.64187269146e-05 0.512912280702 0.0718535709037
470164976 0.454245614035 0.0741098952993 0.445824561404 0.00272154166481 0.476561403509 0.000325693367744 0.479298245614 0.0721627525672
470164980 0.42098245614 0.079012633105 0.406947368421 0.00850806844432 0.437473684211 0.00370481365716 0.445754385965 0.0751088534107
470165092 0.647228070175 0.379519047077 0.676842105263 0.354206604351 0.693543859649 0.377223920176 0.660280701754 0.3974713976
470165096 0.626596491228 0.357975400863 0.651859649123 0.328341019532 0.671929824561 0.348464659174 0.642245614035 0.373665647895
470165100 0.602807017544 0.339923980113 0.623157894737 0.306702431018 0.646105263158 0.323432915422 0.620701754386 0.35297648238
470165124 0.692140350877 0.351457405582 0.723789473684 0.326219265526 0.738175438596 0.346619476216 0.703859649123 0.368064052203
470165128 0.674315789474 0.330883821997 0.702877192982 0.302260782556 0.71950877193 0.320914880513 0.687789473684 0.346066334121
470165132 0.654245614035 0.312436120344 0.67950877193 0.280791439012 0.698105263158 0.29746413245 0.669403508772 0.326008741296
470165136 0.632280701754 0.296349592409 0.653824561404 0.262075422163 0.674175438596 0.276560314779 0.648842105263 0.308138949294
470165157 0.710245614035 0.298326869001 0.746877192982 0.261654373703 0.774245614035 0.293703591791
470165158 0.774315789474 0.293810917869 0.732280701754 0.324175942117 0.710315789474 0.298405299597
470165161 0.676140350877 0.267920565493 0.706596491228 0.225968452738 0.738596491228 0.253348986429
470165162 0.738666666667 0.253443928729 0.701964912281 0.290004970023 0.676210526316 0.267990740236
470165188 0.777754385965 0.285278494661 0.828350877193 0.244932145151 0.849614035088 0.274917400199 0.794736842105 0.309208082149
470165192 0.752 0.255528531399 0.797754385965 0.209772534761 0.822175438596 0.23719228375 0.77150877193 0.277410667552
470165196 0.72301754386 0.228858000994 0.763368421053 0.178264900575 0.790736842105 0.202775700055 0.744912280702 0.248416114763
470165200 0.691298245614 0.205592596812 0.725684210526 0.150802221154 0.755649122807 0.172094063877 0.715157894737 0.222583553352
470165220 0.839228070175 0.238455429131 0.895719298246 0.193956798777 0.913824561404 0.218946850475 0.853964912281 0.258764825447
470165224 0.817684210526 0.212647635276 0.870456140351 0.163856374591 0.890526315789 0.187345925159 0.833964912281 0.231739293398
470165228 0.794175438596 0.18861072171 0.842947368421 0.135826518127 0.864771929825 0.157672741323 0.811859649123 0.206365757367
470165232 0.768842105263 0.166494532149 0.813333333333 0.110043491829 0.836771929825 0.130111817262 0.787859649123 0.182804380885
470165236 0.741824561404 0.146433224191 0.781754385965 0.0866633313024 0.806736842105 0.104829508397 0.762105263158 0.16119716461
470165348 0.689333333333 0.518906727033 0.728140350877 0.521944880629 0.723649122807 0.550010650049 0.685824561404 0.540792991112
470165352 0.689964912281 0.489061821472 0.728771929825 0.485986516542 0.728701754386 0.514407287606 0.689894736842 0.511224656598
470165356 0.685894736842 0.459485231106 0.723789473684 0.450374898247 0.728140350877 0.478453051446 0.689333333333 0.481379751037
470165380 0.740912280702 0.530795154145 0.781122807018 0.535323489055 0.776912280702 0.559954823977 0.737473684211 0.550844491118
470165384 0.742807017544 0.503633400536 0.783298245614 0.50362927261 0.781894736842 0.52857845784 0.741684210526 0.523942796852
470165388 0.741684210526 0.47642623974 0.781894736842 0.471889648978 0.783298245614 0.496842962134 0.742807017544 0.496735636056
470165392 0.737543859649 0.449512161696 0.77698245614 0.440505026988 0.781192982456 0.465144617762 0.740912280702 0.46956975452
470165413 0.791298245614 0.506056493145 0.843157894737 0.506031725589 0.839789473684 0.548020989679
470165414 0.839789473684 0.548153083313 0.788631578947 0.539917870783 0.791298245614 0.506167947149
470165417 0.788631578947 0.4604181424 0.839859649123 0.452286128022 0.843157894737 0.494279520038
470165418 0.843157894737 0.494411613672 0.791298245614 0.494283647964 0.788701754386 0.460529596404
470165444 0.848280701754 0.544574171401 0.912561403509 0.551806297894 0.906385964912 0.588020593398 0.843298245614 0.573469653964
470165448 0.851087719298 0.505301082672 0.915789473684 0.505288698894 0.913684210526 0.541969450045 0.849403508772 0.534572206509
470165452 0.849473684211 0.465966075052 0.913754385965 0.458709181003 0.915789473684 0.495394060079 0.851087719298 0.495237198888
470165456 0.843438596491 0.427056243818 0.906526315789 0.412649781798 0.912631578947 0.448876461079 0.848350877193 0.455964110159
470165476 0.924842105263 0.554922882085 0.996210526316 0.563381002624 0.991368421053 0.593861608801 0.920912280702 0.579694566493
470165480 0.927859649123 0.521424761943 0.999649122807 0.524256519234 0.997192982456 0.555021952311 0.925824561404 0.546427610211
470165484 0.928210526316 0.487790420239 1.0 0.484979302579 1.0 0.515843805882 0.928140350877 0.51287582703
470165488 0.925894736842 0.454238637058 0.997333333333 0.445797028223 0.999719298246 0.476566589227 0.927859649123 0.479245613253
470165492 0.92098245614 0.420963424924 0.99150877193 0.406949115881 0.996350877193 0.437433849985 0.924912280702 0.445739237258
470165604 0.62049122807 0.647219181317 0.645824561404 0.676820539239 0.622807017544 0.69350148853 0.602526315789 0.660226276396
470165608 0.642035087719 0.626558911284 0.671719298246 0.651834202675 0.651578947368 0.671908307204 0.626385964912 0.642212006981
470165612 0.660070175439 0.602782057061 0.693333333333 0.623116220933 0.676561403509 0.646088129571 0.647087719298 0.62069725625
470165636 0.648561403509 0.692093865737 0.673824561404 0.723730291217 0.653403508772 0.738169776646 0.631929824561 0.703850199214
470165640 0.669122807018 0.674252969217 0.697754385965 0.70286362488 0.679087719298 0.719495039058 0.653964912281 0.687792566761
470165644 0.687578947368 0.654224271875 0.719228070175 0.679450028152 0.702596491228 0.698066974775 0.674035087719 0.669377888516
470165648 0.703649122807 0.632251321349 0.737964912281 0.653778455858 0.723438596491 0.674141515213 0.691859649123 0.648829072488
470165669 0.701684210526 0.710244356712 0.738385964912 0.746871444824 0.706315789474 0.774210699254
470165670 0.706245614035 0.77428912985 0.675859649123 0.732283354056 0.701614035088 0.710318659382
470165673 0.732140350877 0.676106408027 0.774035087719 0.70654986287 0.746666666667 0.738561929624
470165674 0.746596491228 0.738656871924 0.710035087719 0.701918329808 0.732070175439 0.676197222401
470165700 0.714736842105 0.777756587757 0.755087719298 0.828323682242 0.725122807018 0.849557734 0.690807017544 0.794697596391
470165704 0.74449122807 0.751969433533 0.790245614035 0.797702726578 0.762807017544 0.822156560678 0.722596491228 0.771482140115
470165708 0.771157894737 0.723012032079 0.821754385965 0.763337741958 0.797263157895 0.790705891871 0.751578947368 0.74485288897
470165712 0.794456140351 0.691251768816 0.849263157895 0.725658032696 0.827929824561 0.755597880558 0.777473684211 0.71514420497
470165732 0.761543859649 0.839221407094 0.806105263158 0.89567492417 0.781122807018 0.913792391737 0.741263157895 0.853945719423
470165736 0.787368421053 0.817652993324 0.836210526316 0.870440912041 0.812701754386 0.890465481457 0.768280701754 0.833925277933
470165740 0.811438596491 0.794127942592 0.864210526316 0.842928284715 0.842385964912 0.864727862345 0.793684210526 0.811849129255
470165744 0.833543859649 0.768790732311 0.889964912281 0.813298031309 0.869894736842 0.836748779372 0.817192982456 0.787849367024
470165748 0.853614035088 0.741794095745 0.913403508772 0.781735908499 0.895228070175 0.806685093729 0.838807017544 0.762074596578
