# Xscale/Yscale
# 142.7059/242.6
352388356 0.490899114893 0.711500412201 0.489340664962 0.725597691674 0.461132300767 0.722464962902 0.46269145144 0.70836768343
352388360 0.487490706411 0.791261335532 0.484205628499 0.819455894477 0.441921462252 0.814509480627 0.445206540164 0.786356141797
352388364 0.481436997349 0.892003297609 0.47804820964 0.920197856554 0.421693847276 0.91339653751 0.425082634986 0.885243198681
352388368 0.476324384626 0.985902720528 0.474601961096 1.0 0.404176701874 0.991384995878 0.405899125404 0.977287716406
352388612 0.484755710871 0.745919208574 0.480559668521 0.773990107172 0.438457695162 0.767683429514 0.442653737512 0.739612530915
352388616 0.478320097487 0.848639736191 0.47426350277 0.87671063479 0.418086428101 0.868590272053 0.422143022818 0.840519373454
352388620 0.471911813036 0.951360263809 0.467932299926 0.979472382523 0.397682926915 0.969538334707 0.401662440025 0.941426215993
352389380 0.436470391203 0.701937345425 0.431314332484 0.715169002473 0.40487394004 0.704822753504 0.41002999876 0.69163231657
352389384 0.412532347997 0.778112118714 0.402063264378 0.80449299258 0.36249517364 0.788788128607 0.372964257259 0.76240725474
352389388 0.380610051862 0.873866446826 0.370043565122 0.900206100577 0.317363893154 0.879060181369 0.327930379893 0.852720527617
352389392 0.351366691917 0.963231657049 0.346057871469 0.976380873866 0.280261012334 0.949835119538 0.285569832782 0.936685902721
352389636 0.421625174572 0.733594394064 0.410307492542 0.759604286892 0.371269162663 0.742662819456 0.382586844692 0.716611706513
352389640 0.388826951093 0.831121187139 0.377638205568 0.857213520198 0.325474980362 0.834830997527 0.336663725887 0.808779884584
352389644 0.356044844677 0.928730420445 0.344928976307 0.954822753504 0.279647863193 0.927040395713 0.290763731563 0.900948062655
352390404 0.386370150078 0.678606760099 0.377968254992 0.690065952185 0.355098142403 0.673248145095 0.36350003749 0.661788953009
352390408 0.343534499975 0.746001648805 0.326595466621 0.768755152514 0.292439906129 0.743363561418 0.309378939483 0.720568837593
352390412 0.287918719548 0.8302143446 0.270895597169 0.852926628195 0.225480516223 0.818878812861 0.242503638602 0.796166529266
352390416 0.236538923759 0.908985985161 0.228004588458 0.9203215169 0.171319475929 0.877658697444 0.17985381123 0.866323165705
352390660 0.363835692848 0.705358615004 0.346167887943 0.727576257214 0.312853217702 0.701071723001 0.330521723349 0.678854080791
352390664 0.306909525114 0.79109645507 0.289351736684 0.81339653751 0.244757224474 0.778276999176 0.262315012904 0.755976916735
352390668 0.249988262574 0.876875515251 0.23249284017 0.899216817807 0.176628997119 0.855441055235 0.194124419523 0.833099752679
352391428 0.34401450816 0.643116240725 0.332938582077 0.65197856554 0.315197199275 0.629843363561 0.326273125358 0.620981038747
352391432 0.285199841072 0.697114591921 0.262944279108 0.714715581204 0.236529113372 0.681327287716 0.258784675336 0.663726298434
352391436 0.209680889157 0.764056059357 0.187360158199 0.781574608409 0.15230484514 0.736933223413 0.174625576097 0.719414674361
352391440 0.139662760965 0.826834295136 0.12848522731 0.83561417972 0.0847764528306 0.779719703215 0.0959539864855 0.770981038747
352391684 0.31532613578 0.663107996702 0.292512082542 0.680008244023 0.267192176357 0.645754328112 0.290006229595 0.628895300907
352391688 0.238150630072 0.73120362737 0.215419965117 0.748186314922 0.181433984159 0.702720527617 0.204164649114 0.685737840066
352391692 0.160970219171 0.799299258038 0.138287204664 0.81636438582 0.0956470615441 0.759645507007 0.118330076052 0.742580379225
352392452 0.31228841975 0.597856553998 0.299293862412 0.603586150041 0.287889989131 0.577576257214 0.300884546469 0.571887881286
352392456 0.241502979204 0.634789777411 0.215447994792 0.64604286892 0.19857342969 0.606966199505 0.224628414102 0.595713107997
352392460 0.151227804877 0.679925803792 0.125131476694 0.69109645507 0.102824760574 0.638870568838 0.128921088757 0.627741137675
352392464 0.0673454986795 0.722464962902 0.0542864730891 0.727988458368 0.0265314888873 0.662695795548 0.0395905144777 0.657172300082
352392708 0.279401202053 0.609769167354 0.252995846703 0.620156636439 0.237395931072 0.580544105523 0.263801286422 0.570156636439
352392712 0.187236126888 0.655523495466 0.160881925695 0.666075845012 0.139820427887 0.613355317395 0.16617462908 0.602844187964
352392716 0.0950577376268 0.701360263809 0.0687329675928 0.711953833471 0.0422232017036 0.646166529266 0.0685479717377 0.635531739489
352393476 0.293354374276 0.545960428689 0.279327624156 0.548103874691 0.275038383136 0.520032976092 0.289065133257 0.517889530091
352393480 0.215422768085 0.563314097279 0.187344041136 0.567436108821 0.181159293344 0.525309150866 0.209238020292 0.521187139324
352393484 0.116544585753 0.583511953833 0.0884504424835 0.587551525144 0.0804115316886 0.531368507832 0.108505674958 0.527328936521
352393488 0.0245126515442 0.602885408079 0.0104613754582 0.604863973619 0.000551483855958 0.53462489695 0.014602759942 0.53264633141
352393732 0.258510685262 0.548928276999 0.230312832195 0.552143446002 0.225495231802 0.509851607585 0.253693084869 0.506636438582
352393736 0.157635388586 0.569291014015 0.129453652582 0.572629843364 0.122751056544 0.516281945589 0.150932792547 0.512943116241
352393740 0.0567376681693 0.589694971146 0.0285657425516 0.593116240725 0.0199921657058 0.522671063479 0.0481647920654 0.519249793899
352394500 0.288503839014 0.490890354493 0.274399306546 0.489323990107 0.27751690715 0.461129431162 0.291621439618 0.462695795548
352394504 0.208735588367 0.487510305029 0.180546844945 0.484212695796 0.185473761071 0.441920857378 0.213662504494 0.445218466612
352394508 0.107989928938 0.481450948063 0.079813098127 0.478029678483 0.0865906735461 0.421681780709 0.114767504357 0.425103050289
352394512 0.014084911696 0.476339653751 0.0 0.474608408904 0.0086107161652 0.404163231657 0.0226956278612 0.405894476505
352394756 0.254075689933 0.484748557296 0.226007474113 0.480544105523 0.23230223838 0.438458367683 0.2603704542 0.442662819456
352394760 0.151368653994 0.478318219291 0.12328011666 0.47427864798 0.131393306093 0.418095630668 0.15948254417 0.422135201979
352394764 0.0486286831869 0.471929101401 0.0205289339824 0.467930750206 0.0304766656459 0.397691673537 0.0585764148504 0.401648804617
352395524 0.298065461905 0.436479802143 0.284845265683 0.431327287716 0.295157383122 0.404863973619 0.308377579343 0.410016488046
352395528 0.221898323755 0.412530915087 0.195519596597 0.402061005771 0.211222521283 0.362489694971 0.237601248442 0.372959604287
352395532 0.126151056123 0.380626545754 0.0998108697678 0.370032976092 0.120943142505 0.31735366859 0.14728332886 0.327947238252
352395536 0.0367700284291 0.351360263809 0.0236107967505 0.34604286892 0.0501555997334 0.280255564716 0.063314831412 0.285572959604
352395780 0.26640103878 0.421640560594 0.240375485527 0.410305028854 0.257351658201 0.371269579555 0.283377211454 0.382605111294
352395784 0.168858470463 0.388829348722 0.142776857859 0.377658697444 0.165154348909 0.325474031327 0.191235961512 0.336644682605
352395788 0.0712773613425 0.356059356966 0.0451649160967 0.344929925804 0.0729549373922 0.279637262984 0.099067382638 0.290766694147
352396548 0.321388253744 0.386356141797 0.309953547821 0.377988458368 0.326758038736 0.355111294312 0.338192744659 0.363520197857
352396552 0.254012623164 0.34352844188 0.231242015922 0.326586974444 0.256650916325 0.292456718879 0.279421523567 0.309398186315
352396556 0.169791157899 0.287922506183 0.147083617426 0.270898598516 0.181129862185 0.225474031327 0.203837402658 0.242497938994
352396560 0.0910207636825 0.236521022259 0.07968346088 0.227988458368 0.1223537359 0.17131079967 0.133691038703 0.179843363561
352396804 0.294645140811 0.36384995878 0.272435827811 0.346166529266 0.298937885539 0.31286067601 0.321147198539 0.330502885408
352396808 0.208915679029 0.30692497939 0.186618773295 0.289365210223 0.221734350157 0.244765045342 0.244031255891 0.262324814509
352396812 0.123144172736 0.25 0.10079821507 0.232481450948 0.144537822192 0.176628194559 0.166883779858 0.194105523495
352397572 0.356884333444 0.344023083265 0.348013642043 0.332934872218 0.370164092725 0.315210222589 0.379034784126 0.32625721352
352397576 0.302890770459 0.285201978566 0.285280426387 0.262943116241 0.318663068591 0.236521022259 0.336273412662 0.258779884584
352397580 0.235933482778 0.209686727123 0.218405125506 0.187345424567 0.26304588668 0.152308326463 0.280574243952 0.174608408904
352397584 0.173146309998 0.139653751031 0.164404555102 0.128483099753 0.220291522635 0.0847897774114 0.229033277531 0.0959604286892
352397828 0.336884459577 0.315333882935 0.32000428854 0.292497938994 0.354225718768 0.267188788129 0.371105889806 0.290024732069
352397832 0.268809488606 0.238169826876 0.251816498127 0.215416323166 0.297277127295 0.181450948063 0.314270117774 0.204163231657
352397836 0.200693173863 0.160964550701 0.183637116615 0.138293487222 0.240344652884 0.0956306677659 0.257400710132 0.11834295136
352398596 0.402132637824 0.312283594394 0.396430701183 0.299299258038 0.422418414375 0.287881286068 0.428120351016 0.300865622424
352398600 0.365201438763 0.241508656224 0.353951027953 0.215457543281 0.393033504571 0.19855729596 0.404283915381 0.224608408904
352398604 0.320070859018 0.151236603462 0.308917150587 0.125144270404 0.361109806953 0.102844187964 0.372263515384 0.128936521022
352398608 0.277544936825 0.0673536685903 0.271994360429 0.0542868920033 0.337290189123 0.0265457543281 0.342840765518 0.0395713107997
352398852 0.390239646714 0.279389942292 0.379839235799 0.253009068425 0.419447969565 0.237386644683 0.42984838048 0.263808738664
352398856 0.344458778509 0.187221764221 0.333928029605 0.16088211047 0.386635731249 0.139818631492 0.397166480153 0.166158285243
352398860 0.298638668759 0.09505358615 0.2880350427 0.068713932399 0.353846617414 0.0422093981863 0.364450243473 0.0685490519373
352399620 0.454050603374 0.293363561418 0.451906333235 0.279307502061 0.479959833476 0.275020610058 0.482104804356 0.289076669415
352399624 0.436698132313 0.215416323166 0.432574967118 0.187345424567 0.47469305754 0.181162407255 0.478816222735 0.209233305853
352399628 0.416470517337 0.116529266282 0.412451061939 0.0884583676834 0.468639348478 0.0804204451772 0.472658803876 0.108491343776
352399632 0.397103413384 0.0245259686727 0.39512171536 0.0104699093157 0.465376694306 0.000535861500412 0.46735839233 0.0145919208574
352399876 0.451074552629 0.258491343776 0.447863052614 0.230296784831 0.490159832214 0.225515251443 0.493371332229 0.253709810387
352399880 0.43070749002 0.157625721352 0.427356542371 0.129472382523 0.483720014379 0.12275350371 0.487070962027 0.150948062655
352399884 0.4103067918 0.0567188788129 0.406878061804 0.0285655399835 0.477308226219 0.0199917559769 0.480736956216 0.0481450948063
352400644 0.509102286591 0.288499587799 0.510657933554 0.274402308326 0.538869801459 0.277535037098 0.537307147077 0.29163231657
352400648 0.512507892105 0.208738664468 0.515794371501 0.180544105523 0.558077136264 0.185490519373 0.554790656868 0.213643858203
352400652 0.518562301909 0.107996702391 0.521953892586 0.079802143446 0.578307554208 0.0866034624897 0.574915963531 0.114756801319
352400656 0.5236777176 0.0140972794724 0.525394535194 0.0 0.595826101093 0.00861500412201 0.59410227608 0.0227122835944
352400900 0.51524078542 0.254080791426 0.519438229253 0.226009892828 0.561538801129 0.232316570486 0.557348364714 0.260387469085
352400904 0.521680603255 0.151360263809 0.525737898713 0.12328936521 0.581916374866 0.131409727947 0.577859079407 0.159480626546
352400908 0.528085383996 0.0486397361913 0.532065597848 0.0205276174773 0.60231497086 0.0304616652927 0.598334757007 0.0585737840066
352401668 0.563528908055 0.298062654575 0.568686368258 0.284830997527 0.595125359218 0.295177246496 0.589967899015 0.30836768343
352401672 0.587466250519 0.221887881286 0.597935334138 0.19550700742 0.637506227843 0.211211871393 0.627037144225 0.23759274526
352401676 0.619392050364 0.126133553174 0.629952230426 0.0997938994229 0.682634004621 0.120939818631 0.672066817139 0.147279472383
352401680 0.648634008825 0.0367683429514 0.653938624822 0.0236191261336 0.719738286924 0.0501648804617 0.714426663509 0.0633140972795
352401924 0.578370620976 0.266405605936 0.589694609683 0.240395713108 0.628732939563 0.257337180544 0.617415958275 0.283388293487
352401928 0.611172348165 0.168878812861 0.622363195916 0.142786479802 0.674526421122 0.165169002473 0.663335573372 0.191220115416
352401932 0.643953053097 0.0712695795548 0.65507382666 0.0451772464963 0.720354939775 0.0729596042869 0.709234166212 0.0990519373454
352402692 0.613631952148 0.321393239901 0.622033847234 0.309934047815 0.644899054629 0.326751854905 0.636497159543 0.338211046991
352402696 0.656461295574 0.253998351195 0.673405234121 0.231244847486 0.70755939313 0.256636438582 0.690622462001 0.279431162407
352402700 0.712079178226 0.1697856554 0.729107205799 0.147073371805 0.774522286745 0.181121187139 0.757494259172 0.203833470734
352402704 0.763457572532 0.0910140148392 0.771992608575 0.0796784830998 0.828682626296 0.122341302556 0.820147590254 0.133676834295
352402948 0.636160803443 0.294641384996 0.653833513541 0.272423742786 0.687146782298 0.298928276999 0.669481079619 0.321145919209
352402952 0.693089073402 0.20890354493 0.7106496648 0.18660346249 0.755244877752 0.221723000824 0.737684286354 0.244023083265
352402956 0.750010335943 0.123124484749 0.767507860572 0.100783182193 0.823371002881 0.144558944765 0.805873478251 0.166900247321
352403716 0.655984791098 0.356883759275 0.667063520149 0.34802143446 0.684799297016 0.370156636439 0.673727575384 0.379018961253
352403720 0.714798056703 0.302885408079 0.737053618666 0.285284418796 0.76347158737 0.318672712284 0.741216025406 0.336273701566
352403724 0.790317008617 0.235943940643 0.812635637349 0.218425391591 0.847693753377 0.263066776587 0.825375124644 0.280585325639
352403728 0.860335136809 0.173165704864 0.871511969722 0.16438582028 0.915224247911 0.220280296785 0.904047414998 0.229018961253
352403972 0.684673163478 0.336892003298 0.707489318942 0.319991755977 0.732807122901 0.354245671888 0.709990967437 0.371104699093
352403976 0.761845866219 0.26879637263 0.784577932657 0.251813685078 0.818563913615 0.297279472383 0.795831847177 0.314262159934
352403980 0.839032583796 0.200700741962 0.861715598304 0.18363561418 0.904348734005 0.240354492993 0.881665719497 0.257419620775
352404740 0.687714383218 0.402143446002 0.700706137588 0.396413849959 0.712107207901 0.422423742786 0.699115453531 0.428112118714
352404744 0.758496320054 0.365210222589 0.784549902982 0.35395713108 0.801423767342 0.393033800495 0.775370184414 0.404286892003
352404748 0.848772895865 0.320074196208 0.874868523306 0.30890354493 0.8971731372 0.361129431162 0.87107750976 0.372258862325
352404752 0.932651698353 0.277535037098 0.945713526911 0.272011541632 0.973469912596 0.337304204452 0.960408084039 0.342827699918
352404996 0.720600199431 0.390230832646 0.747004153297 0.379843363561 0.762602667444 0.419455894477 0.736198713578 0.429843363561
352405000 0.812761770887 0.344476504534 0.839116672822 0.333924154988 0.860180973597 0.386644682605 0.833826071662 0.397155812036
352405004 0.904944364599 0.298639736191 0.93126422944 0.288046166529 0.957773294587 0.353833470734 0.931453429746 0.364468260511
352405764 0.706641421273 0.454039571311 0.720670273619 0.451896125309 0.724958813896 0.479967023908 0.710936968969 0.482110469909
352405768 0.784577932657 0.436685902721 0.812656659606 0.432563891179 0.818837202947 0.474690849134 0.790758475999 0.478812860676
352405772 0.88345261128 0.416488046167 0.911552360484 0.412448474856 0.919589869795 0.468631492168 0.891490120591 0.472671063479
352405776 0.975488049198 0.397114591921 0.9895379238 0.395136026381 0.999446413918 0.46537510305 0.985396539316 0.46735366859
352406020 0.741489314738 0.451071723001 0.769687167805 0.447856553998 0.774501264489 0.490148392415 0.746303411422 0.493363561418
352406024 0.842361107705 0.430708985985 0.870544945934 0.427370156636 0.877251045682 0.483718054411 0.849067207453 0.487056883759
352406028 0.943260930347 0.410305028854 0.971430753739 0.406883759275 0.980007834294 0.477328936521 0.951838010902 0.480750206101
352406788 0.711497562469 0.509109645507 0.725596489003 0.510676009893 0.722485195076 0.538870568838 0.708379261124 0.537304204452
352406792 0.791263010149 0.512489694971 0.819453855797 0.515787304204 0.814527640413 0.558079142622 0.786336794765 0.554781533388
352406796 0.892008669578 0.518549051937 0.920185500389 0.521970321517 0.913409326454 0.578318219291 0.885232495643 0.574896949711
352406800 0.985915088304 0.523660346249 1.0 0.525391591096 0.991387882351 0.595836768343 0.977302970655 0.594105523495
352407044 0.745925010809 0.515251442704 0.77398972292 0.519455894477 0.767697060878 0.561541632317 0.739632348768 0.557337180544
352407048 0.84863274749 0.521681780709 0.876718481857 0.52572135202 0.868603890939 0.581904369332 0.840518156572 0.577864798021
352407052 0.951368513846 0.528070898599 0.97946826305 0.532069249794 0.969524735838 0.602308326463 0.941424986633 0.598351195383
352407812 0.70193243587 0.563520197857 0.715155435059 0.568672712284 0.704840514653 0.595136026381 0.691624522882 0.589983511954
352407816 0.778103077728 0.587469084913 0.804479001919 0.597938994229 0.788775376491 0.637510305029 0.7623994523 0.627040395713
352407820 0.873845440168 0.619373454246 0.900186327265 0.629967023908 0.879058959721 0.68264633141 0.852718072623 0.672052761748
352407824 0.963232073797 0.648639736191 0.976392006217 0.65395713108 0.949840896557 0.719744435284 0.936680964137 0.714427040396
352408068 0.73359896122 0.578359439406 0.759624514473 0.589694971146 0.742645538832 0.628730420445 0.716619985579 0.617394888706
352408072 0.831142230279 0.611170651278 0.857223842882 0.622341302556 0.834842147381 0.674525968673 0.808760534778 0.663355317395
352408076 0.928720536432 0.643940643034 0.954837186129 0.655070074196 0.92704576335 0.720362737016 0.900929113653 0.709233305853
352408836 0.678611746256 0.613643858203 0.690047853663 0.622011541632 0.67324406349 0.644888705688 0.661807956083 0.636479802143
352408840 0.745988077578 0.65647155812 0.76875518111 0.673413025556 0.743346280707 0.707543281121 0.720579177175 0.690601813685
352408844 0.830210243585 0.712077493817 0.852914280349 0.729101401484 0.818872240041 0.774525968673 0.796161195858 0.757502061006
352408848 0.908980637801 0.763478977741 0.920318641346 0.772011541632 0.877643461132 0.82868920033 0.866305457588 0.820156636439
352409092 0.705352056222 0.63615004122 0.727565573673 0.653833470734 0.701063515944 0.68713932399 0.678849998493 0.669497114592
352409096 0.791080817261 0.69307502061 0.813378423737 0.710634789777 0.77826424836 0.755234954658 0.755966641884 0.737675185491
352409100 0.876858630232 0.75 0.89919828122 0.767518549052 0.855457973356 0.823371805441 0.833118322368 0.805894476505
352409860 0.643112162847 0.655976916735 0.65198355499 0.667065127782 0.629833104308 0.684789777411 0.620961712165 0.67374278648
352409864 0.697111331767 0.714798021434 0.714720975096 0.737056883759 0.681337632151 0.763478977741 0.663727988822 0.741220115416
352409868 0.764067217964 0.790313272877 0.781592772268 0.812654575433 0.736955514804 0.847691673537 0.71942295308 0.825391591096
352409872 0.826853690002 0.860346248969 0.835591941188 0.871516900247 0.779707776623 0.915210222589 0.770962518018 0.904039571311
352410116 0.66311834339 0.684666117065 0.67999220775 0.707502061006 0.645774981973 0.732811211871 0.628894110194 0.709975267931
352410120 0.731188409169 0.761830173124 0.748181399648 0.784583676834 0.702724274189 0.818549051937 0.68573128371 0.795836768343
352410124 0.799307526879 0.839035449299 0.816363584127 0.861706512778 0.759652544148 0.904369332234 0.742596486901 0.88165704864
352410884 0.597865259951 0.687716405606 0.603569298817 0.700700741962 0.577578782657 0.712118713932 0.57188175121 0.699134377576
352410888 0.634801364204 0.758491343776 0.646048271305 0.784542456719 0.606967896912 0.80144270404 0.595713982393 0.775391591096
352410892 0.679929140982 0.848763396538 0.691084951638 0.874855729596 0.638886689338 0.897155812036 0.6277378861 0.871063478978
352410896 0.722457165401 0.93264633141 0.728007041054 0.945713107997 0.662711913102 0.973454245672 0.65715503003 0.9604286892
352411140 0.609756849577 0.720610057708 0.620162866427 0.746990931575 0.580549928209 0.762613355317 0.570150918778 0.736191261336
352411144 0.655543323717 0.812778235779 0.666068466686 0.83911788953 0.613365670235 0.860181368508 0.602833519847 0.833841714757
352411148 0.701357827532 0.90494641385 0.711967059526 0.931286067601 0.646153382586 0.957790601814 0.635551158011 0.931450948063
352411908 0.545947294401 0.706636438582 0.548091564539 0.720692497939 0.520040867266 0.724979389942 0.517896597127 0.710923330585
352411912 0.563304670655 0.784583676834 0.567425032882 0.812654575433 0.525303438751 0.818837592745 0.521183076523 0.790766694147
352411916 0.58352808118 0.883470733718 0.587550339544 0.911541632317 0.531357848554 0.919579554823 0.527342597608 0.891508656224
352411920 0.602896586616 0.975474031327 0.604879686124 0.989530090684 0.534623305694 0.9994641385 0.532640206186 0.985408079143
352412164 0.548925447371 0.741508656224 0.552134845161 0.769703215169 0.50983806556 0.774484748557 0.506628667771 0.746290189613
352412168 0.569289006271 0.842374278648 0.572645559854 0.870527617477 0.516277883395 0.87724649629 0.512928337231 0.849051937345
352412172 0.589694609683 0.943281121187 0.593121237454 0.971434460016 0.522689671555 0.980008244023 0.519263043784 0.951854905194
