# Xscale/Yscale
# 110.866/65.214
402666117 0.747406779355 0.458229827951 0.83251853589 0.447756616677 0.814776396731 0.37981108351
402666118 0.814776396731 0.37981108351 0.735410315155 0.412288772349 0.747406779355 0.458229827951
402666121 0.693693287392 0.339558990401 0.762064113434 0.287806299261 0.712626053073 0.237939706198
402666122 0.712635072971 0.237939706198 0.660274565692 0.305854571104 0.693693287392 0.339558990401
402666125 0.587411830498 0.264069064925 0.620469756282 0.184944950471 0.55265816391 0.166697334928
402666126 0.55265816391 0.166697334928 0.541572709397 0.251740423835 0.587411830498 0.264069064925
402666129 0.457768838057 0.251740423835 0.446566124871 0.166712669059 0.378781592192 0.185036955255
402666130 0.378781592192 0.185036955255 0.411938736853 0.264115067317 0.457768838057 0.251740423835
402666133 0.339626215431 0.305885239366 0.287310807642 0.237939706198 0.237845687587 0.28779096513
402666134 0.237845687587 0.28779096513 0.306189453935 0.339589658662 0.339626215431 0.305885239366
402666137 0.264255948623 0.411767411905 0.18496202623 0.379121047628 0.167084588602 0.447035912534
402666138 0.167084588602 0.447035912534 0.252178305342 0.457677799246 0.264255948623 0.411767411905
402666141 0.251700250753 0.541448155304 0.166705752891 0.552856748551 0.185196543575 0.620602938019
402666142 0.185196543575 0.620602938019 0.264192809337 0.587235869599 0.251700250753 0.541448155304
402666145 0.305837677917 0.659965651547 0.237872747281 0.712255037262 0.287698663251 0.761738277057
402666146 0.287698663251 0.761738277057 0.339517976657 0.693424724752 0.305837677917 0.659965651547
402666149 0.412146194505 0.735486245285 0.379295726372 0.814702364523 0.447152418235 0.832750636366
402666150 0.447152418235 0.832750636366 0.458021395198 0.747692213328 0.412146194505 0.735486245285
402666153 0.541698987967 0.747385530714 0.55261306442 0.832443953752 0.620460736384 0.814334345386
402666154 0.620469756282 0.814334345386 0.587565168762 0.735148894409 0.541698987967 0.747385530714
402666157 0.659877690185 0.693547397798 0.711633864305 0.761922286626 0.761504879765 0.712485049223
402666158 0.761504879765 0.712485049223 0.693594068515 0.660118992854 0.659886710082 0.693532063667
402666161 0.735085598831 0.587588554605 0.814027745206 0.621062961941 0.832635794563 0.553362774864
402666162 0.832635794563 0.553362774864 0.747659336496 0.54180084031 0.735085598831 0.587588554605
402666245 0.75094257933 0.523706566075 0.835855898111 0.535651853896 0.836324932802 0.465421535253
402666246 0.836315912904 0.465421535253 0.751249255858 0.476247431533 0.75094257933 0.523706566075
402666249 0.728870889182 0.395344557917 0.808372269226 0.363204219953 0.773654682229 0.302159045604
402666250 0.773654682229 0.302159045604 0.705401114859 0.354080412181 0.728870889182 0.395344557917
402666253 0.645905868346 0.295228018524 0.698591091949 0.227558499709 0.637950318402 0.192151991904
402666254 0.637950318402 0.192151991904 0.604910432414 0.271291440488 0.645905868346 0.295228018524
402666257 0.524029007992 0.249869659889 0.535565457399 0.164887907505 0.465345552288 0.164765234459
402666258 0.465345552288 0.164765234459 0.476557285372 0.249777655105 0.524029007992 0.249869659889
402666261 0.395838219111 0.271368111142 0.363086969856 0.192121323642 0.302319917739 0.227313153617
402666262 0.302319917739 0.227313153617 0.354752584201 0.295166682001 0.395838219111 0.271368111142
402666265 0.29550087493 0.354341092403 0.227328486642 0.302312386911 0.192511680768 0.363296224737
402666266 0.192511680768 0.363296224737 0.271958941425 0.395559235747 0.29550087493 0.354341092403
402666269 0.250022549745 0.476155426749 0.164964912597 0.465298862208 0.165397867696 0.535529180851
402666270 0.165397867696 0.535529180851 0.250320206375 0.523614561291 0.250022549745 0.476155426749
402666273 0.271372648062 0.604471432514 0.192259123627 0.637562486583 0.227716342251 0.698178305272
402666274 0.227716342251 0.698178305272 0.295338516768 0.645444229767 0.271372648062 0.604471432514
402666277 0.354256489817 0.704940656914 0.302175599372 0.77307019965 0.363123049447 0.807940012881
402666278 0.363123049447 0.807940012881 0.3954593834 0.728524549943 0.354256489817 0.704940656914
402666281 0.476566305269 0.750590364032 0.465345552288 0.835618118809 0.535565457399 0.835480111632
402666282 0.535565457399 0.835480111632 0.524029007992 0.750513693379 0.476566305269 0.750590364032
402666285 0.605172009453 0.728861900819 0.637724820955 0.808200693103 0.698573052153 0.773162204435
402666286 0.698573052153 0.773162204435 0.646311763751 0.705186003005 0.605172009453 0.728861900819
402666289 0.705554453124 0.645612905204 0.773275846517 0.698224307664 0.808615806469 0.637547152452
402666290 0.808606786571 0.637547152452 0.729439142749 0.60459410556 0.705554453124 0.645612905204
402666629 0.837632817997 0.443616401386 0.905291072105 0.435151961235 0.88380567532 0.353559051737
402666630 0.88380567532 0.353559051737 0.820747569138 0.379519735026 0.837632817997 0.443616401386
402666633 0.764030451175 0.282086668507 0.818312196706 0.24080718864 0.758789890498 0.181019413009
402666634 0.758789890498 0.181019413009 0.717262280591 0.235118226148 0.764030451175 0.282086668507
402666637 0.619342269046 0.179041310148 0.645508992838 0.11606403533 0.563987155665 0.094304903855
402666638 0.563996175563 0.094304903855 0.555300993993 0.161943754409 0.619342269046 0.179041310148
402666641 0.443138563671 0.162020425062 0.434208864756 0.09441224277 0.352768206664 0.116447388598
402666642 0.352768206664 0.116447388598 0.379160427904 0.179332658632 0.443138563671 0.162020425062
402666645 0.281682391355 0.235670254853 0.240019482979 0.181694114761 0.180659534934 0.241650565829
402666646 0.180659534934 0.241650565829 0.235049519239 0.282776704389 0.281691411253 0.235670254853
402666649 0.17827828189 0.380010427209 0.115175076218 0.354157082835 0.0938339977991 0.435780660594
402666650 0.0938339977991 0.435780660594 0.161519311601 0.44413776183 0.17827828189 0.380010427209
402666653 0.161320873848 0.556874290796 0.0937437988202 0.56604410096 0.116077066008 0.647406998497
402666654 0.116077066008 0.647406998497 0.178864575253 0.620786947588 0.161320873848 0.556874290796
402666657 0.235076578933 0.718342687153 0.181065430339 0.759974852026 0.240984612054 0.819379274389
402666658 0.240984612054 0.819379274389 0.282151426046 0.765004446898 0.235076578933 0.718342687153
402666661 0.379539263616 0.821158033551 0.353399599517 0.8841506425 0.434930456587 0.905863771583
402666662 0.434930456587 0.905863771583 0.443589558566 0.838224921029 0.379539263616 0.821158033551
402666665 0.55625710317 0.837703560585 0.564979344434 0.905327077008 0.646483141811 0.883537277272
402666666 0.646483141811 0.883537277272 0.620289358324 0.820575336584 0.55625710317 0.837703560585
402666669 0.717785434669 0.764452418192 0.759042447639 0.81875057503 0.818862410478 0.759238813752
402666670 0.818862410478 0.759238813752 0.764779102701 0.717698653663 0.717794454567 0.764452418192
402666673 0.82069344975 0.620035575183 0.883535078383 0.646517618916 0.90569696751 0.565108718987
402666674 0.90569696751 0.565108718987 0.838101852687 0.556076916 0.82069344975 0.620035575183
402666757 0.840952140422 0.532784371454 0.908511175653 0.542092188794 0.908835891978 0.457708467507
402666758 0.908835891978 0.457708467507 0.841204697563 0.466494924403 0.840952140422 0.532784371454
402666761 0.81165551206 0.357898610728 0.874803817221 0.332152605269 0.832870311908 0.258947465268
402666762 0.832870311908 0.258947465268 0.778714844948 0.300380286442 0.81165551206 0.357898610728
402666765 0.699033066946 0.221501518079 0.740813233994 0.16760204864 0.667869319719 0.125203177232
402666766 0.667869319719 0.125203177232 0.641720635722 0.188195786181 0.699033066946 0.221501518079
402666769 0.532958706907 0.159260281535 0.542005664496 0.0916674333732 0.45762451969 0.0916674333732
402666770 0.45762451969 0.0916674333732 0.466671477279 0.159260281535 0.532958706907 0.159260281535
402666773 0.357990727545 0.188211120312 0.331860083344 0.125218511363 0.258898129273 0.16760204864
402666774 0.258898129273 0.16760204864 0.300678296322 0.221501518079 0.357990727545 0.188211120312
402666777 0.220969458626 0.300763639709 0.166777912074 0.259361486797 0.124907546047 0.33261262919
402666778 0.124907546047 0.33261262919 0.188073891004 0.358297298126 0.220969458626 0.300763639709
402666781 0.158560785092 0.467138957892 0.0909205707791 0.458475174042 0.0914076452655 0.542858895329
402666782 0.0914076452655 0.542858895329 0.158948640701 0.533413070813 0.158560785092 0.467138957892
402666785 0.187902512944 0.641963382096 0.124970685332 0.668215413868 0.167490484008 0.741098537124
402666786 0.167490484008 0.741098537124 0.221312214746 0.69922102616 0.187911532841 0.641963382096
402666789 0.30085869428 0.778513816052 0.259376183862 0.832643297451 0.332554615482 0.874643481461
402666790 0.332554615482 0.874643481461 0.358351523461 0.811512865336 0.30085869428 0.778513816052
402666793 0.466869915033 0.840893059772 0.457859037036 0.908501242065 0.542231161943 0.908455239672
402666794 0.542231161943 0.908455239672 0.533157144661 0.840862391511 0.466869915033 0.840893059772
402666797 0.642126531128 0.811957555126 0.668004618188 0.87505750299 0.741128930421 0.832965314196
402666798 0.741128930421 0.832965314196 0.699565240921 0.778897169319 0.642126531128 0.811957555126
402666801 0.778949362293 0.699037016592 0.832825212419 0.740837856902 0.875245792218 0.667908731254
402666802 0.875245792218 0.667908731254 0.812268865116 0.641733370135 0.778940342395 0.699037016592
402667140 0.913769776126 0.458981200356 0.998665055112 0.45280154568 0.989194162322 0.391419020456 0.90638247975 0.411108044285
402667144 0.880802049321 0.333225994418 0.959626937023 0.301100990585 0.931647213754 0.245652773944 0.858982916313 0.289983745821
402667148 0.810645283495 0.223586959855 0.875642667725 0.168629435397 0.831869103242 0.124589812004 0.776504969964 0.189238507069
402667152 0.710136561254 0.141442021652 0.754947413995 0.0690802588401 0.69970053939 0.0407274511608 0.667048509011 0.119330205171
402667156 0.588909133549 0.0940288895023 0.60904154565 0.0113165884626 0.547715259863 0.00153341307081 0.541085634911 0.0863924924096
402667160 0.459275161005 0.0864078265403 0.452789854419 0.00153341307081 0.391445528837 0.0112245836784 0.411433622571 0.0939675529794
402667164 0.333303267007 0.119299536909 0.300768495301 0.0406354463765 0.245476521206 0.0689115834023 0.290170115274 0.141350016868
402667168 0.22381974636 0.189391848376 0.16850973247 0.124681816788 0.124700088395 0.168706106051 0.189652373135 0.223709632901
402667172 0.141368859705 0.290152421259 0.0687226020601 0.245806115251 0.0407248389948 0.301238997761 0.119531686901 0.333394669856
402667176 0.0939151768802 0.411276719723 0.0111034943084 0.391603030024 0.00165064131474 0.452985555249 0.0865459203002 0.459149875794
402667180 0.0863655223423 0.541218143343 0.00152436274421 0.548133836293 0.0115184096116 0.609424356733 0.0941587141234 0.589014628761
402667184 0.119288149658 0.667019351673 0.0407248389948 0.699788388996 0.0691555571591 0.755006593676 0.141450038786 0.710077590701
402667188 0.18954413436 0.776489710798 0.124916565944 0.831876590916 0.168987787058 0.875640199957 0.223918965237 0.810608151624
402667192 0.290260314253 0.859094672923 0.245873396713 0.931732450087 0.301291649379 0.959747906891 0.333483664965 0.880961143313
402667196 0.411586960836 0.906369797896 0.391743185467 0.989143435459 0.453105550845 0.998727267151 0.459437519167 0.913852853682
402667200 0.541410351235 0.913914190205 0.5479858568 0.998788603674 0.609312142587 0.989036096544 0.589233849873 0.906308461373
402667204 0.667544603395 0.880700463091 0.699980156225 0.959395221885 0.755308209911 0.931195755513 0.710695794924 0.858711319655
402667208 0.77699204445 0.810362805533 0.832085580791 0.875241512559 0.876039543232 0.831385898733 0.811276676348 0.776152359923
402667212 0.859100174986 0.709740239826 0.931484855591 0.754531235624 0.959816354879 0.699267028552 0.881198924828 0.666635998405
402667216 0.906319340465 0.588723280277 0.988977684773 0.609025669335 0.998908592355 0.547735148894 0.914067432757 0.540911460729
402667268 0.915023541934 0.523553224768 0.999846661736 0.530591590763 1.0 0.468488361395 0.915140800606 0.475112705861
402667272 0.902034888965 0.394225166375 0.984891671026 0.374720152115 0.96585066657 0.315607078235 0.88718813703 0.348130769467
402667276 0.849638302094 0.275078970773 0.922383778616 0.230870671942 0.885970450814 0.180559389088 0.82125268342 0.235838930291
402667280 0.763128461386 0.178044591652 0.818609853336 0.113487901371 0.768414121552 0.076915999632 0.723982104523 0.149523108535
402667284 0.650821712698 0.112491182875 0.683572961954 0.0339190971264 0.624519690437 0.0147054313491 0.604766114048 0.097509737173
402667288 0.523668212076 0.0848590793388 0.530433135497 0.0 0.468331138492 6.13365228328e-05 0.475240380279 0.0849050817309
402667292 0.394358955857 0.0978010856565 0.374488120794 0.015027448094 0.315461908971 0.0343331186555 0.348321397002 0.112843867881
402667296 0.27532336334 0.150029134848 0.230783107535 0.0774833624682 0.180641495138 0.114131934861 0.236213086068 0.178596620358
402667300 0.178188082911 0.236636305088 0.113362076741 0.181479436931 0.077047967817 0.231852056307 0.149874623419 0.275922347962
402667304 0.112505186441 0.348958812525 0.0337795176159 0.3165884626 0.0148557718327 0.375732204741 0.0977396135876 0.395083877695
402667308 0.0848772391897 0.475986751311 0.0 0.469531082283 0.000279616834737 0.531634311651 0.0850937167391 0.524411936087
402667312 0.0977666732813 0.605575489925 0.0150542095863 0.625693869415 0.0345281691411 0.684653601987 0.112947161438 0.651562547919
402667316 0.150073061173 0.724706351397 0.0776072014865 0.769359340019 0.114318185918 0.819440610912 0.178711236989 0.763762382311
402667320 0.236582901882 0.821832735302 0.181399166561 0.886650105806 0.231766276406 0.922976661453 0.275855537315 0.850170208851
402667324 0.3491873072 0.887508817125 0.316697634983 0.966188241789 0.375814045785 0.985202563867 0.395297025238 0.90233692152
402667328 0.476485126188 0.915140920661 0.469828441542 1.0 0.531930438547 0.999861992824 0.524912957985 0.915033581746
402667332 0.606001840059 0.902014904775 0.625809535836 0.984803876468 0.684853787455 0.965544208299 0.652048418812 0.887002790812
402667336 0.725028412678 0.8494955071 0.769370230729 0.922148618395 0.819611062003 0.885653387309 0.764210849133 0.821035360505
402667340 0.821875056374 0.763087680559 0.886403405913 0.818581899592 0.922988111775 0.768408623915 0.850404993415 0.723939644862
402667344 0.887494813559 0.650565829423 0.966013024733 0.683442205661 0.985315606227 0.624405802435 0.902549023145 0.604532769037
