# Xscale/Yscale
# 253.112/307.39
369169428 0.336447896583 1.0 0.411217168684 1.0 0.411217168684 0.982139952503 0.336447896583 0.982139952503
369169432 0.168225923702 1.0 0.242991244982 1.0 0.242991244982 0.982139952503 0.168225923702 0.982139952503
369169436 0.0 1.0 0.0747653212807 1.0 0.0747653212807 0.982139952503 0.0 0.982139952503
369169444 0.336447896583 0.982139952503 0.411217168684 0.982139952503 0.411217168684 0.964279905007 0.336447896583 0.964279905007
369169448 0.168225923702 0.982139952503 0.242991244982 0.982139952503 0.242991244982 0.964279905007 0.168225923702 0.964279905007
369169452 0.0 0.982139952503 0.0747653212807 0.982139952503 0.0747653212807 0.964279905007 0.0 0.964279905007
369169460 0.336447896583 0.964279905007 0.411217168684 0.964279905007 0.411217168684 0.94641985751 0.336447896583 0.94641985751
369169464 0.168225923702 0.964279905007 0.242991244982 0.964279905007 0.242991244982 0.94641985751 0.168225923702 0.94641985751
369169468 0.0 0.964279905007 0.0747653212807 0.964279905007 0.0747653212807 0.94641985751 0.0 0.94641985751
369169476 0.336447896583 0.94641985751 0.411217168684 0.94641985751 0.411217168684 0.928559810013 0.336447896583 0.928559810013
369169480 0.168225923702 0.94641985751 0.242991244982 0.94641985751 0.242991244982 0.928559810013 0.168225923702 0.928559810013
369169484 0.0 0.94641985751 0.0747653212807 0.94641985751 0.0747653212807 0.928559810013 0.0 0.928559810013
369169492 0.336447896583 0.928559810013 0.411217168684 0.928559810013 0.411217168684 0.910699762517 0.336447896583 0.910699762517
369169496 0.168225923702 0.928559810013 0.242991244982 0.928559810013 0.242991244982 0.910699762517 0.168225923702 0.910699762517
369169500 0.0 0.928559810013 0.0747653212807 0.928559810013 0.0747653212807 0.910699762517 0.0 0.910699762517
369169508 0.336447896583 0.89283971502 0.411217168684 0.89283971502 0.411217168684 0.875012199486 0.336447896583 0.875012199486
369169512 0.168225923702 0.89283971502 0.242991244982 0.89283971502 0.242991244982 0.875012199486 0.168225923702 0.875012199486
369169516 0.0 0.89283971502 0.0747653212807 0.89283971502 0.0747653212807 0.875012199486 0.0 0.875012199486
369169524 0.336447896583 0.875012199486 0.411217168684 0.875012199486 0.411217168684 0.857152151989 0.336447896583 0.857152151989
369169528 0.168225923702 0.875012199486 0.242991244982 0.875012199486 0.242991244982 0.857152151989 0.168225923702 0.857152151989
369169532 0.0 0.875012199486 0.0747653212807 0.875012199486 0.0747653212807 0.857152151989 0.0 0.857152151989
369169540 0.336447896583 0.857152151989 0.411217168684 0.857152151989 0.411217168684 0.839292104493 0.336447896583 0.839292104493
369169544 0.168225923702 0.857152151989 0.242991244982 0.857152151989 0.242991244982 0.839292104493 0.168225923702 0.839292104493
369169548 0.0 0.857152151989 0.0747653212807 0.857152151989 0.0747653212807 0.839292104493 0.0 0.839292104493
369169556 0.336447896583 0.839292104493 0.411217168684 0.839292104493 0.411217168684 0.821432056996 0.336447896583 0.821432056996
369169560 0.168225923702 0.839292104493 0.242991244982 0.839292104493 0.242991244982 0.821432056996 0.168225923702 0.821432056996
369169564 0.0 0.839292104493 0.0747653212807 0.839292104493 0.0747653212807 0.821432056996 0.0 0.821432056996
369169572 0.336447896583 0.821432056996 0.411217168684 0.821432056996 0.411217168684 0.803572009499 0.336447896583 0.803572009499
369169576 0.168225923702 0.821432056996 0.242991244982 0.821432056996 0.242991244982 0.803572009499 0.168225923702 0.803572009499
369169580 0.0 0.821432056996 0.0747653212807 0.821432056996 0.0747653212807 0.803572009499 0.0 0.803572009499
369169588 0.336447896583 0.803572009499 0.411217168684 0.803572009499 0.411217168684 0.785711962003 0.336447896583 0.785711962003
369169592 0.168225923702 0.803572009499 0.242991244982 0.803572009499 0.242991244982 0.785711962003 0.168225923702 0.785711962003
369169596 0.0 0.803572009499 0.0747653212807 0.803572009499 0.0747653212807 0.785711962003 0.0 0.785711962003
369169604 0.336447896583 0.785711962003 0.411217168684 0.785711962003 0.411217168684 0.767851914506 0.336447896583 0.767851914506
369169608 0.168225923702 0.785711962003 0.242991244982 0.785711962003 0.242991244982 0.767851914506 0.168225923702 0.767851914506
369169612 0.0 0.785711962003 0.0747653212807 0.785711962003 0.0747653212807 0.767851914506 0.0 0.767851914506
369169620 0.336447896583 0.767851914506 0.411217168684 0.767851914506 0.411217168684 0.749991867009 0.336447896583 0.749991867009
369169624 0.168225923702 0.767851914506 0.242991244982 0.767851914506 0.242991244982 0.749991867009 0.168225923702 0.749991867009
369169628 0.0 0.767851914506 0.0747653212807 0.767851914506 0.0747653212807 0.749991867009 0.0 0.749991867009
369169636 0.336447896583 0.749991867009 0.411217168684 0.749991867009 0.411217168684 0.732131819513 0.336447896583 0.732131819513
369169640 0.168225923702 0.749991867009 0.242991244982 0.749991867009 0.242991244982 0.732131819513 0.168225923702 0.732131819513
369169644 0.0 0.749991867009 0.0747653212807 0.749991867009 0.0747653212807 0.732131819513 0.0 0.732131819513
369169652 0.336447896583 0.732131819513 0.411217168684 0.732131819513 0.411217168684 0.714271772016 0.336447896583 0.714271772016
369169656 0.168225923702 0.732131819513 0.242991244982 0.732131819513 0.242991244982 0.714271772016 0.168225923702 0.714271772016
369169660 0.0 0.732131819513 0.0747653212807 0.732131819513 0.0747653212807 0.714271772016 0.0 0.714271772016
369169668 0.336447896583 0.714271772016 0.411217168684 0.714271772016 0.411217168684 0.696411724519 0.336447896583 0.696411724519
369169672 0.168225923702 0.714271772016 0.242991244982 0.714271772016 0.242991244982 0.696411724519 0.168225923702 0.696411724519
369169676 0.0 0.714271772016 0.0747653212807 0.714271772016 0.0747653212807 0.696411724519 0.0 0.696411724519
369169684 0.336447896583 0.696411724519 0.411217168684 0.696411724519 0.411217168684 0.678584208985 0.336447896583 0.678584208985
369169688 0.168225923702 0.696411724519 0.242991244982 0.696411724519 0.242991244982 0.678584208985 0.168225923702 0.678584208985
369169692 0.0 0.696411724519 0.0747653212807 0.696411724519 0.0747653212807 0.678584208985 0.0 0.678584208985
369169700 0.336447896583 0.678584208985 0.411217168684 0.678584208985 0.411217168684 0.660724161489 0.336447896583 0.660724161489
369169704 0.168225923702 0.678584208985 0.242991244982 0.678584208985 0.242991244982 0.660724161489 0.168225923702 0.660724161489
369169708 0.0 0.678584208985 0.0747653212807 0.678584208985 0.0747653212807 0.660724161489 0.0 0.660724161489
369169716 0.336447896583 0.642864113992 0.411217168684 0.642864113992 0.411217168684 0.625004066495 0.336447896583 0.625004066495
369169720 0.168225923702 0.642864113992 0.242991244982 0.642864113992 0.242991244982 0.625004066495 0.168225923702 0.625004066495
369169724 0.0 0.642864113992 0.0747653212807 0.642864113992 0.0747653212807 0.625004066495 0.0 0.625004066495
369169732 0.336447896583 0.625004066495 0.411217168684 0.625004066495 0.411217168684 0.607144018999 0.336447896583 0.607144018999
369169736 0.168225923702 0.625004066495 0.242991244982 0.625004066495 0.242991244982 0.607144018999 0.168225923702 0.607144018999
369169740 0.0 0.625004066495 0.0747653212807 0.625004066495 0.0747653212807 0.607144018999 0.0 0.607144018999
369169748 0.336447896583 0.607144018999 0.411217168684 0.607144018999 0.411217168684 0.589283971502 0.336447896583 0.589283971502
369169752 0.168225923702 0.607144018999 0.242991244982 0.607144018999 0.242991244982 0.589283971502 0.168225923702 0.589283971502
369169756 0.0 0.607144018999 0.0747653212807 0.607144018999 0.0747653212807 0.589283971502 0.0 0.589283971502
369169764 0.336447896583 0.589283971502 0.411217168684 0.589283971502 0.411217168684 0.571423924005 0.336447896583 0.571423924005
369169768 0.168225923702 0.589283971502 0.242991244982 0.589283971502 0.242991244982 0.571423924005 0.168225923702 0.571423924005
369169772 0.0 0.589283971502 0.0747653212807 0.589283971502 0.0747653212807 0.571423924005 0.0 0.571423924005
369169780 0.336447896583 0.571423924005 0.411217168684 0.571423924005 0.411217168684 0.553563876509 0.336447896583 0.553563876509
369169784 0.168225923702 0.571423924005 0.242991244982 0.571423924005 0.242991244982 0.553563876509 0.168225923702 0.553563876509
369169788 0.0 0.571423924005 0.0747653212807 0.571423924005 0.0747653212807 0.553563876509 0.0 0.553563876509
369169796 0.336447896583 0.553563876509 0.411217168684 0.553563876509 0.411217168684 0.535703829012 0.336447896583 0.535703829012
369169800 0.168225923702 0.553563876509 0.242991244982 0.553563876509 0.242991244982 0.535703829012 0.168225923702 0.535703829012
369169804 0.0 0.553563876509 0.0747653212807 0.553563876509 0.0747653212807 0.535703829012 0.0 0.535703829012
369169812 0.336447896583 0.535703829012 0.411217168684 0.535703829012 0.411217168684 0.517843781515 0.336447896583 0.517843781515
369169816 0.168225923702 0.535703829012 0.242991244982 0.535703829012 0.242991244982 0.517843781515 0.168225923702 0.517843781515
369169820 0.0 0.535703829012 0.0747653212807 0.535703829012 0.0747653212807 0.517843781515 0.0 0.517843781515
369169828 0.336447896583 0.517843781515 0.411217168684 0.517843781515 0.411217168684 0.499983734019 0.336447896583 0.499983734019
369169832 0.168225923702 0.517843781515 0.242991244982 0.517843781515 0.242991244982 0.499983734019 0.168225923702 0.499983734019
369169836 0.0 0.517843781515 0.0747653212807 0.517843781515 0.0747653212807 0.499983734019 0.0 0.499983734019
369169844 0.336447896583 0.499983734019 0.411217168684 0.499983734019 0.411217168684 0.482123686522 0.336447896583 0.482123686522
369169848 0.168225923702 0.499983734019 0.242991244982 0.499983734019 0.242991244982 0.482123686522 0.168225923702 0.482123686522
369169852 0.0 0.499983734019 0.0747653212807 0.499983734019 0.0747653212807 0.482123686522 0.0 0.482123686522
369169860 0.336447896583 0.482123686522 0.411217168684 0.482123686522 0.411217168684 0.464296170988 0.336447896583 0.464296170988
369169864 0.168225923702 0.482123686522 0.242991244982 0.482123686522 0.242991244982 0.464296170988 0.168225923702 0.464296170988
369169868 0.0 0.482123686522 0.0747653212807 0.482123686522 0.0747653212807 0.464296170988 0.0 0.464296170988
369169876 0.336447896583 0.464296170988 0.411217168684 0.464296170988 0.411217168684 0.446436123491 0.336447896583 0.446436123491
369169880 0.168225923702 0.464296170988 0.242991244982 0.464296170988 0.242991244982 0.446436123491 0.168225923702 0.446436123491
369169884 0.0 0.464296170988 0.0747653212807 0.464296170988 0.0747653212807 0.446436123491 0.0 0.446436123491
369169892 0.336447896583 0.446436123491 0.411217168684 0.446436123491 0.411217168684 0.428576075995 0.336447896583 0.428576075995
369169896 0.168225923702 0.446436123491 0.242991244982 0.446436123491 0.242991244982 0.428576075995 0.168225923702 0.428576075995
369169900 0.0 0.446436123491 0.0747653212807 0.446436123491 0.0747653212807 0.428576075995 0.0 0.428576075995
369169908 0.336447896583 0.428576075995 0.411217168684 0.428576075995 0.411217168684 0.410716028498 0.336447896583 0.410716028498
369169912 0.168225923702 0.428576075995 0.242991244982 0.428576075995 0.242991244982 0.410716028498 0.168225923702 0.410716028498
369169916 0.0 0.428576075995 0.0747653212807 0.428576075995 0.0747653212807 0.410716028498 0.0 0.410716028498
369169924 0.336447896583 0.392855981001 0.411217168684 0.392855981001 0.411217168684 0.374995933505 0.336447896583 0.374995933505
369169928 0.168225923702 0.392855981001 0.242991244982 0.392855981001 0.242991244982 0.374995933505 0.168225923702 0.374995933505
369169932 0.0 0.392855981001 0.0747653212807 0.392855981001 0.0747653212807 0.374995933505 0.0 0.374995933505
369169940 0.336447896583 0.374995933505 0.411217168684 0.374995933505 0.411217168684 0.357135886008 0.336447896583 0.357135886008
369169944 0.168225923702 0.374995933505 0.242991244982 0.374995933505 0.242991244982 0.357135886008 0.168225923702 0.357135886008
369169948 0.0 0.374995933505 0.0747653212807 0.374995933505 0.0747653212807 0.357135886008 0.0 0.357135886008
369169956 0.336447896583 0.357135886008 0.411217168684 0.357135886008 0.411217168684 0.339275838511 0.336447896583 0.339275838511
369169960 0.168225923702 0.357135886008 0.242991244982 0.357135886008 0.242991244982 0.339275838511 0.168225923702 0.339275838511
369169964 0.0 0.357135886008 0.0747653212807 0.357135886008 0.0747653212807 0.339275838511 0.0 0.339275838511
369169972 0.336447896583 0.339275838511 0.411217168684 0.339275838511 0.411217168684 0.321415791015 0.336447896583 0.321415791015
369169976 0.168225923702 0.339275838511 0.242991244982 0.339275838511 0.242991244982 0.321415791015 0.168225923702 0.321415791015
369169980 0.0 0.339275838511 0.0747653212807 0.339275838511 0.0747653212807 0.321415791015 0.0 0.321415791015
369169988 0.336447896583 0.321415791015 0.411217168684 0.321415791015 0.411217168684 0.303555743518 0.336447896583 0.303555743518
369169992 0.168225923702 0.321415791015 0.242991244982 0.321415791015 0.242991244982 0.303555743518 0.168225923702 0.303555743518
369169996 0.0 0.321415791015 0.0747653212807 0.321415791015 0.0747653212807 0.303555743518 0.0 0.303555743518
369170004 0.336447896583 0.303555743518 0.411217168684 0.303555743518 0.411217168684 0.285695696021 0.336447896583 0.285695696021
369170008 0.168225923702 0.303555743518 0.242991244982 0.303555743518 0.242991244982 0.285695696021 0.168225923702 0.285695696021
369170012 0.0 0.303555743518 0.0747653212807 0.303555743518 0.0747653212807 0.285695696021 0.0 0.285695696021
369170020 0.336447896583 0.285695696021 0.411217168684 0.285695696021 0.411217168684 0.267835648525 0.336447896583 0.267835648525
369170024 0.168225923702 0.285695696021 0.242991244982 0.285695696021 0.242991244982 0.267835648525 0.168225923702 0.267835648525
369170028 0.0 0.285695696021 0.0747653212807 0.285695696021 0.0747653212807 0.267835648525 0.0 0.267835648525
369170036 0.336447896583 0.267835648525 0.411217168684 0.267835648525 0.411217168684 0.250008132991 0.336447896583 0.250008132991
369170040 0.168225923702 0.267835648525 0.242991244982 0.267835648525 0.242991244982 0.250008132991 0.168225923702 0.250008132991
369170044 0.0 0.267835648525 0.0747653212807 0.267835648525 0.0747653212807 0.250008132991 0.0 0.250008132991
369170052 0.336447896583 0.250008132991 0.411217168684 0.250008132991 0.411217168684 0.232148085494 0.336447896583 0.232148085494
369170056 0.168225923702 0.250008132991 0.242991244982 0.250008132991 0.242991244982 0.232148085494 0.168225923702 0.232148085494
369170060 0.0 0.250008132991 0.0747653212807 0.250008132991 0.0747653212807 0.232148085494 0.0 0.232148085494
369170068 0.336447896583 0.232148085494 0.411217168684 0.232148085494 0.411217168684 0.214288037997 0.336447896583 0.214288037997
369170072 0.168225923702 0.232148085494 0.242991244982 0.232148085494 0.242991244982 0.214288037997 0.168225923702 0.214288037997
369170076 0.0 0.232148085494 0.0747653212807 0.232148085494 0.0747653212807 0.214288037997 0.0 0.214288037997
369170084 0.336447896583 0.214288037997 0.411217168684 0.214288037997 0.411217168684 0.196427990501 0.336447896583 0.196427990501
369170088 0.168225923702 0.214288037997 0.242991244982 0.214288037997 0.242991244982 0.196427990501 0.168225923702 0.196427990501
369170092 0.0 0.214288037997 0.0747653212807 0.214288037997 0.0747653212807 0.196427990501 0.0 0.196427990501
369170100 0.336447896583 0.196427990501 0.411217168684 0.196427990501 0.411217168684 0.178567943004 0.336447896583 0.178567943004
369170104 0.168225923702 0.196427990501 0.242991244982 0.196427990501 0.242991244982 0.178567943004 0.168225923702 0.178567943004
369170108 0.0 0.196427990501 0.0747653212807 0.196427990501 0.0747653212807 0.178567943004 0.0 0.178567943004
369170116 0.336447896583 0.178567943004 0.411217168684 0.178567943004 0.411217168684 0.160707895507 0.336447896583 0.160707895507
369170120 0.168225923702 0.178567943004 0.242991244982 0.178567943004 0.242991244982 0.160707895507 0.168225923702 0.160707895507
369170124 0.0 0.178567943004 0.0747653212807 0.178567943004 0.0747653212807 0.160707895507 0.0 0.160707895507
369170132 0.336447896583 0.142847848011 0.411217168684 0.142847848011 0.411217168684 0.124987800514 0.336447896583 0.124987800514
369170136 0.168225923702 0.142847848011 0.242991244982 0.142847848011 0.242991244982 0.124987800514 0.168225923702 0.124987800514
369170140 0.0 0.142847848011 0.0747653212807 0.142847848011 0.0747653212807 0.124987800514 0.0 0.124987800514
369170148 0.336447896583 0.124987800514 0.411217168684 0.124987800514 0.411217168684 0.107127753017 0.336447896583 0.107127753017
369170152 0.168225923702 0.124987800514 0.242991244982 0.124987800514 0.242991244982 0.107127753017 0.168225923702 0.107127753017
369170156 0.0 0.124987800514 0.0747653212807 0.124987800514 0.0747653212807 0.107127753017 0.0 0.107127753017
369170164 0.336447896583 0.107127753017 0.411217168684 0.107127753017 0.411217168684 0.0892677055207 0.336447896583 0.0892677055207
369170168 0.168225923702 0.107127753017 0.242991244982 0.107127753017 0.242991244982 0.0892677055207 0.168225923702 0.0892677055207
369170172 0.0 0.107127753017 0.0747653212807 0.107127753017 0.0747653212807 0.0892677055207 0.0 0.0892677055207
369170180 0.336447896583 0.0892677055207 0.411217168684 0.0892677055207 0.411217168684 0.071407658024 0.336447896583 0.071407658024
369170184 0.168225923702 0.0892677055207 0.242991244982 0.0892677055207 0.242991244982 0.071407658024 0.168225923702 0.071407658024
369170188 0.0 0.0892677055207 0.0747653212807 0.0892677055207 0.0747653212807 0.071407658024 0.0 0.071407658024
369170196 0.336447896583 0.071407658024 0.411217168684 0.071407658024 0.411217168684 0.0535476105273 0.336447896583 0.0535476105273
369170200 0.168225923702 0.071407658024 0.242991244982 0.071407658024 0.242991244982 0.0535476105273 0.168225923702 0.0535476105273
369170204 0.0 0.071407658024 0.0747653212807 0.071407658024 0.0747653212807 0.0535476105273 0.0 0.0535476105273
369170212 0.336447896583 0.0535476105273 0.411217168684 0.0535476105273 0.411217168684 0.0357200949933 0.336447896583 0.0357200949933
369170216 0.168225923702 0.0535476105273 0.242991244982 0.0535476105273 0.242991244982 0.0357200949933 0.168225923702 0.0357200949933
369170220 0.0 0.0535476105273 0.0747653212807 0.0535476105273 0.0747653212807 0.0357200949933 0.0 0.0357200949933
369170228 0.336447896583 0.0357200949933 0.411217168684 0.0357200949933 0.411217168684 0.0178600474967 0.336447896583 0.0178600474967
369170232 0.168225923702 0.0357200949933 0.242991244982 0.0357200949933 0.242991244982 0.0178600474967 0.168225923702 0.0178600474967
369170236 0.0 0.0357200949933 0.0747653212807 0.0357200949933 0.0747653212807 0.0178600474967 0.0 0.0178600474967
369170244 0.336447896583 0.0178600474967 0.411217168684 0.0178600474967 0.411217168684 0.0 0.336447896583 0.0
369170248 0.168225923702 0.0178600474967 0.242991244982 0.0178600474967 0.242991244982 0.0 0.168225923702 0.0
369170252 0.0 0.0178600474967 0.0747653212807 0.0178600474967 0.0747653212807 0.0 0.0 0.0
369170452 0.420560858434 1.0 0.495326179715 1.0 0.495326179715 0.982139952503 0.420560858434 0.982139952503
369170456 0.252338885553 1.0 0.327104206833 1.0 0.327104206833 0.982139952503 0.252338885553 0.982139952503
369170460 0.0841129618509 1.0 0.158878283132 1.0 0.158878283132 0.982139952503 0.0841129618509 0.982139952503
369170468 0.420560858434 0.982139952503 0.495326179715 0.982139952503 0.495326179715 0.964279905007 0.420560858434 0.964279905007
369170472 0.252338885553 0.982139952503 0.327104206833 0.982139952503 0.327104206833 0.964279905007 0.252338885553 0.964279905007
369170476 0.0841129618509 0.982139952503 0.158878283132 0.982139952503 0.158878283132 0.964279905007 0.0841129618509 0.964279905007
369170484 0.420560858434 0.964279905007 0.495326179715 0.964279905007 0.495326179715 0.94641985751 0.420560858434 0.94641985751
369170488 0.252338885553 0.964279905007 0.327104206833 0.964279905007 0.327104206833 0.94641985751 0.252338885553 0.94641985751
369170492 0.0841129618509 0.964279905007 0.158878283132 0.964279905007 0.158878283132 0.94641985751 0.0841129618509 0.94641985751
369170500 0.420560858434 0.94641985751 0.495326179715 0.94641985751 0.495326179715 0.928559810013 0.420560858434 0.928559810013
369170504 0.252338885553 0.94641985751 0.327104206833 0.94641985751 0.327104206833 0.928559810013 0.252338885553 0.928559810013
369170508 0.0841129618509 0.94641985751 0.158878283132 0.94641985751 0.158878283132 0.928559810013 0.0841129618509 0.928559810013
369170516 0.420560858434 0.928559810013 0.495326179715 0.928559810013 0.495326179715 0.910699762517 0.420560858434 0.910699762517
369170520 0.252338885553 0.928559810013 0.327104206833 0.928559810013 0.327104206833 0.910699762517 0.252338885553 0.910699762517
369170524 0.0841129618509 0.928559810013 0.158878283132 0.928559810013 0.158878283132 0.910699762517 0.0841129618509 0.910699762517
369170532 0.420560858434 0.910699762517 0.495326179715 0.910699762517 0.495326179715 0.89283971502 0.420560858434 0.89283971502
369170536 0.252338885553 0.910699762517 0.327104206833 0.910699762517 0.327104206833 0.89283971502 0.252338885553 0.89283971502
369170540 0.0841129618509 0.910699762517 0.158878283132 0.910699762517 0.158878283132 0.89283971502 0.0841129618509 0.89283971502
369170548 0.420560858434 0.89283971502 0.495326179715 0.89283971502 0.495326179715 0.875012199486 0.420560858434 0.875012199486
369170552 0.252338885553 0.89283971502 0.327104206833 0.89283971502 0.327104206833 0.875012199486 0.252338885553 0.875012199486
369170556 0.0841129618509 0.89283971502 0.158878283132 0.89283971502 0.158878283132 0.875012199486 0.0841129618509 0.875012199486
369170564 0.420560858434 0.875012199486 0.495326179715 0.875012199486 0.495326179715 0.857152151989 0.420560858434 0.857152151989
369170568 0.252338885553 0.875012199486 0.327104206833 0.875012199486 0.327104206833 0.857152151989 0.252338885553 0.857152151989
369170572 0.0841129618509 0.875012199486 0.158878283132 0.875012199486 0.158878283132 0.857152151989 0.0841129618509 0.857152151989
369170580 0.420560858434 0.857152151989 0.495326179715 0.857152151989 0.495326179715 0.839292104493 0.420560858434 0.839292104493
369170584 0.252338885553 0.857152151989 0.327104206833 0.857152151989 0.327104206833 0.839292104493 0.252338885553 0.839292104493
369170588 0.0841129618509 0.857152151989 0.158878283132 0.857152151989 0.158878283132 0.839292104493 0.0841129618509 0.839292104493
369170596 0.420560858434 0.839292104493 0.495326179715 0.839292104493 0.495326179715 0.821432056996 0.420560858434 0.821432056996
369170600 0.252338885553 0.839292104493 0.327104206833 0.839292104493 0.327104206833 0.821432056996 0.252338885553 0.821432056996
369170604 0.0841129618509 0.839292104493 0.158878283132 0.839292104493 0.158878283132 0.821432056996 0.0841129618509 0.821432056996
369170612 0.420560858434 0.821432056996 0.495326179715 0.821432056996 0.495326179715 0.803572009499 0.420560858434 0.803572009499
369170616 0.252338885553 0.821432056996 0.327104206833 0.821432056996 0.327104206833 0.803572009499 0.252338885553 0.803572009499
369170620 0.0841129618509 0.821432056996 0.158878283132 0.821432056996 0.158878283132 0.803572009499 0.0841129618509 0.803572009499
369170628 0.420560858434 0.803572009499 0.495326179715 0.803572009499 0.495326179715 0.785711962003 0.420560858434 0.785711962003
369170632 0.252338885553 0.803572009499 0.327104206833 0.803572009499 0.327104206833 0.785711962003 0.252338885553 0.785711962003
369170636 0.0841129618509 0.803572009499 0.158878283132 0.803572009499 0.158878283132 0.785711962003 0.0841129618509 0.785711962003
369170644 0.420560858434 0.785711962003 0.495326179715 0.785711962003 0.495326179715 0.767851914506 0.420560858434 0.767851914506
369170648 0.252338885553 0.785711962003 0.327104206833 0.785711962003 0.327104206833 0.767851914506 0.252338885553 0.767851914506
369170652 0.0841129618509 0.785711962003 0.158878283132 0.785711962003 0.158878283132 0.767851914506 0.0841129618509 0.767851914506
369170660 0.420560858434 0.767851914506 0.495326179715 0.767851914506 0.495326179715 0.749991867009 0.420560858434 0.749991867009
369170664 0.252338885553 0.767851914506 0.327104206833 0.767851914506 0.327104206833 0.749991867009 0.252338885553 0.749991867009
369170668 0.0841129618509 0.767851914506 0.158878283132 0.767851914506 0.158878283132 0.749991867009 0.0841129618509 0.749991867009
369170676 0.420560858434 0.749991867009 0.495326179715 0.749991867009 0.495326179715 0.732131819513 0.420560858434 0.732131819513
369170680 0.252338885553 0.749991867009 0.327104206833 0.749991867009 0.327104206833 0.732131819513 0.252338885553 0.732131819513
369170684 0.0841129618509 0.749991867009 0.158878283132 0.749991867009 0.158878283132 0.732131819513 0.0841129618509 0.732131819513
369170692 0.420560858434 0.732131819513 0.495326179715 0.732131819513 0.495326179715 0.714271772016 0.420560858434 0.714271772016
369170696 0.252338885553 0.732131819513 0.327104206833 0.732131819513 0.327104206833 0.714271772016 0.252338885553 0.714271772016
369170700 0.0841129618509 0.732131819513 0.158878283132 0.732131819513 0.158878283132 0.714271772016 0.0841129618509 0.714271772016
369170708 0.420560858434 0.714271772016 0.495326179715 0.714271772016 0.495326179715 0.696411724519 0.420560858434 0.696411724519
369170712 0.252338885553 0.714271772016 0.327104206833 0.714271772016 0.327104206833 0.696411724519 0.252338885553 0.696411724519
369170716 0.0841129618509 0.714271772016 0.158878283132 0.714271772016 0.158878283132 0.696411724519 0.0841129618509 0.696411724519
369170724 0.420560858434 0.696411724519 0.495326179715 0.696411724519 0.495326179715 0.678584208985 0.420560858434 0.678584208985
369170728 0.252338885553 0.696411724519 0.327104206833 0.696411724519 0.327104206833 0.678584208985 0.252338885553 0.678584208985
369170732 0.0841129618509 0.696411724519 0.158878283132 0.696411724519 0.158878283132 0.678584208985 0.0841129618509 0.678584208985
369170740 0.420560858434 0.678584208985 0.495326179715 0.678584208985 0.495326179715 0.660724161489 0.420560858434 0.660724161489
369170744 0.252338885553 0.678584208985 0.327104206833 0.678584208985 0.327104206833 0.660724161489 0.252338885553 0.660724161489
369170748 0.0841129618509 0.678584208985 0.158878283132 0.678584208985 0.158878283132 0.660724161489 0.0841129618509 0.660724161489
369170756 0.420560858434 0.660724161489 0.495326179715 0.660724161489 0.495326179715 0.642864113992 0.420560858434 0.642864113992
369170760 0.252338885553 0.660724161489 0.327104206833 0.660724161489 0.327104206833 0.642864113992 0.252338885553 0.642864113992
369170764 0.0841129618509 0.660724161489 0.158878283132 0.660724161489 0.158878283132 0.642864113992 0.0841129618509 0.642864113992
369170772 0.420560858434 0.642864113992 0.495326179715 0.642864113992 0.495326179715 0.625004066495 0.420560858434 0.625004066495
369170776 0.252338885553 0.642864113992 0.327104206833 0.642864113992 0.327104206833 0.625004066495 0.252338885553 0.625004066495
369170780 0.0841129618509 0.642864113992 0.158878283132 0.642864113992 0.158878283132 0.625004066495 0.0841129618509 0.625004066495
369170788 0.420560858434 0.625004066495 0.495326179715 0.625004066495 0.495326179715 0.607144018999 0.420560858434 0.607144018999
369170792 0.252338885553 0.625004066495 0.327104206833 0.625004066495 0.327104206833 0.607144018999 0.252338885553 0.607144018999
369170796 0.0841129618509 0.625004066495 0.158878283132 0.625004066495 0.158878283132 0.607144018999 0.0841129618509 0.607144018999
369170804 0.420560858434 0.607144018999 0.495326179715 0.607144018999 0.495326179715 0.589283971502 0.420560858434 0.589283971502
369170808 0.252338885553 0.607144018999 0.327104206833 0.607144018999 0.327104206833 0.589283971502 0.252338885553 0.589283971502
369170812 0.0841129618509 0.607144018999 0.158878283132 0.607144018999 0.158878283132 0.589283971502 0.0841129618509 0.589283971502
369170820 0.420560858434 0.589283971502 0.495326179715 0.589283971502 0.495326179715 0.571423924005 0.420560858434 0.571423924005
369170824 0.252338885553 0.589283971502 0.327104206833 0.589283971502 0.327104206833 0.571423924005 0.252338885553 0.571423924005
369170828 0.0841129618509 0.589283971502 0.158878283132 0.589283971502 0.158878283132 0.571423924005 0.0841129618509 0.571423924005
369170836 0.420560858434 0.571423924005 0.495326179715 0.571423924005 0.495326179715 0.553563876509 0.420560858434 0.553563876509
369170840 0.252338885553 0.571423924005 0.327104206833 0.571423924005 0.327104206833 0.553563876509 0.252338885553 0.553563876509
369170844 0.0841129618509 0.571423924005 0.158878283132 0.571423924005 0.158878283132 0.553563876509 0.0841129618509 0.553563876509
369170852 0.420560858434 0.553563876509 0.495326179715 0.553563876509 0.495326179715 0.535703829012 0.420560858434 0.535703829012
369170856 0.252338885553 0.553563876509 0.327104206833 0.553563876509 0.327104206833 0.535703829012 0.252338885553 0.535703829012
369170860 0.0841129618509 0.553563876509 0.158878283132 0.553563876509 0.158878283132 0.535703829012 0.0841129618509 0.535703829012
369170868 0.420560858434 0.535703829012 0.495326179715 0.535703829012 0.495326179715 0.517843781515 0.420560858434 0.517843781515
369170872 0.252338885553 0.535703829012 0.327104206833 0.535703829012 0.327104206833 0.517843781515 0.252338885553 0.517843781515
369170876 0.0841129618509 0.535703829012 0.158878283132 0.535703829012 0.158878283132 0.517843781515 0.0841129618509 0.517843781515
369170884 0.420560858434 0.517843781515 0.495326179715 0.517843781515 0.495326179715 0.499983734019 0.420560858434 0.499983734019
369170888 0.252338885553 0.517843781515 0.327104206833 0.517843781515 0.327104206833 0.499983734019 0.252338885553 0.499983734019
369170892 0.0841129618509 0.517843781515 0.158878283132 0.517843781515 0.158878283132 0.499983734019 0.0841129618509 0.499983734019
369170900 0.420560858434 0.499983734019 0.495326179715 0.499983734019 0.495326179715 0.482123686522 0.420560858434 0.482123686522
369170904 0.252338885553 0.499983734019 0.327104206833 0.499983734019 0.327104206833 0.482123686522 0.252338885553 0.482123686522
369170908 0.0841129618509 0.499983734019 0.158878283132 0.499983734019 0.158878283132 0.482123686522 0.0841129618509 0.482123686522
369170916 0.420560858434 0.482123686522 0.495326179715 0.482123686522 0.495326179715 0.464296170988 0.420560858434 0.464296170988
369170920 0.252338885553 0.482123686522 0.327104206833 0.482123686522 0.327104206833 0.464296170988 0.252338885553 0.464296170988
369170924 0.0841129618509 0.482123686522 0.158878283132 0.482123686522 0.158878283132 0.464296170988 0.0841129618509 0.464296170988
369170932 0.420560858434 0.464296170988 0.495326179715 0.464296170988 0.495326179715 0.446436123491 0.420560858434 0.446436123491
369170936 0.252338885553 0.464296170988 0.327104206833 0.464296170988 0.327104206833 0.446436123491 0.252338885553 0.446436123491
369170940 0.0841129618509 0.464296170988 0.158878283132 0.464296170988 0.158878283132 0.446436123491 0.0841129618509 0.446436123491
369170948 0.420560858434 0.446436123491 0.495326179715 0.446436123491 0.495326179715 0.428576075995 0.420560858434 0.428576075995
369170952 0.252338885553 0.446436123491 0.327104206833 0.446436123491 0.327104206833 0.428576075995 0.252338885553 0.428576075995
369170956 0.0841129618509 0.446436123491 0.158878283132 0.446436123491 0.158878283132 0.428576075995 0.0841129618509 0.428576075995
369170964 0.420560858434 0.428576075995 0.495326179715 0.428576075995 0.495326179715 0.410716028498 0.420560858434 0.410716028498
369170968 0.252338885553 0.428576075995 0.327104206833 0.428576075995 0.327104206833 0.410716028498 0.252338885553 0.410716028498
369170972 0.0841129618509 0.428576075995 0.158878283132 0.428576075995 0.158878283132 0.410716028498 0.0841129618509 0.410716028498
369170980 0.420560858434 0.410716028498 0.495326179715 0.410716028498 0.495326179715 0.392855981001 0.420560858434 0.392855981001
369170984 0.252338885553 0.410716028498 0.327104206833 0.410716028498 0.327104206833 0.392855981001 0.252338885553 0.392855981001
369170988 0.0841129618509 0.410716028498 0.158878283132 0.410716028498 0.158878283132 0.392855981001 0.0841129618509 0.392855981001
369170996 0.420560858434 0.392855981001 0.495326179715 0.392855981001 0.495326179715 0.374995933505 0.420560858434 0.374995933505
369171000 0.252338885553 0.392855981001 0.327104206833 0.392855981001 0.327104206833 0.374995933505 0.252338885553 0.374995933505
369171004 0.0841129618509 0.392855981001 0.158878283132 0.392855981001 0.158878283132 0.374995933505 0.0841129618509 0.374995933505
369171012 0.420560858434 0.374995933505 0.495326179715 0.374995933505 0.495326179715 0.357135886008 0.420560858434 0.357135886008
369171016 0.252338885553 0.374995933505 0.327104206833 0.374995933505 0.327104206833 0.357135886008 0.252338885553 0.357135886008
369171020 0.0841129618509 0.374995933505 0.158878283132 0.374995933505 0.158878283132 0.357135886008 0.0841129618509 0.357135886008
369171028 0.420560858434 0.357135886008 0.495326179715 0.357135886008 0.495326179715 0.339275838511 0.420560858434 0.339275838511
369171032 0.252338885553 0.357135886008 0.327104206833 0.357135886008 0.327104206833 0.339275838511 0.252338885553 0.339275838511
369171036 0.0841129618509 0.357135886008 0.158878283132 0.357135886008 0.158878283132 0.339275838511 0.0841129618509 0.339275838511
369171044 0.420560858434 0.339275838511 0.495326179715 0.339275838511 0.495326179715 0.321415791015 0.420560858434 0.321415791015
369171048 0.252338885553 0.339275838511 0.327104206833 0.339275838511 0.327104206833 0.321415791015 0.252338885553 0.321415791015
369171052 0.0841129618509 0.339275838511 0.158878283132 0.339275838511 0.158878283132 0.321415791015 0.0841129618509 0.321415791015
369171060 0.420560858434 0.321415791015 0.495326179715 0.321415791015 0.495326179715 0.303555743518 0.420560858434 0.303555743518
369171064 0.252338885553 0.321415791015 0.327104206833 0.321415791015 0.327104206833 0.303555743518 0.252338885553 0.303555743518
369171068 0.0841129618509 0.321415791015 0.158878283132 0.321415791015 0.158878283132 0.303555743518 0.0841129618509 0.303555743518
369171076 0.420560858434 0.303555743518 0.495326179715 0.303555743518 0.495326179715 0.285695696021 0.420560858434 0.285695696021
369171080 0.252338885553 0.303555743518 0.327104206833 0.303555743518 0.327104206833 0.285695696021 0.252338885553 0.285695696021
369171084 0.0841129618509 0.303555743518 0.158878283132 0.303555743518 0.158878283132 0.285695696021 0.0841129618509 0.285695696021
369171092 0.420560858434 0.285695696021 0.495326179715 0.285695696021 0.495326179715 0.267835648525 0.420560858434 0.267835648525
369171096 0.252338885553 0.285695696021 0.327104206833 0.285695696021 0.327104206833 0.267835648525 0.252338885553 0.267835648525
369171100 0.0841129618509 0.285695696021 0.158878283132 0.285695696021 0.158878283132 0.267835648525 0.0841129618509 0.267835648525
369171108 0.420560858434 0.267835648525 0.495326179715 0.267835648525 0.495326179715 0.250008132991 0.420560858434 0.250008132991
369171112 0.252338885553 0.267835648525 0.327104206833 0.267835648525 0.327104206833 0.250008132991 0.252338885553 0.250008132991
369171116 0.0841129618509 0.267835648525 0.158878283132 0.267835648525 0.158878283132 0.250008132991 0.0841129618509 0.250008132991
369171124 0.420560858434 0.250008132991 0.495326179715 0.250008132991 0.495326179715 0.232148085494 0.420560858434 0.232148085494
369171128 0.252338885553 0.250008132991 0.327104206833 0.250008132991 0.327104206833 0.232148085494 0.252338885553 0.232148085494
369171132 0.0841129618509 0.250008132991 0.158878283132 0.250008132991 0.158878283132 0.232148085494 0.0841129618509 0.232148085494
369171140 0.420560858434 0.232148085494 0.495326179715 0.232148085494 0.495326179715 0.214288037997 0.420560858434 0.214288037997
369171144 0.252338885553 0.232148085494 0.327104206833 0.232148085494 0.327104206833 0.214288037997 0.252338885553 0.214288037997
369171148 0.0841129618509 0.232148085494 0.158878283132 0.232148085494 0.158878283132 0.214288037997 0.0841129618509 0.214288037997
369171156 0.420560858434 0.214288037997 0.495326179715 0.214288037997 0.495326179715 0.196427990501 0.420560858434 0.196427990501
369171160 0.252338885553 0.214288037997 0.327104206833 0.214288037997 0.327104206833 0.196427990501 0.252338885553 0.196427990501
369171164 0.0841129618509 0.214288037997 0.158878283132 0.214288037997 0.158878283132 0.196427990501 0.0841129618509 0.196427990501
369171172 0.420560858434 0.196427990501 0.495326179715 0.196427990501 0.495326179715 0.178567943004 0.420560858434 0.178567943004
369171176 0.252338885553 0.196427990501 0.327104206833 0.196427990501 0.327104206833 0.178567943004 0.252338885553 0.178567943004
369171180 0.0841129618509 0.196427990501 0.158878283132 0.196427990501 0.158878283132 0.178567943004 0.0841129618509 0.178567943004
369171188 0.420560858434 0.178567943004 0.495326179715 0.178567943004 0.495326179715 0.160707895507 0.420560858434 0.160707895507
369171192 0.252338885553 0.178567943004 0.327104206833 0.178567943004 0.327104206833 0.160707895507 0.252338885553 0.160707895507
369171196 0.0841129618509 0.178567943004 0.158878283132 0.178567943004 0.158878283132 0.160707895507 0.0841129618509 0.160707895507
369171204 0.420560858434 0.160707895507 0.495326179715 0.160707895507 0.495326179715 0.142847848011 0.420560858434 0.142847848011
369171208 0.252338885553 0.160707895507 0.327104206833 0.160707895507 0.327104206833 0.142847848011 0.252338885553 0.142847848011
369171212 0.0841129618509 0.160707895507 0.158878283132 0.160707895507 0.158878283132 0.142847848011 0.0841129618509 0.142847848011
369171220 0.420560858434 0.142847848011 0.495326179715 0.142847848011 0.495326179715 0.124987800514 0.420560858434 0.124987800514
369171224 0.252338885553 0.142847848011 0.327104206833 0.142847848011 0.327104206833 0.124987800514 0.252338885553 0.124987800514
369171228 0.0841129618509 0.142847848011 0.158878283132 0.142847848011 0.158878283132 0.124987800514 0.0841129618509 0.124987800514
369171236 0.420560858434 0.124987800514 0.495326179715 0.124987800514 0.495326179715 0.107127753017 0.420560858434 0.107127753017
369171240 0.252338885553 0.124987800514 0.327104206833 0.124987800514 0.327104206833 0.107127753017 0.252338885553 0.107127753017
369171244 0.0841129618509 0.124987800514 0.158878283132 0.124987800514 0.158878283132 0.107127753017 0.0841129618509 0.107127753017
369171252 0.420560858434 0.107127753017 0.495326179715 0.107127753017 0.495326179715 0.0892677055207 0.420560858434 0.0892677055207
369171256 0.252338885553 0.107127753017 0.327104206833 0.107127753017 0.327104206833 0.0892677055207 0.252338885553 0.0892677055207
369171260 0.0841129618509 0.107127753017 0.158878283132 0.107127753017 0.158878283132 0.0892677055207 0.0841129618509 0.0892677055207
369171268 0.420560858434 0.0892677055207 0.495326179715 0.0892677055207 0.495326179715 0.071407658024 0.420560858434 0.071407658024
369171272 0.252338885553 0.0892677055207 0.327104206833 0.0892677055207 0.327104206833 0.071407658024 0.252338885553 0.071407658024
369171276 0.0841129618509 0.0892677055207 0.158878283132 0.0892677055207 0.158878283132 0.071407658024 0.0841129618509 0.071407658024
369171284 0.420560858434 0.071407658024 0.495326179715 0.071407658024 0.495326179715 0.0535476105273 0.420560858434 0.0535476105273
369171288 0.252338885553 0.071407658024 0.327104206833 0.071407658024 0.327104206833 0.0535476105273 0.252338885553 0.0535476105273
369171292 0.0841129618509 0.071407658024 0.158878283132 0.071407658024 0.158878283132 0.0535476105273 0.0841129618509 0.0535476105273
369171300 0.420560858434 0.0535476105273 0.495326179715 0.0535476105273 0.495326179715 0.0357200949933 0.420560858434 0.0357200949933
369171304 0.252338885553 0.0535476105273 0.327104206833 0.0535476105273 0.327104206833 0.0357200949933 0.252338885553 0.0357200949933
369171308 0.0841129618509 0.0535476105273 0.158878283132 0.0535476105273 0.158878283132 0.0357200949933 0.0841129618509 0.0357200949933
369171316 0.420560858434 0.0357200949933 0.495326179715 0.0357200949933 0.495326179715 0.0178600474967 0.420560858434 0.0178600474967
369171320 0.252338885553 0.0357200949933 0.327104206833 0.0357200949933 0.327104206833 0.0178600474967 0.252338885553 0.0178600474967
369171324 0.0841129618509 0.0357200949933 0.158878283132 0.0357200949933 0.158878283132 0.0178600474967 0.0841129618509 0.0178600474967
369171332 0.420560858434 0.0178600474967 0.495326179715 0.0178600474967 0.495326179715 0.0 0.420560858434 0.0
369171336 0.252338885553 0.0178600474967 0.327104206833 0.0178600474967 0.327104206833 0.0 0.252338885553 0.0
369171340 0.0841129618509 0.0178600474967 0.158878283132 0.0178600474967 0.158878283132 0.0 0.0841129618509 0.0
369173524 0.504673820285 1.0 0.579439141566 1.0 0.579439141566 0.982139952503 0.504673820285 0.982139952503
369173528 0.672895793167 1.0 0.747665065268 1.0 0.747665065268 0.982139952503 0.672895793167 0.982139952503
369173532 0.841121716868 1.0 0.915887038149 1.0 0.915887038149 0.982139952503 0.841121716868 0.982139952503
369173540 0.504673820285 0.982139952503 0.579439141566 0.982139952503 0.579439141566 0.964279905007 0.504673820285 0.964279905007
369173544 0.672895793167 0.982139952503 0.747665065268 0.982139952503 0.747665065268 0.964279905007 0.672895793167 0.964279905007
369173548 0.841121716868 0.982139952503 0.915887038149 0.982139952503 0.915887038149 0.964279905007 0.841121716868 0.964279905007
369173556 0.504673820285 0.964279905007 0.579439141566 0.964279905007 0.579439141566 0.94641985751 0.504673820285 0.94641985751
369173560 0.672895793167 0.964279905007 0.747665065268 0.964279905007 0.747665065268 0.94641985751 0.672895793167 0.94641985751
369173564 0.841121716868 0.964279905007 0.915887038149 0.964279905007 0.915887038149 0.94641985751 0.841121716868 0.94641985751
369173572 0.504673820285 0.94641985751 0.579439141566 0.94641985751 0.579439141566 0.928559810013 0.504673820285 0.928559810013
369173576 0.672895793167 0.94641985751 0.747665065268 0.94641985751 0.747665065268 0.928559810013 0.672895793167 0.928559810013
369173580 0.841121716868 0.94641985751 0.915887038149 0.94641985751 0.915887038149 0.928559810013 0.841121716868 0.928559810013
369173588 0.504673820285 0.928559810013 0.579439141566 0.928559810013 0.579439141566 0.910699762517 0.504673820285 0.910699762517
369173592 0.672895793167 0.928559810013 0.747665065268 0.928559810013 0.747665065268 0.910699762517 0.672895793167 0.910699762517
369173596 0.841121716868 0.928559810013 0.915887038149 0.928559810013 0.915887038149 0.910699762517 0.841121716868 0.910699762517
369173604 0.504673820285 0.89283971502 0.579439141566 0.89283971502 0.579439141566 0.875012199486 0.504673820285 0.875012199486
369173608 0.672895793167 0.89283971502 0.747665065268 0.89283971502 0.747665065268 0.875012199486 0.672895793167 0.875012199486
369173612 0.841121716868 0.89283971502 0.915887038149 0.89283971502 0.915887038149 0.875012199486 0.841121716868 0.875012199486
369173620 0.504673820285 0.875012199486 0.579439141566 0.875012199486 0.579439141566 0.857152151989 0.504673820285 0.857152151989
369173624 0.672895793167 0.875012199486 0.747665065268 0.875012199486 0.747665065268 0.857152151989 0.672895793167 0.857152151989
369173628 0.841121716868 0.875012199486 0.915887038149 0.875012199486 0.915887038149 0.857152151989 0.841121716868 0.857152151989
369173636 0.504673820285 0.857152151989 0.579439141566 0.857152151989 0.579439141566 0.839292104493 0.504673820285 0.839292104493
369173640 0.672895793167 0.857152151989 0.747665065268 0.857152151989 0.747665065268 0.839292104493 0.672895793167 0.839292104493
369173644 0.841121716868 0.857152151989 0.915887038149 0.857152151989 0.915887038149 0.839292104493 0.841121716868 0.839292104493
369173652 0.504673820285 0.839292104493 0.579439141566 0.839292104493 0.579439141566 0.821432056996 0.504673820285 0.821432056996
369173656 0.672895793167 0.839292104493 0.747665065268 0.839292104493 0.747665065268 0.821432056996 0.672895793167 0.821432056996
369173660 0.841121716868 0.839292104493 0.915887038149 0.839292104493 0.915887038149 0.821432056996 0.841121716868 0.821432056996
369173668 0.504673820285 0.821432056996 0.579439141566 0.821432056996 0.579439141566 0.803572009499 0.504673820285 0.803572009499
369173672 0.672895793167 0.821432056996 0.747665065268 0.821432056996 0.747665065268 0.803572009499 0.672895793167 0.803572009499
369173676 0.841121716868 0.821432056996 0.915887038149 0.821432056996 0.915887038149 0.803572009499 0.841121716868 0.803572009499
369173684 0.504673820285 0.803572009499 0.579439141566 0.803572009499 0.579439141566 0.785711962003 0.504673820285 0.785711962003
369173688 0.672895793167 0.803572009499 0.747665065268 0.803572009499 0.747665065268 0.785711962003 0.672895793167 0.785711962003
369173692 0.841121716868 0.803572009499 0.915887038149 0.803572009499 0.915887038149 0.785711962003 0.841121716868 0.785711962003
369173700 0.504673820285 0.785711962003 0.579439141566 0.785711962003 0.579439141566 0.767851914506 0.504673820285 0.767851914506
369173704 0.672895793167 0.785711962003 0.747665065268 0.785711962003 0.747665065268 0.767851914506 0.672895793167 0.767851914506
369173708 0.841121716868 0.785711962003 0.915887038149 0.785711962003 0.915887038149 0.767851914506 0.841121716868 0.767851914506
369173716 0.504673820285 0.767851914506 0.579439141566 0.767851914506 0.579439141566 0.749991867009 0.504673820285 0.749991867009
369173720 0.672895793167 0.767851914506 0.747665065268 0.767851914506 0.747665065268 0.749991867009 0.672895793167 0.749991867009
369173724 0.841121716868 0.767851914506 0.915887038149 0.767851914506 0.915887038149 0.749991867009 0.841121716868 0.749991867009
369173732 0.504673820285 0.749991867009 0.579439141566 0.749991867009 0.579439141566 0.732131819513 0.504673820285 0.732131819513
369173736 0.672895793167 0.749991867009 0.747665065268 0.749991867009 0.747665065268 0.732131819513 0.672895793167 0.732131819513
369173740 0.841121716868 0.749991867009 0.915887038149 0.749991867009 0.915887038149 0.732131819513 0.841121716868 0.732131819513
369173748 0.504673820285 0.732131819513 0.579439141566 0.732131819513 0.579439141566 0.714271772016 0.504673820285 0.714271772016
369173752 0.672895793167 0.732131819513 0.747665065268 0.732131819513 0.747665065268 0.714271772016 0.672895793167 0.714271772016
369173756 0.841121716868 0.732131819513 0.915887038149 0.732131819513 0.915887038149 0.714271772016 0.841121716868 0.714271772016
369173764 0.504673820285 0.714271772016 0.579439141566 0.714271772016 0.579439141566 0.696411724519 0.504673820285 0.696411724519
369173768 0.672895793167 0.714271772016 0.747665065268 0.714271772016 0.747665065268 0.696411724519 0.672895793167 0.696411724519
369173772 0.841121716868 0.714271772016 0.915887038149 0.714271772016 0.915887038149 0.696411724519 0.841121716868 0.696411724519
369173780 0.504673820285 0.696411724519 0.579439141566 0.696411724519 0.579439141566 0.678584208985 0.504673820285 0.678584208985
369173784 0.672895793167 0.696411724519 0.747665065268 0.696411724519 0.747665065268 0.678584208985 0.672895793167 0.678584208985
369173788 0.841121716868 0.696411724519 0.915887038149 0.696411724519 0.915887038149 0.678584208985 0.841121716868 0.678584208985
369173796 0.504673820285 0.678584208985 0.579439141566 0.678584208985 0.579439141566 0.660724161489 0.504673820285 0.660724161489
369173800 0.672895793167 0.678584208985 0.747665065268 0.678584208985 0.747665065268 0.660724161489 0.672895793167 0.660724161489
369173804 0.841121716868 0.678584208985 0.915887038149 0.678584208985 0.915887038149 0.660724161489 0.841121716868 0.660724161489
369173812 0.504673820285 0.642864113992 0.579439141566 0.642864113992 0.579439141566 0.625004066495 0.504673820285 0.625004066495
369173816 0.672895793167 0.642864113992 0.747665065268 0.642864113992 0.747665065268 0.625004066495 0.672895793167 0.625004066495
369173820 0.841121716868 0.642864113992 0.915887038149 0.642864113992 0.915887038149 0.625004066495 0.841121716868 0.625004066495
369173828 0.504673820285 0.625004066495 0.579439141566 0.625004066495 0.579439141566 0.607144018999 0.504673820285 0.607144018999
369173832 0.672895793167 0.625004066495 0.747665065268 0.625004066495 0.747665065268 0.607144018999 0.672895793167 0.607144018999
369173836 0.841121716868 0.625004066495 0.915887038149 0.625004066495 0.915887038149 0.607144018999 0.841121716868 0.607144018999
369173844 0.504673820285 0.607144018999 0.579439141566 0.607144018999 0.579439141566 0.589283971502 0.504673820285 0.589283971502
369173848 0.672895793167 0.607144018999 0.747665065268 0.607144018999 0.747665065268 0.589283971502 0.672895793167 0.589283971502
369173852 0.841121716868 0.607144018999 0.915887038149 0.607144018999 0.915887038149 0.589283971502 0.841121716868 0.589283971502
369173860 0.504673820285 0.589283971502 0.579439141566 0.589283971502 0.579439141566 0.571423924005 0.504673820285 0.571423924005
369173864 0.672895793167 0.589283971502 0.747665065268 0.589283971502 0.747665065268 0.571423924005 0.672895793167 0.571423924005
369173868 0.841121716868 0.589283971502 0.915887038149 0.589283971502 0.915887038149 0.571423924005 0.841121716868 0.571423924005
369173876 0.504673820285 0.571423924005 0.579439141566 0.571423924005 0.579439141566 0.553563876509 0.504673820285 0.553563876509
369173880 0.672895793167 0.571423924005 0.747665065268 0.571423924005 0.747665065268 0.553563876509 0.672895793167 0.553563876509
369173884 0.841121716868 0.571423924005 0.915887038149 0.571423924005 0.915887038149 0.553563876509 0.841121716868 0.553563876509
369173892 0.504673820285 0.553563876509 0.579439141566 0.553563876509 0.579439141566 0.535703829012 0.504673820285 0.535703829012
369173896 0.672895793167 0.553563876509 0.747665065268 0.553563876509 0.747665065268 0.535703829012 0.672895793167 0.535703829012
369173900 0.841121716868 0.553563876509 0.915887038149 0.553563876509 0.915887038149 0.535703829012 0.841121716868 0.535703829012
369173908 0.504673820285 0.535703829012 0.579439141566 0.535703829012 0.579439141566 0.517843781515 0.504673820285 0.517843781515
369173912 0.672895793167 0.535703829012 0.747665065268 0.535703829012 0.747665065268 0.517843781515 0.672895793167 0.517843781515
369173916 0.841121716868 0.535703829012 0.915887038149 0.535703829012 0.915887038149 0.517843781515 0.841121716868 0.517843781515
369173924 0.504673820285 0.517843781515 0.579439141566 0.517843781515 0.579439141566 0.499983734019 0.504673820285 0.499983734019
369173928 0.672895793167 0.517843781515 0.747665065268 0.517843781515 0.747665065268 0.499983734019 0.672895793167 0.499983734019
369173932 0.841121716868 0.517843781515 0.915887038149 0.517843781515 0.915887038149 0.499983734019 0.841121716868 0.499983734019
369173940 0.504673820285 0.499983734019 0.579439141566 0.499983734019 0.579439141566 0.482123686522 0.504673820285 0.482123686522
369173944 0.672895793167 0.499983734019 0.747665065268 0.499983734019 0.747665065268 0.482123686522 0.672895793167 0.482123686522
369173948 0.841121716868 0.499983734019 0.915887038149 0.499983734019 0.915887038149 0.482123686522 0.841121716868 0.482123686522
369173956 0.504673820285 0.482123686522 0.579439141566 0.482123686522 0.579439141566 0.464296170988 0.504673820285 0.464296170988
369173960 0.672895793167 0.482123686522 0.747665065268 0.482123686522 0.747665065268 0.464296170988 0.672895793167 0.464296170988
369173964 0.841121716868 0.482123686522 0.915887038149 0.482123686522 0.915887038149 0.464296170988 0.841121716868 0.464296170988
369173972 0.504673820285 0.464296170988 0.579439141566 0.464296170988 0.579439141566 0.446436123491 0.504673820285 0.446436123491
369173976 0.672895793167 0.464296170988 0.747665065268 0.464296170988 0.747665065268 0.446436123491 0.672895793167 0.446436123491
369173980 0.841121716868 0.464296170988 0.915887038149 0.464296170988 0.915887038149 0.446436123491 0.841121716868 0.446436123491
369173988 0.504673820285 0.446436123491 0.579439141566 0.446436123491 0.579439141566 0.428576075995 0.504673820285 0.428576075995
369173992 0.672895793167 0.446436123491 0.747665065268 0.446436123491 0.747665065268 0.428576075995 0.672895793167 0.428576075995
369173996 0.841121716868 0.446436123491 0.915887038149 0.446436123491 0.915887038149 0.428576075995 0.841121716868 0.428576075995
369174004 0.504673820285 0.428576075995 0.579439141566 0.428576075995 0.579439141566 0.410716028498 0.504673820285 0.410716028498
369174008 0.672895793167 0.428576075995 0.747665065268 0.428576075995 0.747665065268 0.410716028498 0.672895793167 0.410716028498
369174012 0.841121716868 0.428576075995 0.915887038149 0.428576075995 0.915887038149 0.410716028498 0.841121716868 0.410716028498
369174020 0.504673820285 0.392855981001 0.579439141566 0.392855981001 0.579439141566 0.374995933505 0.504673820285 0.374995933505
369174024 0.672895793167 0.392855981001 0.747665065268 0.392855981001 0.747665065268 0.374995933505 0.672895793167 0.374995933505
369174028 0.841121716868 0.392855981001 0.915887038149 0.392855981001 0.915887038149 0.374995933505 0.841121716868 0.374995933505
369174036 0.504673820285 0.374995933505 0.579439141566 0.374995933505 0.579439141566 0.357135886008 0.504673820285 0.357135886008
369174040 0.672895793167 0.374995933505 0.747665065268 0.374995933505 0.747665065268 0.357135886008 0.672895793167 0.357135886008
369174044 0.841121716868 0.374995933505 0.915887038149 0.374995933505 0.915887038149 0.357135886008 0.841121716868 0.357135886008
369174052 0.504673820285 0.357135886008 0.579439141566 0.357135886008 0.579439141566 0.339275838511 0.504673820285 0.339275838511
369174056 0.672895793167 0.357135886008 0.747665065268 0.357135886008 0.747665065268 0.339275838511 0.672895793167 0.339275838511
369174060 0.841121716868 0.357135886008 0.915887038149 0.357135886008 0.915887038149 0.339275838511 0.841121716868 0.339275838511
369174068 0.504673820285 0.339275838511 0.579439141566 0.339275838511 0.579439141566 0.321415791015 0.504673820285 0.321415791015
369174072 0.672895793167 0.339275838511 0.747665065268 0.339275838511 0.747665065268 0.321415791015 0.672895793167 0.321415791015
369174076 0.841121716868 0.339275838511 0.915887038149 0.339275838511 0.915887038149 0.321415791015 0.841121716868 0.321415791015
369174084 0.504673820285 0.321415791015 0.579439141566 0.321415791015 0.579439141566 0.303555743518 0.504673820285 0.303555743518
369174088 0.672895793167 0.321415791015 0.747665065268 0.321415791015 0.747665065268 0.303555743518 0.672895793167 0.303555743518
369174092 0.841121716868 0.321415791015 0.915887038149 0.321415791015 0.915887038149 0.303555743518 0.841121716868 0.303555743518
369174100 0.504673820285 0.303555743518 0.579439141566 0.303555743518 0.579439141566 0.285695696021 0.504673820285 0.285695696021
369174104 0.672895793167 0.303555743518 0.747665065268 0.303555743518 0.747665065268 0.285695696021 0.672895793167 0.285695696021
369174108 0.841121716868 0.303555743518 0.915887038149 0.303555743518 0.915887038149 0.285695696021 0.841121716868 0.285695696021
369174116 0.504673820285 0.285695696021 0.579439141566 0.285695696021 0.579439141566 0.267835648525 0.504673820285 0.267835648525
369174120 0.672895793167 0.285695696021 0.747665065268 0.285695696021 0.747665065268 0.267835648525 0.672895793167 0.267835648525
369174124 0.841121716868 0.285695696021 0.915887038149 0.285695696021 0.915887038149 0.267835648525 0.841121716868 0.267835648525
369174132 0.504673820285 0.267835648525 0.579439141566 0.267835648525 0.579439141566 0.250008132991 0.504673820285 0.250008132991
369174136 0.672895793167 0.267835648525 0.747665065268 0.267835648525 0.747665065268 0.250008132991 0.672895793167 0.250008132991
369174140 0.841121716868 0.267835648525 0.915887038149 0.267835648525 0.915887038149 0.250008132991 0.841121716868 0.250008132991
369174148 0.504673820285 0.250008132991 0.579439141566 0.250008132991 0.579439141566 0.232148085494 0.504673820285 0.232148085494
369174152 0.672895793167 0.250008132991 0.747665065268 0.250008132991 0.747665065268 0.232148085494 0.672895793167 0.232148085494
369174156 0.841121716868 0.250008132991 0.915887038149 0.250008132991 0.915887038149 0.232148085494 0.841121716868 0.232148085494
369174164 0.504673820285 0.232148085494 0.579439141566 0.232148085494 0.579439141566 0.214288037997 0.504673820285 0.214288037997
369174168 0.672895793167 0.232148085494 0.747665065268 0.232148085494 0.747665065268 0.214288037997 0.672895793167 0.214288037997
369174172 0.841121716868 0.232148085494 0.915887038149 0.232148085494 0.915887038149 0.214288037997 0.841121716868 0.214288037997
369174180 0.504673820285 0.214288037997 0.579439141566 0.214288037997 0.579439141566 0.196427990501 0.504673820285 0.196427990501
369174184 0.672895793167 0.214288037997 0.747665065268 0.214288037997 0.747665065268 0.196427990501 0.672895793167 0.196427990501
369174188 0.841121716868 0.214288037997 0.915887038149 0.214288037997 0.915887038149 0.196427990501 0.841121716868 0.196427990501
369174196 0.504673820285 0.196427990501 0.579439141566 0.196427990501 0.579439141566 0.178567943004 0.504673820285 0.178567943004
369174200 0.672895793167 0.196427990501 0.747665065268 0.196427990501 0.747665065268 0.178567943004 0.672895793167 0.178567943004
369174204 0.841121716868 0.196427990501 0.915887038149 0.196427990501 0.915887038149 0.178567943004 0.841121716868 0.178567943004
369174212 0.504673820285 0.178567943004 0.579439141566 0.178567943004 0.579439141566 0.160707895507 0.504673820285 0.160707895507
369174216 0.672895793167 0.178567943004 0.747665065268 0.178567943004 0.747665065268 0.160707895507 0.672895793167 0.160707895507
369174220 0.841121716868 0.178567943004 0.915887038149 0.178567943004 0.915887038149 0.160707895507 0.841121716868 0.160707895507
369174228 0.504673820285 0.142847848011 0.579439141566 0.142847848011 0.579439141566 0.124987800514 0.504673820285 0.124987800514
369174232 0.672895793167 0.142847848011 0.747665065268 0.142847848011 0.747665065268 0.124987800514 0.672895793167 0.124987800514
369174236 0.841121716868 0.142847848011 0.915887038149 0.142847848011 0.915887038149 0.124987800514 0.841121716868 0.124987800514
369174244 0.504673820285 0.124987800514 0.579439141566 0.124987800514 0.579439141566 0.107127753017 0.504673820285 0.107127753017
369174248 0.672895793167 0.124987800514 0.747665065268 0.124987800514 0.747665065268 0.107127753017 0.672895793167 0.107127753017
369174252 0.841121716868 0.124987800514 0.915887038149 0.124987800514 0.915887038149 0.107127753017 0.841121716868 0.107127753017
369174260 0.504673820285 0.107127753017 0.579439141566 0.107127753017 0.579439141566 0.0892677055207 0.504673820285 0.0892677055207
369174264 0.672895793167 0.107127753017 0.747665065268 0.107127753017 0.747665065268 0.0892677055207 0.672895793167 0.0892677055207
369174268 0.841121716868 0.107127753017 0.915887038149 0.107127753017 0.915887038149 0.0892677055207 0.841121716868 0.0892677055207
369174276 0.504673820285 0.0892677055207 0.579439141566 0.0892677055207 0.579439141566 0.071407658024 0.504673820285 0.071407658024
369174280 0.672895793167 0.0892677055207 0.747665065268 0.0892677055207 0.747665065268 0.071407658024 0.672895793167 0.071407658024
369174284 0.841121716868 0.0892677055207 0.915887038149 0.0892677055207 0.915887038149 0.071407658024 0.841121716868 0.071407658024
369174292 0.504673820285 0.071407658024 0.579439141566 0.071407658024 0.579439141566 0.0535476105273 0.504673820285 0.0535476105273
369174296 0.672895793167 0.071407658024 0.747665065268 0.071407658024 0.747665065268 0.0535476105273 0.672895793167 0.0535476105273
369174300 0.841121716868 0.071407658024 0.915887038149 0.071407658024 0.915887038149 0.0535476105273 0.841121716868 0.0535476105273
369174308 0.504673820285 0.0535476105273 0.579439141566 0.0535476105273 0.579439141566 0.0357200949933 0.504673820285 0.0357200949933
369174312 0.672895793167 0.0535476105273 0.747665065268 0.0535476105273 0.747665065268 0.0357200949933 0.672895793167 0.0357200949933
369174316 0.841121716868 0.0535476105273 0.915887038149 0.0535476105273 0.915887038149 0.0357200949933 0.841121716868 0.0357200949933
369174324 0.504673820285 0.0357200949933 0.579439141566 0.0357200949933 0.579439141566 0.0178600474967 0.504673820285 0.0178600474967
369174328 0.672895793167 0.0357200949933 0.747665065268 0.0357200949933 0.747665065268 0.0178600474967 0.672895793167 0.0178600474967
369174332 0.841121716868 0.0357200949933 0.915887038149 0.0357200949933 0.915887038149 0.0178600474967 0.841121716868 0.0178600474967
369174340 0.504673820285 0.0178600474967 0.579439141566 0.0178600474967 0.579439141566 0.0 0.504673820285 0.0
369174344 0.672895793167 0.0178600474967 0.747665065268 0.0178600474967 0.747665065268 0.0 0.672895793167 0.0
369174348 0.841121716868 0.0178600474967 0.915887038149 0.0178600474967 0.915887038149 0.0 0.841121716868 0.0
369174548 0.588786782136 1.0 0.663552103417 1.0 0.663552103417 0.982139952503 0.588786782136 0.982139952503
369174552 0.757008755018 1.0 0.831774076298 1.0 0.831774076298 0.982139952503 0.757008755018 0.982139952503
369174556 0.925234678719 1.0 1.0 1.0 1.0 0.982139952503 0.925234678719 0.982139952503
369174564 0.588786782136 0.982139952503 0.663552103417 0.982139952503 0.663552103417 0.964279905007 0.588786782136 0.964279905007
369174568 0.757008755018 0.982139952503 0.831774076298 0.982139952503 0.831774076298 0.964279905007 0.757008755018 0.964279905007
369174572 0.925234678719 0.982139952503 1.0 0.982139952503 1.0 0.964279905007 0.925234678719 0.964279905007
369174580 0.588786782136 0.964279905007 0.663552103417 0.964279905007 0.663552103417 0.94641985751 0.588786782136 0.94641985751
369174584 0.757008755018 0.964279905007 0.831774076298 0.964279905007 0.831774076298 0.94641985751 0.757008755018 0.94641985751
369174588 0.925234678719 0.964279905007 1.0 0.964279905007 1.0 0.94641985751 0.925234678719 0.94641985751
369174596 0.588786782136 0.94641985751 0.663552103417 0.94641985751 0.663552103417 0.928559810013 0.588786782136 0.928559810013
369174600 0.757008755018 0.94641985751 0.831774076298 0.94641985751 0.831774076298 0.928559810013 0.757008755018 0.928559810013
369174604 0.925234678719 0.94641985751 1.0 0.94641985751 1.0 0.928559810013 0.925234678719 0.928559810013
369174612 0.588786782136 0.928559810013 0.663552103417 0.928559810013 0.663552103417 0.910699762517 0.588786782136 0.910699762517
369174616 0.757008755018 0.928559810013 0.831774076298 0.928559810013 0.831774076298 0.910699762517 0.757008755018 0.910699762517
369174620 0.925234678719 0.928559810013 1.0 0.928559810013 1.0 0.910699762517 0.925234678719 0.910699762517
369174628 0.588786782136 0.910699762517 0.663552103417 0.910699762517 0.663552103417 0.89283971502 0.588786782136 0.89283971502
369174632 0.757008755018 0.910699762517 0.831774076298 0.910699762517 0.831774076298 0.89283971502 0.757008755018 0.89283971502
369174636 0.925234678719 0.910699762517 1.0 0.910699762517 1.0 0.89283971502 0.925234678719 0.89283971502
369174644 0.588786782136 0.89283971502 0.663552103417 0.89283971502 0.663552103417 0.875012199486 0.588786782136 0.875012199486
369174648 0.757008755018 0.89283971502 0.831774076298 0.89283971502 0.831774076298 0.875012199486 0.757008755018 0.875012199486
369174652 0.925234678719 0.89283971502 1.0 0.89283971502 1.0 0.875012199486 0.925234678719 0.875012199486
369174660 0.588786782136 0.875012199486 0.663552103417 0.875012199486 0.663552103417 0.857152151989 0.588786782136 0.857152151989
369174664 0.757008755018 0.875012199486 0.831774076298 0.875012199486 0.831774076298 0.857152151989 0.757008755018 0.857152151989
369174668 0.925234678719 0.875012199486 1.0 0.875012199486 1.0 0.857152151989 0.925234678719 0.857152151989
369174676 0.588786782136 0.857152151989 0.663552103417 0.857152151989 0.663552103417 0.839292104493 0.588786782136 0.839292104493
369174680 0.757008755018 0.857152151989 0.831774076298 0.857152151989 0.831774076298 0.839292104493 0.757008755018 0.839292104493
369174684 0.925234678719 0.857152151989 1.0 0.857152151989 1.0 0.839292104493 0.925234678719 0.839292104493
369174692 0.588786782136 0.839292104493 0.663552103417 0.839292104493 0.663552103417 0.821432056996 0.588786782136 0.821432056996
369174696 0.757008755018 0.839292104493 0.831774076298 0.839292104493 0.831774076298 0.821432056996 0.757008755018 0.821432056996
369174700 0.925234678719 0.839292104493 1.0 0.839292104493 1.0 0.821432056996 0.925234678719 0.821432056996
369174708 0.588786782136 0.821432056996 0.663552103417 0.821432056996 0.663552103417 0.803572009499 0.588786782136 0.803572009499
369174712 0.757008755018 0.821432056996 0.831774076298 0.821432056996 0.831774076298 0.803572009499 0.757008755018 0.803572009499
369174716 0.925234678719 0.821432056996 1.0 0.821432056996 1.0 0.803572009499 0.925234678719 0.803572009499
369174724 0.588786782136 0.803572009499 0.663552103417 0.803572009499 0.663552103417 0.785711962003 0.588786782136 0.785711962003
369174728 0.757008755018 0.803572009499 0.831774076298 0.803572009499 0.831774076298 0.785711962003 0.757008755018 0.785711962003
369174732 0.925234678719 0.803572009499 1.0 0.803572009499 1.0 0.785711962003 0.925234678719 0.785711962003
369174740 0.588786782136 0.785711962003 0.663552103417 0.785711962003 0.663552103417 0.767851914506 0.588786782136 0.767851914506
369174744 0.757008755018 0.785711962003 0.831774076298 0.785711962003 0.831774076298 0.767851914506 0.757008755018 0.767851914506
369174748 0.925234678719 0.785711962003 1.0 0.785711962003 1.0 0.767851914506 0.925234678719 0.767851914506
369174756 0.588786782136 0.767851914506 0.663552103417 0.767851914506 0.663552103417 0.749991867009 0.588786782136 0.749991867009
369174760 0.757008755018 0.767851914506 0.831774076298 0.767851914506 0.831774076298 0.749991867009 0.757008755018 0.749991867009
369174764 0.925234678719 0.767851914506 1.0 0.767851914506 1.0 0.749991867009 0.925234678719 0.749991867009
369174772 0.588786782136 0.749991867009 0.663552103417 0.749991867009 0.663552103417 0.732131819513 0.588786782136 0.732131819513
369174776 0.757008755018 0.749991867009 0.831774076298 0.749991867009 0.831774076298 0.732131819513 0.757008755018 0.732131819513
369174780 0.925234678719 0.749991867009 1.0 0.749991867009 1.0 0.732131819513 0.925234678719 0.732131819513
369174788 0.588786782136 0.732131819513 0.663552103417 0.732131819513 0.663552103417 0.714271772016 0.588786782136 0.714271772016
369174792 0.757008755018 0.732131819513 0.831774076298 0.732131819513 0.831774076298 0.714271772016 0.757008755018 0.714271772016
369174796 0.925234678719 0.732131819513 1.0 0.732131819513 1.0 0.714271772016 0.925234678719 0.714271772016
369174804 0.588786782136 0.714271772016 0.663552103417 0.714271772016 0.663552103417 0.696411724519 0.588786782136 0.696411724519
369174808 0.757008755018 0.714271772016 0.831774076298 0.714271772016 0.831774076298 0.696411724519 0.757008755018 0.696411724519
369174812 0.925234678719 0.714271772016 1.0 0.714271772016 1.0 0.696411724519 0.925234678719 0.696411724519
369174820 0.588786782136 0.696411724519 0.663552103417 0.696411724519 0.663552103417 0.678584208985 0.588786782136 0.678584208985
369174824 0.757008755018 0.696411724519 0.831774076298 0.696411724519 0.831774076298 0.678584208985 0.757008755018 0.678584208985
369174828 0.925234678719 0.696411724519 1.0 0.696411724519 1.0 0.678584208985 0.925234678719 0.678584208985
369174836 0.588786782136 0.678584208985 0.663552103417 0.678584208985 0.663552103417 0.660724161489 0.588786782136 0.660724161489
369174840 0.757008755018 0.678584208985 0.831774076298 0.678584208985 0.831774076298 0.660724161489 0.757008755018 0.660724161489
369174844 0.925234678719 0.678584208985 1.0 0.678584208985 1.0 0.660724161489 0.925234678719 0.660724161489
369174852 0.588786782136 0.660724161489 0.663552103417 0.660724161489 0.663552103417 0.642864113992 0.588786782136 0.642864113992
369174856 0.757008755018 0.660724161489 0.831774076298 0.660724161489 0.831774076298 0.642864113992 0.757008755018 0.642864113992
369174860 0.925234678719 0.660724161489 1.0 0.660724161489 1.0 0.642864113992 0.925234678719 0.642864113992
369174868 0.588786782136 0.642864113992 0.663552103417 0.642864113992 0.663552103417 0.625004066495 0.588786782136 0.625004066495
369174872 0.757008755018 0.642864113992 0.831774076298 0.642864113992 0.831774076298 0.625004066495 0.757008755018 0.625004066495
369174876 0.925234678719 0.642864113992 1.0 0.642864113992 1.0 0.625004066495 0.925234678719 0.625004066495
369174884 0.588786782136 0.625004066495 0.663552103417 0.625004066495 0.663552103417 0.607144018999 0.588786782136 0.607144018999
369174888 0.757008755018 0.625004066495 0.831774076298 0.625004066495 0.831774076298 0.607144018999 0.757008755018 0.607144018999
369174892 0.925234678719 0.625004066495 1.0 0.625004066495 1.0 0.607144018999 0.925234678719 0.607144018999
369174900 0.588786782136 0.607144018999 0.663552103417 0.607144018999 0.663552103417 0.589283971502 0.588786782136 0.589283971502
369174904 0.757008755018 0.607144018999 0.831774076298 0.607144018999 0.831774076298 0.589283971502 0.757008755018 0.589283971502
369174908 0.925234678719 0.607144018999 1.0 0.607144018999 1.0 0.589283971502 0.925234678719 0.589283971502
369174916 0.588786782136 0.589283971502 0.663552103417 0.589283971502 0.663552103417 0.571423924005 0.588786782136 0.571423924005
369174920 0.757008755018 0.589283971502 0.831774076298 0.589283971502 0.831774076298 0.571423924005 0.757008755018 0.571423924005
369174924 0.925234678719 0.589283971502 1.0 0.589283971502 1.0 0.571423924005 0.925234678719 0.571423924005
369174932 0.588786782136 0.571423924005 0.663552103417 0.571423924005 0.663552103417 0.553563876509 0.588786782136 0.553563876509
369174936 0.757008755018 0.571423924005 0.831774076298 0.571423924005 0.831774076298 0.553563876509 0.757008755018 0.553563876509
369174940 0.925234678719 0.571423924005 1.0 0.571423924005 1.0 0.553563876509 0.925234678719 0.553563876509
369174948 0.588786782136 0.553563876509 0.663552103417 0.553563876509 0.663552103417 0.535703829012 0.588786782136 0.535703829012
369174952 0.757008755018 0.553563876509 0.831774076298 0.553563876509 0.831774076298 0.535703829012 0.757008755018 0.535703829012
369174956 0.925234678719 0.553563876509 1.0 0.553563876509 1.0 0.535703829012 0.925234678719 0.535703829012
369174964 0.588786782136 0.535703829012 0.663552103417 0.535703829012 0.663552103417 0.517843781515 0.588786782136 0.517843781515
369174968 0.757008755018 0.535703829012 0.831774076298 0.535703829012 0.831774076298 0.517843781515 0.757008755018 0.517843781515
369174972 0.925234678719 0.535703829012 1.0 0.535703829012 1.0 0.517843781515 0.925234678719 0.517843781515
369174980 0.588786782136 0.517843781515 0.663552103417 0.517843781515 0.663552103417 0.499983734019 0.588786782136 0.499983734019
369174984 0.757008755018 0.517843781515 0.831774076298 0.517843781515 0.831774076298 0.499983734019 0.757008755018 0.499983734019
369174988 0.925234678719 0.517843781515 1.0 0.517843781515 1.0 0.499983734019 0.925234678719 0.499983734019
369174996 0.588786782136 0.499983734019 0.663552103417 0.499983734019 0.663552103417 0.482123686522 0.588786782136 0.482123686522
369175000 0.757008755018 0.499983734019 0.831774076298 0.499983734019 0.831774076298 0.482123686522 0.757008755018 0.482123686522
369175004 0.925234678719 0.499983734019 1.0 0.499983734019 1.0 0.482123686522 0.925234678719 0.482123686522
369175012 0.588786782136 0.482123686522 0.663552103417 0.482123686522 0.663552103417 0.464296170988 0.588786782136 0.464296170988
369175016 0.757008755018 0.482123686522 0.831774076298 0.482123686522 0.831774076298 0.464296170988 0.757008755018 0.464296170988
369175020 0.925234678719 0.482123686522 1.0 0.482123686522 1.0 0.464296170988 0.925234678719 0.464296170988
369175028 0.588786782136 0.464296170988 0.663552103417 0.464296170988 0.663552103417 0.446436123491 0.588786782136 0.446436123491
369175032 0.757008755018 0.464296170988 0.831774076298 0.464296170988 0.831774076298 0.446436123491 0.757008755018 0.446436123491
369175036 0.925234678719 0.464296170988 1.0 0.464296170988 1.0 0.446436123491 0.925234678719 0.446436123491
369175044 0.588786782136 0.446436123491 0.663552103417 0.446436123491 0.663552103417 0.428576075995 0.588786782136 0.428576075995
369175048 0.757008755018 0.446436123491 0.831774076298 0.446436123491 0.831774076298 0.428576075995 0.757008755018 0.428576075995
369175052 0.925234678719 0.446436123491 1.0 0.446436123491 1.0 0.428576075995 0.925234678719 0.428576075995
369175060 0.588786782136 0.428576075995 0.663552103417 0.428576075995 0.663552103417 0.410716028498 0.588786782136 0.410716028498
369175064 0.757008755018 0.428576075995 0.831774076298 0.428576075995 0.831774076298 0.410716028498 0.757008755018 0.410716028498
369175068 0.925234678719 0.428576075995 1.0 0.428576075995 1.0 0.410716028498 0.925234678719 0.410716028498
369175076 0.588786782136 0.410716028498 0.663552103417 0.410716028498 0.663552103417 0.392855981001 0.588786782136 0.392855981001
369175080 0.757008755018 0.410716028498 0.831774076298 0.410716028498 0.831774076298 0.392855981001 0.757008755018 0.392855981001
369175084 0.925234678719 0.410716028498 1.0 0.410716028498 1.0 0.392855981001 0.925234678719 0.392855981001
369175092 0.588786782136 0.392855981001 0.663552103417 0.392855981001 0.663552103417 0.374995933505 0.588786782136 0.374995933505
369175096 0.757008755018 0.392855981001 0.831774076298 0.392855981001 0.831774076298 0.374995933505 0.757008755018 0.374995933505
369175100 0.925234678719 0.392855981001 1.0 0.392855981001 1.0 0.374995933505 0.925234678719 0.374995933505
369175108 0.588786782136 0.374995933505 0.663552103417 0.374995933505 0.663552103417 0.357135886008 0.588786782136 0.357135886008
369175112 0.757008755018 0.374995933505 0.831774076298 0.374995933505 0.831774076298 0.357135886008 0.757008755018 0.357135886008
369175116 0.925234678719 0.374995933505 1.0 0.374995933505 1.0 0.357135886008 0.925234678719 0.357135886008
369175124 0.588786782136 0.357135886008 0.663552103417 0.357135886008 0.663552103417 0.339275838511 0.588786782136 0.339275838511
369175128 0.757008755018 0.357135886008 0.831774076298 0.357135886008 0.831774076298 0.339275838511 0.757008755018 0.339275838511
369175132 0.925234678719 0.357135886008 1.0 0.357135886008 1.0 0.339275838511 0.925234678719 0.339275838511
369175140 0.588786782136 0.339275838511 0.663552103417 0.339275838511 0.663552103417 0.321415791015 0.588786782136 0.321415791015
369175144 0.757008755018 0.339275838511 0.831774076298 0.339275838511 0.831774076298 0.321415791015 0.757008755018 0.321415791015
369175148 0.925234678719 0.339275838511 1.0 0.339275838511 1.0 0.321415791015 0.925234678719 0.321415791015
369175156 0.588786782136 0.321415791015 0.663552103417 0.321415791015 0.663552103417 0.303555743518 0.588786782136 0.303555743518
369175160 0.757008755018 0.321415791015 0.831774076298 0.321415791015 0.831774076298 0.303555743518 0.757008755018 0.303555743518
369175164 0.925234678719 0.321415791015 1.0 0.321415791015 1.0 0.303555743518 0.925234678719 0.303555743518
369175172 0.588786782136 0.303555743518 0.663552103417 0.303555743518 0.663552103417 0.285695696021 0.588786782136 0.285695696021
369175176 0.757008755018 0.303555743518 0.831774076298 0.303555743518 0.831774076298 0.285695696021 0.757008755018 0.285695696021
369175180 0.925234678719 0.303555743518 1.0 0.303555743518 1.0 0.285695696021 0.925234678719 0.285695696021
369175188 0.588786782136 0.285695696021 0.663552103417 0.285695696021 0.663552103417 0.267835648525 0.588786782136 0.267835648525
369175192 0.757008755018 0.285695696021 0.831774076298 0.285695696021 0.831774076298 0.267835648525 0.757008755018 0.267835648525
369175196 0.925234678719 0.285695696021 1.0 0.285695696021 1.0 0.267835648525 0.925234678719 0.267835648525
369175204 0.588786782136 0.267835648525 0.663552103417 0.267835648525 0.663552103417 0.250008132991 0.588786782136 0.250008132991
369175208 0.757008755018 0.267835648525 0.831774076298 0.267835648525 0.831774076298 0.250008132991 0.757008755018 0.250008132991
369175212 0.925234678719 0.267835648525 1.0 0.267835648525 1.0 0.250008132991 0.925234678719 0.250008132991
369175220 0.588786782136 0.250008132991 0.663552103417 0.250008132991 0.663552103417 0.232148085494 0.588786782136 0.232148085494
369175224 0.757008755018 0.250008132991 0.831774076298 0.250008132991 0.831774076298 0.232148085494 0.757008755018 0.232148085494
369175228 0.925234678719 0.250008132991 1.0 0.250008132991 1.0 0.232148085494 0.925234678719 0.232148085494
369175236 0.588786782136 0.232148085494 0.663552103417 0.232148085494 0.663552103417 0.214288037997 0.588786782136 0.214288037997
369175240 0.757008755018 0.232148085494 0.831774076298 0.232148085494 0.831774076298 0.214288037997 0.757008755018 0.214288037997
369175244 0.925234678719 0.232148085494 1.0 0.232148085494 1.0 0.214288037997 0.925234678719 0.214288037997
369175252 0.588786782136 0.214288037997 0.663552103417 0.214288037997 0.663552103417 0.196427990501 0.588786782136 0.196427990501
369175256 0.757008755018 0.214288037997 0.831774076298 0.214288037997 0.831774076298 0.196427990501 0.757008755018 0.196427990501
369175260 0.925234678719 0.214288037997 1.0 0.214288037997 1.0 0.196427990501 0.925234678719 0.196427990501
369175268 0.588786782136 0.196427990501 0.663552103417 0.196427990501 0.663552103417 0.178567943004 0.588786782136 0.178567943004
369175272 0.757008755018 0.196427990501 0.831774076298 0.196427990501 0.831774076298 0.178567943004 0.757008755018 0.178567943004
369175276 0.925234678719 0.196427990501 1.0 0.196427990501 1.0 0.178567943004 0.925234678719 0.178567943004
369175284 0.588786782136 0.178567943004 0.663552103417 0.178567943004 0.663552103417 0.160707895507 0.588786782136 0.160707895507
369175288 0.757008755018 0.178567943004 0.831774076298 0.178567943004 0.831774076298 0.160707895507 0.757008755018 0.160707895507
369175292 0.925234678719 0.178567943004 1.0 0.178567943004 1.0 0.160707895507 0.925234678719 0.160707895507
369175300 0.588786782136 0.160707895507 0.663552103417 0.160707895507 0.663552103417 0.142847848011 0.588786782136 0.142847848011
369175304 0.757008755018 0.160707895507 0.831774076298 0.160707895507 0.831774076298 0.142847848011 0.757008755018 0.142847848011
369175308 0.925234678719 0.160707895507 1.0 0.160707895507 1.0 0.142847848011 0.925234678719 0.142847848011
369175316 0.588786782136 0.142847848011 0.663552103417 0.142847848011 0.663552103417 0.124987800514 0.588786782136 0.124987800514
369175320 0.757008755018 0.142847848011 0.831774076298 0.142847848011 0.831774076298 0.124987800514 0.757008755018 0.124987800514
369175324 0.925234678719 0.142847848011 1.0 0.142847848011 1.0 0.124987800514 0.925234678719 0.124987800514
369175332 0.588786782136 0.124987800514 0.663552103417 0.124987800514 0.663552103417 0.107127753017 0.588786782136 0.107127753017
369175336 0.757008755018 0.124987800514 0.831774076298 0.124987800514 0.831774076298 0.107127753017 0.757008755018 0.107127753017
369175340 0.925234678719 0.124987800514 1.0 0.124987800514 1.0 0.107127753017 0.925234678719 0.107127753017
369175348 0.588786782136 0.107127753017 0.663552103417 0.107127753017 0.663552103417 0.0892677055207 0.588786782136 0.0892677055207
369175352 0.757008755018 0.107127753017 0.831774076298 0.107127753017 0.831774076298 0.0892677055207 0.757008755018 0.0892677055207
369175356 0.925234678719 0.107127753017 1.0 0.107127753017 1.0 0.0892677055207 0.925234678719 0.0892677055207
369175364 0.588786782136 0.0892677055207 0.663552103417 0.0892677055207 0.663552103417 0.071407658024 0.588786782136 0.071407658024
369175368 0.757008755018 0.0892677055207 0.831774076298 0.0892677055207 0.831774076298 0.071407658024 0.757008755018 0.071407658024
369175372 0.925234678719 0.0892677055207 1.0 0.0892677055207 1.0 0.071407658024 0.925234678719 0.071407658024
369175380 0.588786782136 0.071407658024 0.663552103417 0.071407658024 0.663552103417 0.0535476105273 0.588786782136 0.0535476105273
369175384 0.757008755018 0.071407658024 0.831774076298 0.071407658024 0.831774076298 0.0535476105273 0.757008755018 0.0535476105273
369175388 0.925234678719 0.071407658024 1.0 0.071407658024 1.0 0.0535476105273 0.925234678719 0.0535476105273
369175396 0.588786782136 0.0535476105273 0.663552103417 0.0535476105273 0.663552103417 0.0357200949933 0.588786782136 0.0357200949933
369175400 0.757008755018 0.0535476105273 0.831774076298 0.0535476105273 0.831774076298 0.0357200949933 0.757008755018 0.0357200949933
369175404 0.925234678719 0.0535476105273 1.0 0.0535476105273 1.0 0.0357200949933 0.925234678719 0.0357200949933
369175412 0.588786782136 0.0357200949933 0.663552103417 0.0357200949933 0.663552103417 0.0178600474967 0.588786782136 0.0178600474967
369175416 0.757008755018 0.0357200949933 0.831774076298 0.0357200949933 0.831774076298 0.0178600474967 0.757008755018 0.0178600474967
369175420 0.925234678719 0.0357200949933 1.0 0.0357200949933 1.0 0.0178600474967 0.925234678719 0.0178600474967
369175428 0.588786782136 0.0178600474967 0.663552103417 0.0178600474967 0.663552103417 0.0 0.588786782136 0.0
369175432 0.757008755018 0.0178600474967 0.831774076298 0.0178600474967 0.831774076298 0.0 0.757008755018 0.0
369175436 0.925234678719 0.0178600474967 1.0 0.0178600474967 1.0 0.0 0.925234678719 0.0
