# Xscale/Yscale
# 110.82/65.179
402672261 0.747608734885 0.457601374676 0.832611441978 0.446631583792 0.814473921675 0.378756961598
402672262 0.814473921675 0.378756961598 0.735336581844 0.411727703708 0.747608734885 0.457616717041
402672265 0.693286410395 0.339142975498 0.761414907056 0.286963592568 0.711694639957 0.237346384572
402672266 0.711694639957 0.237361726937 0.659628225952 0.305604565888 0.693286410395 0.339142975498
402672269 0.587258617578 0.263765936882 0.620104674247 0.184507279952 0.552246886844 0.166449316498
402672270 0.552246886844 0.166449316498 0.541328280094 0.251568756808 0.587258617578 0.263765936882
402672273 0.457769355712 0.251752865187 0.446489803285 0.166679451971 0.378722252301 0.185028920358
402672274 0.378722252301 0.185044262723 0.411929254647 0.264149496003 0.457769355712 0.251752865187
402672277 0.339108464176 0.306049494469 0.286771340913 0.238067475721 0.237321783072 0.28794550392
402672278 0.237321783072 0.28794550392 0.305720988991 0.339756670093 0.339108464176 0.306049494469
402672281 0.263490344703 0.412280028844 0.184172532034 0.379585449301 0.166305720989 0.447521440955
402672282 0.166305720989 0.447521440955 0.251398664501 0.458199726906 0.263490344703 0.412280028844
402672285 0.25148890092 0.541953696743 0.166395957408 0.553199650194 0.18480418697 0.621012902929
402672286 0.18480418697 0.621012902929 0.263851290381 0.587796682981 0.25148890092 0.541953696743
402672289 0.305811225411 0.66044278065 0.237682728749 0.71262216358 0.287402995849 0.762224029212
402672290 0.287402995849 0.762239371577 0.339379173434 0.693981190261 0.305811225411 0.66044278065
402672293 0.412199963905 0.735666395618 0.379263670818 0.814863683088 0.447121458221 0.833029043097
402672294 0.447121458221 0.833044385462 0.45813030139 0.747940287516 0.412199963905 0.735666395618
402672297 0.54186969861 0.747725494408 0.552878541779 0.832829592353 0.620736329182 0.81467957471
402672298 0.620736329182 0.814694917075 0.587800036095 0.735466944875 0.54186969861 0.747725494408
402672301 0.660259880888 0.693551604044 0.712236058473 0.76180978536 0.761956325573 0.712207919729
402672302 0.762046561992 0.712207919729 0.693918065331 0.660013194434 0.660259880888 0.693551604044
402672305 0.735607291103 0.587351754399 0.814744630933 0.620475920158 0.833062624075 0.552647325059
402672306 0.833062624075 0.552647325059 0.747969680563 0.541493425797 0.735607291103 0.587351754399
402672389 0.750315827468 0.523527516531 0.835318534561 0.53511100201 0.835499007399 0.464842970896
402672390 0.835499007399 0.464842970896 0.750406063887 0.476042897252 0.750315827468 0.523527516531
402672393 0.728388377549 0.395219319106 0.807796426638 0.362662820847 0.772694459484 0.30176897467
402672394 0.772694459484 0.30176897467 0.704746435661 0.354055754154 0.728388377549 0.395219319106
402672397 0.645461108103 0.294818883383 0.697798231366 0.226852206999 0.636888648258 0.191733533807
402672398 0.636888648258 0.191733533807 0.604313300848 0.271084244926 0.645461108103 0.294818883383
402672401 0.523732178307 0.249466852821 0.535101967154 0.164424124335 0.464807796427 0.164454809064
402672402 0.464807796427 0.164439466699 0.476267821693 0.249482195186 0.523732178307 0.249466852821
402672405 0.395145280635 0.271176299115 0.362299223967 0.191917642185 0.301570113698 0.227189739026
402672406 0.301570113698 0.227189739026 0.3540877098 0.295018334126 0.395145280635 0.271176299115
402672409 0.294712145822 0.354086438884 0.22667388558 0.301922398318 0.191662154846 0.362877613955
402672410 0.191662154846 0.362862271591 0.271160440354 0.39529603093 0.294712145822 0.354086438884
402672413 0.249232990435 0.47625769036 0.164140046923 0.465134475828 0.164320519762 0.535402506942
402672414 0.164320519762 0.535387164578 0.249323226854 0.52374230964 0.249232990435 0.47625769036
402672417 0.270799494676 0.604719311435 0.191571918426 0.637521287531 0.226764122 0.698307737155
402672418 0.226764122 0.698307737155 0.294621909403 0.645806164562 0.270799494676 0.604719311435
402672421 0.353907236961 0.705181116617 0.301570113698 0.773163135366 0.362479696806 0.808266466193
402672422 0.362479696806 0.808251123828 0.395055044216 0.72890041271 0.353907236961 0.705181116617
402672425 0.476267821693 0.750671228463 0.464807796427 0.835698614584 0.535101967154 0.835729299314
402672426 0.535101967154 0.835729299314 0.523732178307 0.750686570828 0.476267821693 0.750655886098
402672429 0.604944955784 0.728793016156 0.637520303194 0.808174412004 0.698339649883 0.773101765906
402672430 0.698339649883 0.773101765906 0.646092763039 0.705089062428 0.604944955784 0.728793016156
402672433 0.70501714492 0.645652740913 0.772874932323 0.698184998236 0.808157372315 0.637413890977
402672434 0.808157372315 0.637413890977 0.728839559646 0.604565887786 0.70501714492 0.645637398549
402672773 0.837845154304 0.443087497507 0.905522468868 0.434327007165 0.883685255369 0.35278233787
402672774 0.883685255369 0.35278233787 0.820700234615 0.379017781801 0.837845154304 0.443087497507
402672777 0.764121999639 0.281164178646 0.81826385129 0.239647739303 0.758527341635 0.180057994139
402672778 0.758527341635 0.180057994139 0.717199061541 0.234354623422 0.764121999639 0.281164178646
402672781 0.61956325573 0.178339649274 0.645731817361 0.115297872014 0.564158094207 0.0936344528146
402672782 0.564158094207 0.0936344528146 0.555495397943 0.16132496663 0.61956325573 0.178339649274
402672785 0.442970582927 0.16132496663 0.434037177405 0.0936804799092 0.352643927089 0.11572745823
402672786 0.352643927089 0.115742800595 0.378992961559 0.178646496571 0.442970582927 0.16132496663
402672789 0.281718101426 0.234738182543 0.240209348493 0.18059497691 0.180563075257 0.240399515181
402672790 0.180563075257 0.240399515181 0.234885399747 0.281731846147 0.281718101426 0.234753524908
402672793 0.178307164772 0.379723530585 0.115231907598 0.353672195032 0.0936654033568 0.435278233787
402672794 0.0936654033568 0.435293576152 0.161342717921 0.443839273386 0.178307164772 0.37973887295
402672797 0.161252481502 0.556759078844 0.0935751669374 0.56571901993 0.115683089695 0.647186977401
402672798 0.115683089695 0.647202319766 0.17857787403 0.620767425091 0.161252481502 0.556759078844
402672801 0.235065872586 0.717976648921 0.180924020935 0.759462403535 0.24066053059 0.819082833428
402672802 0.24066053059 0.819082833428 0.281988810684 0.764816888875 0.235065872586 0.717976648921
402672805 0.379624616495 0.821338161064 0.353365818444 0.884333911229 0.434939541599 0.906150754077
402672806 0.434939541599 0.906150754077 0.443692474283 0.838475582626 0.379624616495 0.821338161064
402672809 0.556307525717 0.83861366391 0.564970221982 0.906288835361 0.646543945136 0.884518019608
402672810 0.646543945136 0.884533361972 0.620375383505 0.821522269443 0.556307525717 0.83861366391
402672813 0.717740480058 0.764387302659 0.759158996571 0.818653247212 0.818895506226 0.759032817318
402672814 0.818895506226 0.759032817318 0.764663418156 0.717547062704 0.717740480058 0.764387302659
402672817 0.820970943873 0.619831540834 0.883955964627 0.646128354225 0.905883414546 0.564614369659
402672818 0.905883414546 0.564614369659 0.838206099982 0.555792509857 0.820970943873 0.619846883199
402672901 0.840732719726 0.532702250725 0.90831979787 0.541815615459 0.90841003429 0.457401923933
402672902 0.90841003429 0.457401923933 0.840822956145 0.466377207383 0.840732719726 0.532702250725
402672905 0.811496119834 0.357400389696 0.874571377008 0.331379738873 0.83234073272 0.258304054987
402672906 0.83234073272 0.258304054987 0.778289117488 0.299989260345 0.811496119834 0.357400389696
402672909 0.698520122722 0.220316359564 0.740119112074 0.16617315393 0.666847139506 0.124119731815
402672910 0.666847139506 0.124119731815 0.641039523552 0.187268905629 0.698520122722 0.220301017199
402672913 0.532485110991 0.158348547845 0.541418516513 0.090704061124 0.456957227937 0.0908881695024
402672914 0.456957227937 0.0908728271376 0.466161342718 0.158486629129 0.532485110991 0.158348547845
402672917 0.357245984479 0.187621780021 0.331077422848 0.124610687491 0.258076159538 0.167047668728
402672918 0.258076159538 0.167047668728 0.299945858148 0.220960738888 0.357245984479 0.187621780021
402672921 0.22044757264 0.30051090075 0.166305720989 0.259009803771 0.12425554954 0.332238911306
402672922 0.12425554954 0.332238911306 0.187421043133 0.358044769021 0.22044757264 0.30051090075
402672925 0.158003970402 0.466852820694 0.0904168922577 0.457969591433 0.0905973650966 0.542383282959
402672926 0.0905973650966 0.542383282959 0.158184443241 0.533177864036 0.158003970402 0.466852820694
402672929 0.187421043133 0.642123996993 0.124345785959 0.668206017276 0.166666666667 0.741251016432
402672930 0.166666666667 0.741251016432 0.220718281899 0.699504441615 0.187421043133 0.642123996993
402672933 0.300126330987 0.779039261112 0.258437105216 0.833059727826 0.331528604945 0.875297258319
402672934 0.331528604945 0.875297258319 0.357516693738 0.812209453965 0.300126330987 0.779023918747
402672937 0.466702761234 0.841099127019 0.457679119293 0.908712929011 0.542050171449 0.90877429847
402672938 0.542050171449 0.908758956105 0.533026529507 0.841129811749 0.466702761234 0.841083784655
402672941 0.641851651326 0.811733840654 0.6677495037 0.874852329738 0.740841003429 0.832722195799
402672942 0.740841003429 0.832722195799 0.699242014077 0.77862501726 0.641761414907 0.811733840654
402672945 0.778920772424 0.69886006229 0.832882151236 0.740560610012 0.875203031944 0.667484926127
402672946 0.875203031944 0.667484926127 0.81212777477 0.641448932939 0.778920772424 0.698844719925
402673284 0.913553510197 0.458736709676 0.99837574445 0.452308258795 0.988810683992 0.390923456942 0.905973650966 0.410868531275
402673288 0.880526980689 0.33288329063 0.959213138423 0.30048021602 0.931059375564 0.245094278832 0.858509294351 0.289679191151
402673292 0.810323046382 0.223446201998 0.875203031944 0.168275057917 0.831348132106 0.124319182559 0.776123443422 0.189156016508
402673296 0.709528965891 0.140858251891 0.754105757084 0.0682888660458 0.69870059556 0.0401202841406 0.666395957408 0.118887985394
402673300 0.588341454611 0.0936191104497 0.608193466883 0.0108163672348 0.546832701678 0.00118136209515 0.5404259159 0.0861013516623
402673304 0.458401010648 0.0861320363921 0.451723515611 0.00122738918977 0.390362750406 0.0110618450728 0.410575708356 0.0938032188282
402673308 0.33234073272 0.119302229246 0.29967514889 0.0406572669111 0.244360223786 0.0690406419245 0.289207724238 0.141441261756
402673312 0.222974192384 0.189432179076 0.16765926728 0.12473342641 0.123804367443 0.168781355958 0.188864825844 0.22379907639
402673316 0.140588341455 0.290200831556 0.0679480238224 0.245769342887 0.0398844973831 0.301216649534 0.118751127955 0.333435615766
402673320 0.0932142212597 0.411451541141 0.0103771882332 0.391659890456 0.000812127774771 0.453060034674 0.0857245984479 0.459335061906
402673324 0.0857245984479 0.541846300189 0.000812127774771 0.548673652557 0.0108283703303 0.610012427316 0.093484930518 0.58968379386
402673328 0.118841364375 0.667454241397 0.0401552066414 0.70008745148 0.0684894423389 0.755381334479 0.140949287132 0.710581629052
402673332 0.189316007941 0.776952699489 0.124616495217 0.832261924853 0.168651867894 0.876110403658 0.223696083739 0.811135488424
402673336 0.289749142754 0.859111063379 0.245082115142 0.93166510686 0.300487276665 0.95984903113 0.332882151236 0.881096672241
402673340 0.411297599711 0.906626367388 0.3912651146 0.989413768238 0.452625879805 0.999094800473 0.459122902003 0.914174810905
402673344 0.541147807255 0.914036729622 0.547735065873 0.998956719189 0.609095831077 0.989245002225 0.589063345966 0.906457601375
402673348 0.667208085183 0.880881879133 0.699602959755 0.959634238021 0.754917884858 0.931434971386 0.710341093665 0.858896270271
402673352 0.776664861938 0.810475766735 0.831799314203 0.875373970144 0.87574445046 0.83146412188 0.810954701317 0.77623160834
402673356 0.858870240029 0.709829853174 0.931330084822 0.754552846776 0.9595740841 0.699228279047 0.880887926367 0.666687123153
402673360 0.906063887385 0.588609828319 0.988810683992 0.608754353396 0.998556217289 0.547400236272 0.913733983036 0.540756992283
402673412 0.915087529327 0.52365025545 0.999909763581 0.530523634913 1.0 0.468387057181 0.915087529327 0.475183724819
402673416 0.901732539253 0.394252750119 0.984569572279 0.374537811258 0.965439451363 0.315454364136 0.886843530049 0.348164286043
402673420 0.849756361668 0.275057917427 0.922486915719 0.230687798217 0.885941165855 0.180426210896 0.821331889551 0.235842832814
402673424 0.763309871864 0.177771981773 0.818715033387 0.113088571472 0.768363111352 0.0765890854416 0.724057029417 0.149311894935
402673428 0.651055766107 0.112290768499 0.683811586356 0.0336611485294 0.624706731637 0.0144831924393 0.605035192204 0.0973473051136
402673432 0.524002887565 0.0849046472023 0.530770619022 0.0 0.468597726042 6.13694594888e-05 0.475545930337 0.0849353319321
402673436 0.39442338928 0.0973626474785 0.374661613427 0.0145445618988 0.315556758708 0.0338145721782 0.348402815376 0.112398165053
402673440 0.275130842808 0.149802850611 0.230644288035 0.0771874376716 0.180472838838 0.113809662621 0.2360584732 0.178354991638
402673444 0.177946219094 0.236487212139 0.113156469951 0.181208671505 0.0767911929255 0.23157765538 0.149521746977 0.275763666212
402673448 0.112615051435 0.348962089016 0.0338386572821 0.316436275488 0.0147987727847 0.37558109207 0.0977260422306 0.395096580187
402673452 0.0849124706732 0.47565933813 0.0 0.468954724681 9.02364194188e-05 0.531091302413 0.0850027070926 0.524110526397
402673456 0.0979967514889 0.605041501097 0.0151597184624 0.624894521242 0.034470312218 0.683962625999 0.113066233532 0.651114622808
402673460 0.149882692655 0.724405099802 0.077332611442 0.768867273201 0.113878361307 0.819082833428 0.178487637611 0.763574157321
402673464 0.236509655297 0.821215422145 0.181104493774 0.885898832446 0.23136617939 0.922398318477 0.275762497744 0.849675508983
402673468 0.348763761054 0.88723361819 0.316098177224 0.965878580524 0.375203031944 0.98504119425 0.394874571377 0.90219242394
402673472 0.475906876015 0.915110695163 0.469048908139 1.0 0.531221801119 1.0 0.524363833243 0.915110695163
402673476 0.60566684714 0.901962288467 0.625428622992 0.984795716412 0.684533477712 0.965571733227 0.651777657463 0.886957455622
402673480 0.724869157192 0.849552770064 0.769265475546 0.922229552463 0.819527161162 0.885684039338 0.76403176322 0.821046656132
402673484 0.821873308067 0.763021832185 0.886482584371 0.818453796468 0.923028334236 0.768192209147 0.850297780184 0.723822089937
402673488 0.887384948565 0.650669694227 0.965980869879 0.683425643229 0.985201227215 0.624342196106 0.902364194189 0.604581230151
