# Xscale/Yscale
# 110.926/65.239
402664069 0.747723707697 0.458161529147 0.832762382129 0.447493063965 0.814858554352 0.379619552722
402664070 0.814858554352 0.379619552722 0.735616537151 0.412284063214 0.747723707697 0.458161529147
402664073 0.693588518472 0.339980686399 0.76188630258 0.288201842456 0.712447938265 0.238385015098
402664074 0.712447938265 0.238385015098 0.660169842958 0.306304511105 0.693588518472 0.339980686399
402664077 0.587562879758 0.264581002161 0.620702089681 0.185533193335 0.552954221733 0.167215929122
402664078 0.552954221733 0.167215929122 0.541766583127 0.252211100722 0.587571894777 0.264581002161
402664081 0.458188341777 0.252226428977 0.447217063628 0.167200600868 0.379424120585 0.18534925428
402664082 0.379424120585 0.18534925428 0.412355985071 0.264489032634 0.458188341777 0.252226428977
402664085 0.340091592593 0.30612057205 0.288029857743 0.238032465243 0.238429223086 0.287680681801
402664086 0.238429223086 0.287680681801 0.306564736852 0.339689449562 0.340091592593 0.30612057205
402664089 0.264347402773 0.412314719723 0.185132430629 0.379588896212 0.167192542776 0.447462407456
402664090 0.167192542776 0.447462407456 0.252222202189 0.458192185656 0.264356417792 0.412314719723
402664093 0.252032886789 0.541930440381 0.167075347529 0.553288677018 0.185520076447 0.621008905716
402664094 0.185520076447 0.621008905716 0.264500658096 0.587715936786 0.252032886789 0.541930440381
402664097 0.306050880767 0.660203252656 0.238104682401 0.712441944236 0.28787660242 0.761936878248
402664098 0.28787660242 0.761936878248 0.339703946775 0.693664832386 0.306059895786 0.660203252656
402664101 0.412103564539 0.735526295621 0.379243820204 0.814696730483 0.447063808305 0.832768742623
402664102 0.447063808305 0.832784070878 0.457944936264 0.747742914514 0.412103564539 0.735526295621
402664105 0.541865748337 0.748049479606 0.552900131619 0.83305997946 0.620684059643 0.814880669538
402664106 0.620693074662 0.814880669538 0.587689090024 0.735756219439 0.541874763356 0.74806480786
402664109 0.66025097813 0.693787458422 0.712177487694 0.761982863011 0.761877287561 0.712411287727
402664110 0.761877287561 0.712411287727 0.693849954023 0.660279893928 0.66025097813 0.693787458422
402664113 0.735616537151 0.587562654241 0.814642193895 0.620732997134 0.832987757604 0.552982111927
402664114 0.832987757604 0.552982111927 0.748021203325 0.54176182958 0.73562555217 0.587562654241
402664197 0.749959432414 0.52372047395 0.834862881561 0.535400603933 0.835115302093 0.465197197995
402664198 0.835115302093 0.465197197995 0.750130717776 0.476264197796 0.749959432414 0.52372047395
402664201 0.728179146458 0.395484296203 0.807538358906 0.363111022548 0.772650235292 0.302211867135
402664202 0.772650235292 0.302211867135 0.704586841678 0.354312604424 0.728170131439 0.395484296203
402664205 0.645304076592 0.295314152577 0.697780502317 0.227532610862 0.637082379244 0.192308281856
402664206 0.637082379244 0.192308281856 0.604276725024 0.271494044973 0.645304076592 0.295314152577
402664209 0.523556244704 0.249927190791 0.534987288823 0.164978003955 0.464805365739 0.164916690936
402664210 0.464805365739 0.164916690936 0.476110199593 0.249896534282 0.523547229685 0.249927190791
402664213 0.395425779348 0.271448060209 0.362737320376 0.192200984074 0.301985107189 0.227348671807
402664214 0.301985107189 0.227348671807 0.354353352686 0.295206854795 0.395416764329 0.271448060209
402664217 0.29506157258 0.354113337114 0.227079314137 0.301920630298 0.192110055352 0.362773800947
402664218 0.192101040333 0.362773800947 0.271415177686 0.395254372385 0.29506157258 0.354113337114
402664221 0.249418531273 0.476064930486 0.164442961975 0.464936617667 0.164641292393 0.535124695351
402664222 0.164641292393 0.535124695351 0.249553756558 0.52352120664 0.249418531273 0.476064930486
402664225 0.270865261526 0.604607673324 0.191704379496 0.637456122871 0.226971133909 0.698156010975
402664226 0.22696211889 0.698156010975 0.294700971819 0.645641410813 0.270865261526 0.604607673324
402664229 0.353866541658 0.705099710296 0.301669581523 0.773095847576 0.3625119449 0.808074924508
402664230 0.3625119449 0.808074924508 0.394993058435 0.7287512071 0.353866541658 0.705099710296
402664233 0.476083154535 0.750609298119 0.464778320682 0.835589141464 0.534960243766 0.835543156701
402664234 0.534951228747 0.835543156701 0.523529199647 0.75057864161 0.476083154535 0.750609298119
402664237 0.604529145556 0.728735878845 0.637082379244 0.808044267999 0.697897697564 0.773003878048
402664238 0.697888682545 0.773003878048 0.645637632295 0.705053725532 0.604529145556 0.728735878845
402664241 0.70465896183 0.645840678122 0.772370769702 0.698385934794 0.807664569172 0.637716703199
402664242 0.807664569172 0.637716703199 0.728521717181 0.604822268888 0.70465896183 0.645840678122
402664581 0.837900942971 0.443906252395 0.905522600653 0.435368414599 0.883967690172 0.353822100277
402664582 0.883967690172 0.353822100277 0.820970737248 0.379834148286 0.83790995799 0.44389092414
402664585 0.764149072355 0.28217783841 0.818383426789 0.240883520594 0.75884824117 0.181149312528
402664586 0.758857256189 0.181149312528 0.717388168689 0.235242722911 0.764158087374 0.28217783841
402664589 0.620206263635 0.17944787627 0.646530119179 0.116571376017 0.565115482394 0.0945906589617
402664590 0.565124497413 0.0945906589617 0.556244703676 0.162172933368 0.620206263635 0.17944787627
402664593 0.443764311343 0.162188261623 0.435028757911 0.0945753307071 0.353569046031 0.116387436963
402664594 0.353569046031 0.116387436963 0.379766691308 0.179309921979 0.443764311343 0.162188261623
402664597 0.282134035303 0.235671914039 0.240646917765 0.18159383191 0.181138777203 0.241343368231
402664598 0.181147792222 0.241343368231 0.235391161675 0.282622357792 0.282134035303 0.235671914039
402664601 0.179011232714 0.379880133049 0.116023294809 0.353837428532 0.0944323242522 0.435368414599
402664602 0.0944413392712 0.435368414599 0.162053981934 0.44392158065 0.179020247733 0.379880133049
402664605 0.161900726611 0.556476953969 0.094342174062 0.565443982894 0.116437985684 0.646837014669
402664606 0.116437985684 0.646852342924 0.179263653246 0.620411103788 0.16190974163 0.556476953969
402664609 0.235508356923 0.718282009228 0.181508392983 0.759882892135 0.241368119287 0.819295206855
402664610 0.241368119287 0.819295206855 0.282539711159 0.764956544398 0.235508356923 0.718282009228
402664613 0.379965021726 0.821395177731 0.353920631773 0.884394304021 0.435434433767 0.906007142967
402664614 0.435434433767 0.906007142967 0.444007716856 0.838378883797 0.379965021726 0.821395177731
402664617 0.556415989038 0.838332899033 0.565196617565 0.905945829948 0.646638299407 0.884072410675
402664618 0.646647314426 0.884072410675 0.620395579035 0.821165253913 0.556415989038 0.838348227287
402664621 0.717802859564 0.764849246616 0.759091646683 0.819080611291 0.818807132683 0.75953034228
402664622 0.818816147702 0.75953034228 0.764717018553 0.718067413664 0.717802859564 0.764849246616
402664625 0.820429836107 0.619935927896 0.883300578764 0.64626986925 0.905261165101 0.564830852711
402664626 0.90527018012 0.564830852711 0.837684582514 0.555971121568 0.820438851126 0.619935927896
402664709 0.840984079476 0.533086037493 0.908515586968 0.542313646745 0.908731947424 0.457962261837
402664710 0.908731947424 0.457962261837 0.841146349819 0.466837321234 0.840984079476 0.533086037493
402664713 0.811874583055 0.358159996321 0.874970701188 0.332393200386 0.833014802661 0.259231441316
402664714 0.833005787642 0.259231441316 0.778906658493 0.300694369932 0.811865568036 0.358175324576
402664717 0.699159800227 0.221232698233 0.74088130826 0.167338555159 0.667949804374 0.125001916032
402664718 0.667949804374 0.125001916032 0.641860339325 0.187985714067 0.699150785208 0.221232698233
402664721 0.533229360114 0.158999984672 0.542361574383 0.0914483667745 0.458035086454 0.0913257407379
402664722 0.458026071435 0.0913257407379 0.466977985324 0.158908015144 0.533220345095 0.158999984672
402664725 0.358509276455 0.188108340103 0.332582081748 0.12506322905 0.259542397634 0.167200600868
402664726 0.259533382615 0.167200600868 0.301119665362 0.221217369978 0.358509276455 0.188108340103
402664729 0.221309701963 0.300525759132 0.167282692966 0.258970860988 0.125191569154 0.332055978786
402664730 0.125191569154 0.33207130704 0.188242612192 0.357945400757 0.221300686944 0.300525759132
402664733 0.158808575086 0.466653382179 0.0912319924995 0.457747666273 0.0914032778609 0.542083722926
402664734 0.0914032778609 0.542083722926 0.158934785352 0.532917426693 0.158799560067 0.466653382179
402664737 0.187900041469 0.641671392878 0.124930133603 0.667744753905 0.16724663289 0.740707245666
402664738 0.167237617871 0.740707245666 0.221138416602 0.698983736722 0.18789102645 0.641671392878
402664741 0.300533689126 0.778660003985 0.258992481474 0.83272275786 0.332077240683 0.874783488404
402664742 0.332077240683 0.874783488404 0.357941330256 0.811723049096 0.300524674107 0.778660003985
402664745 0.466923895209 0.84110731311 0.457962966302 0.908674259262 0.542289454231 0.908582289735
402664746 0.542280439212 0.908582289735 0.533166254981 0.841030671837 0.46691488019 0.84110731311
402664749 0.641743144078 0.811845675133 0.667661323765 0.874890786186 0.740719037917 0.832753414369
402664750 0.740710022898 0.832753414369 0.69913275517 0.778736645258 0.641743144078 0.811830346878
402664753 0.778762418189 0.699121691013 0.832681246957 0.740829871703 0.87495267115 0.667852051687
402664754 0.87495267115 0.667852051687 0.811964733246 0.641794018915 0.77875340317 0.699121691013
402665092 0.913230441916 0.459464430785 0.998070785929 0.453225831175 0.988559940861 0.391866828124 0.905811081261 0.411624948267
402665096 0.880397742639 0.333634789007 0.959152948813 0.301460782661 0.931143284712 0.246064470639 0.85855435155 0.290439767624
402665100 0.810278924689 0.224191051365 0.875214106702 0.169223930471 0.831446189351 0.125216511596 0.776139047653 0.189871089379
402665104 0.709806537692 0.141878324315 0.754557092115 0.0695136344824 0.699313055551 0.0412023482886 0.666732776806 0.119805637732
402665108 0.588879072535 0.0944527046705 0.609018625029 0.0117874277656 0.547725510701 0.00197734483974 0.541081441682 0.0868039056393
402665112 0.459098858699 0.0868192338938 0.452626075041 0.00197734483974 0.391314930675 0.011664801729 0.411283197808 0.0943760633977
402665116 0.333276238213 0.119652355186 0.300822169735 0.0410030809792 0.245533058075 0.069207069391 0.290157402232 0.141648400497
402665120 0.223707697023 0.18984043287 0.168472675477 0.125139870323 0.124659683032 0.169101304434 0.189540774931 0.224129738347
402665124 0.141319438184 0.290332469842 0.0687755801165 0.245895859838 0.040711825902 0.301261515351 0.119439987018 0.33351216297
402665128 0.0938283179778 0.411257070157 0.0110974884157 0.391437636996 0.00152353821467 0.452765983537 0.0863638822278 0.459096552676
402665132 0.0862737320376 0.541240668925 0.00146944810054 0.548000429191 0.0113499089483 0.609282790969 0.0939815733011 0.589034166679
402665136 0.119133476372 0.667070310704 0.0405585705786 0.699688836432 0.0688837603447 0.754931865908 0.141220272975 0.71014270605
402665140 0.189342444513 0.776345437545 0.124659683032 0.831603795276 0.16863494582 0.875427275096 0.223635576871 0.810512116985
402665144 0.289923011738 0.859194653505 0.245478967961 0.931758610647 0.300840199773 0.959824644768 0.333095937832 0.881098729288
402665148 0.411021762256 0.906405677585 0.391089555199 0.989116939254 0.452400699565 0.998773739634 0.458837423147 0.91393185058
402665152 0.540982276473 0.914069804871 0.547527180282 0.998896365671 0.60882930963 0.989178252272 0.588788922345 0.906482318858
402665156 0.666759821863 0.881068072779 0.699123740151 0.959763331749 0.754439896868 0.931605328101 0.709905702901 0.859118012232
402665160 0.776039882444 0.810956636368 0.831040513495 0.875871794479 0.875015776283 0.832063642913 0.810342029822 0.776789956928
402665164 0.858401096226 0.710372629869 0.930728593837 0.755161789727 0.959062798623 0.699934088505 0.880496907848 0.667300234522
402665168 0.905775021185 0.589264090498 0.988397670519 0.609543371296 0.998305176424 0.548261009519 0.913500892487 0.541470592744
402665220 0.91504246074 0.524548199696 0.999810684601 0.531645181563 1.0 0.469565750548 0.915186701044 0.476141571759
402665224 0.902132953501 0.395009120311 0.984944918234 0.375542237005 0.965932243117 0.316436487377 0.88730324721 0.348917058815
402665228 0.849945008384 0.275663330217 0.922660151813 0.23151795705 0.886302580098 0.181210625546 0.821583758542 0.236438326768
402665232 0.763725366461 0.178543509251 0.819266898653 0.114088198777 0.769143392893 0.0774689986051 0.724645259001 0.149986970984
402665236 0.65149739466 0.112677999356 0.684348123975 0.0341973359494 0.625362854516 0.0148990634436 0.605484737573 0.0976256533668
402665240 0.524268431206 0.0848725455632 0.531182950796 7.66412728582e-05 0.469114544832 0.0 0.47585777906 0.0848265607995
402665244 0.394902908245 0.0978555771854 0.375223121721 0.0150830024985 0.316192777167 0.0342433207131 0.348863206101 0.112800625393
402665248 0.275652236626 0.150017627493 0.23128932802 0.0774076855868 0.181093702108 0.113934916231 0.236509024034 0.178497524487
402665252 0.178452301534 0.236315700731 0.11380560013 0.181011358237 0.0773759082632 0.231272704977 0.150036961578 0.275525375925
402665256 0.112633647657 0.348702463251 0.0340316968069 0.316160578795 0.014964931576 0.375235671914 0.0977588662712 0.394779196493
402665260 0.084804283937 0.47577369365 0.0 0.469121231165 0.000135225285325 0.531200662181 0.0849124641653 0.524180321587
402665264 0.0976416710239 0.605374086053 0.0149378865189 0.625300816996 0.0342660873014 0.684283940588 0.112714782828 0.651389506277
402665268 0.149856661198 0.724489952329 0.0773398481871 0.768972547096 0.113931810396 0.8191112678 0.17839821142 0.763592329741
402665272 0.236283648558 0.821686414568 0.181030596975 0.886386977115 0.231307358059 0.922791581723 0.275498981303 0.850074342035
402665276 0.348403440131 0.887322000644 0.315769071273 0.965894633578 0.374808430846 0.985039623538 0.394452157294 0.902251720597
402665280 0.475560283432 0.915188767455 0.468753944071 1.0 0.530822350035 0.999984671745 0.52396192056 0.9151734392
402665284 0.604763536051 0.902512300924 0.624380217442 0.985300203866 0.683428592034 0.966185870415 0.650812253214 0.887597909226
402665288 0.7233651263 0.850978709054 0.767403494221 0.923772590015 0.817761390477 0.88747528319 0.762634549159 0.822667422861
402665292 0.820988767286 0.764159475161 0.885401078196 0.819739726237 0.9220381155 0.769631662043 0.849566377585 0.725072426003
402665296 0.886969691506 0.652079277733 0.965382326957 0.685081009825 0.984782647891 0.626113214488 0.902105908443 0.606079185763
