# Xscale/Yscale
# 242.2581/142.5
470044965 0.610349457872 0.466035087719 0.639483674643 0.458245614035 0.627971159685 0.430456140351
470044966 0.627975287514 0.430456140351 0.601899791999 0.445614035088 0.610349457872 0.466035087719
470044997 0.650046788941 0.453894736842 0.680204707294 0.445824561404 0.665398184828 0.410175438596
470044998 0.665439463118 0.410245614035 0.638451717404 0.425964912281 0.650071555915 0.453964912281
470045028 0.67409139261 0.423368421053 0.710102572422 0.40849122807 0.697186595618 0.383228070175 0.664023617786 0.403649122807
470045032 0.683940392499 0.451578947368 0.721825606657 0.442526315789 0.713025075323 0.41550877193 0.677075812945 0.430456140351
470045060 0.71706621987 0.391228070175 0.753543844354 0.373684210526 0.741441049856 0.351789473684 0.707217219981 0.373403508772
470045064 0.727885259564 0.416210526316 0.766092444381 0.402877192982 0.756511753374 0.379789473684 0.720087790666 0.397403508772
470045068 0.735835458133 0.442245614035 0.775297502952 0.433263157895 0.768358622477 0.409263157895 0.730188588122 0.422666666667
470045093 0.756631460414 0.362175438596 0.802838377747 0.338666666667 0.780816410267 0.302736842105
470045094 0.780742109345 0.302666666667 0.738869412416 0.333192982456 0.756577798637 0.362035087719
470045097 0.775037449728 0.404 0.824344366607 0.388 0.808208683218 0.349122807018
470045098 0.808150893613 0.34898245614 0.762014149372 0.372631578947 0.775000299268 0.403929824561
470045101 0.786669671726 0.448210526316 0.837871262096 0.440140350877 0.82800987872 0.399228070175
470045102 0.827968600431 0.399087719298 0.778711217499 0.415228070175 0.786649032581 0.448140350877
470045124 0.81381840277 0.342666666667 0.872119858944 0.314596491228 0.854320660486 0.282456140351 0.799614543332 0.31698245614
470045128 0.829462874513 0.378807017544 0.890538231745 0.357473684211 0.876441695861 0.32350877193 0.818218668437 0.351719298246
470045132 0.840963005984 0.416421052632 0.90404036026 0.402035087719 0.893832239252 0.366736842105 0.832818799454 0.388280701754
470045156 0.871261270521 0.286385964912 0.933979503678 0.251298245614 0.917831436802 0.22498245614 0.858134774441 0.265052631579
470045160 0.886876847461 0.316210526316 0.9521584624 0.286105263158 0.938119716121 0.258596491228 0.875467528227 0.293824561404
470045164 0.900106539265 0.347087719298 0.967547008748 0.322245614035 0.955704267473 0.293684210526 0.890484569969 0.323929824561
470045168 0.910867789354 0.378947368421 0.980054330485 0.359438596491 0.970481895136 0.330105263158 0.903090959601 0.355157894737
470045172 0.919098680292 0.411578947368 0.989597871031 0.397543859649 0.982357659042 0.367578947368 0.913212396201 0.387228070175
470045221 0.55397569782 0.397964912281 0.569137213575 0.371859649123 0.541365180359 0.360350877193
470045222 0.541369308188 0.360350877193 0.533592478435 0.389473684211 0.553979825649 0.397964912281
470045253 0.573483817466 0.361263157895 0.589148928354 0.334315789474 0.553476230516 0.31950877193
470045254 0.553562914924 0.319578947368 0.545534287605 0.349684210526 0.573549862729 0.361333333333
470045284 0.568906055154 0.322736842105 0.583890074264 0.286736842105 0.55686105026 0.277964912281 0.547829360504 0.315859649123
470045288 0.595790605144 0.335649122807 0.616210974989 0.302526315789 0.590890872173 0.289614035088 0.576047199247 0.325614035088
470045316 0.576546666551 0.269543859649 0.589957982829 0.231368421053 0.565946401792 0.22449122807 0.556997268616 0.263929824561
470045320 0.601862641538 0.279578947368 0.619467832035 0.243157894737 0.596380884685 0.233614035088 0.583068636302 0.271789473684
470045324 0.625898989549 0.292350877193 0.647471023673 0.258105263158 0.625601785864 0.246035087719 0.608095663262 0.282526315789
470045349 0.583997397817 0.221052631579 0.600079419429 0.171789473684 0.559123100528 0.161964912281
470045350 0.55899513783 0.161894736842 0.550966510511 0.213122807018 0.583890074264 0.221052631579
470045353 0.626596592642 0.237614035088 0.650191262955 0.19150877193 0.611274091558 0.175368421053
470045354 0.611150256689 0.175298245614 0.59521270909 0.224631578947 0.626497524747 0.237614035088
470045357 0.666079276606 0.260701754386 0.696600443907 0.218736842105 0.660684204161 0.196771929825
470045358 0.66056862495 0.196701754386 0.637114300822 0.242947368421 0.665988464369 0.260631578947
470045380 0.610638405899 0.166807017544 0.632053582522 0.105754385965 0.596744133633 0.095649122807 0.582465973274 0.158736842105
470045384 0.64724399308 0.181333333333 0.675358636099 0.12301754386 0.641407242936 0.10898245614 0.620153051642 0.170105263158
470045388 0.682000312889 0.199789473684 0.716459429014 0.145052631579 0.684295385789 0.127298245614 0.656333472441 0.185614035088
470045412 0.611476355177 0.0864561403509 0.631005113967 0.0172631578947 0.600991669628 0.0100350877193 0.587085013876 0.0805614035088
470045416 0.643582608796 0.0964210526316 0.66847754523 0.0289824561404 0.639120425695 0.0195087719298 0.619723757431 0.088701754386
470045420 0.67480137919 0.10898245614 0.704909763595 0.043649122807 0.676390593338 0.0318596491228 0.651619491773 0.0993684210526
470045424 0.704942786227 0.123859649123 0.7400788663 0.0611929824561 0.712571014137 0.0471578947368 0.682586464601 0.11249122807
470045428 0.733821077603 0.141122807018 0.77376607841 0.0813333333333 0.747438785329 0.0652631578947 0.712422412295 0.128
470045477 0.466007534939 0.389614035088 0.45829262262 0.36049122807 0.430491694602 0.372
470045478 0.43049995026 0.372 0.44560367641 0.398105263158 0.466011662768 0.389614035088
470045509 0.453888229124 0.349964912281 0.445871985292 0.319789473684 0.410199287454 0.334596491228
470045510 0.410281844033 0.334526315789 0.425934571434 0.361543859649 0.453962530045 0.349894736842
470045540 0.423375317482 0.325894736842 0.408531644556 0.289894736842 0.38321154174 0.302807017544 0.403627783756 0.335929824561
470045544 0.451551877935 0.316070175439 0.442528443837 0.278175438596 0.415499419834 0.286947368421 0.430471055457 0.322877192982
470045572 0.39119889077 0.282947368421 0.373672129023 0.246456140351 0.351807019043 0.258526315789 0.373399692312 0.292771929825
470045576 0.416188767269 0.272140350877 0.40286000757 0.233894736842 0.379777188049 0.243438596491 0.397394762033 0.279929824561
470045580 0.442227112324 0.264140350877 0.43326559566 0.224701754386 0.409254014623 0.231578947368 0.422681842217 0.269824561404
470045605 0.362167869722 0.243368421053 0.338684650792 0.197122807018 0.302776666704 0.219157894737
470045606 0.302669343151 0.219228070175 0.333215277425 0.261122807018 0.362072929656 0.243368421053
470045609 0.404011671849 0.22498245614 0.388049357276 0.175649122807 0.349136313708 0.191789473684
470045610 0.349016606669 0.191789473684 0.372631916126 0.237964912281 0.403904348296 0.22498245614
470045613 0.448216592139 0.213333333333 0.440171453504 0.162105263158 0.399215134602 0.171929824561
470045614 0.399087171905 0.172 0.415189832662 0.221263157895 0.448105140757 0.213333333333
470045636 0.342663877905 0.186175438596 0.314623535807 0.127859649123 0.282484259556 0.145684210526 0.317017676602 0.200350877193
470045640 0.378790636928 0.170526315789 0.357458016884 0.109473684211 0.323527262866 0.12350877193 0.351712078977 0.181754385965
470045644 0.416436437007 0.15901754386 0.402083975727 0.0959298245614 0.366786910324 0.106105263158 0.38827226004 0.167157894737
470045668 0.286405697064 0.128701754386 0.251286128307 0.0659649122807 0.224983602199 0.0821754385965 0.26503179873 0.141824561404
470045672 0.316192110811 0.113122807018 0.286104365551 0.0477894736842 0.258617152533 0.0618245614035 0.29385642833 0.12449122807
470045676 0.34711367752 0.0998596491228 0.322239380231 0.0324210526316 0.29373672129 0.0442807017544 0.323948301419 0.109473684211
470045680 0.378976389231 0.0891228070175 0.359472397414 0.0199298245614 0.330127661366 0.0294736842105 0.355125793524 0.0969122807018
470045684 0.411582110154 0.0809122807018 0.397572258678 0.0103859649123 0.367567069997 0.0176140350877 0.387199024511 0.0867368421053
470045733 0.397931379797 0.445964912281 0.371843500795 0.430877192982 0.360355752811 0.458666666667
470045734 0.36035988064 0.458666666667 0.389502353069 0.466385964912 0.397935507626 0.445964912281
470045765 0.361284514326 0.426456140351 0.334267873809 0.410877192982 0.319543907923 0.446526315789
470045766 0.319572802726 0.446456140351 0.349738976736 0.454456140351 0.361321664786 0.426385964912
470045796 0.322709952732 0.43101754386 0.286731795552 0.416140350877 0.277984925994 0.443157894737 0.315886651468 0.452140350877
470045800 0.335679591312 0.404140350877 0.302483590848 0.383789473684 0.289604764505 0.409122807018 0.325636583462 0.423929824561
470045828 0.269568282753 0.423438596491 0.231365225765 0.410035087719 0.224480007067 0.434035087719 0.263962691031 0.442947368421
470045832 0.279594779287 0.398105263158 0.24312953829 0.38049122807 0.233594253402 0.403649122807 0.271830333021 0.416912280702
470045836 0.292386921222 0.374035087719 0.258125940887 0.35249122807 0.246060296849 0.374385964912 0.282566816135 0.391859649123
470045861 0.221062164691 0.415929824561 0.171767218516 0.399929824561 0.161976421015 0.440912280702
470045862 0.161954130739 0.441052631579 0.213173883556 0.44898245614 0.22102914206 0.416070175439
470045865 0.237639525778 0.373333333333 0.191466869426 0.349824561404 0.175380719984 0.388701754386
470045866 0.175337790563 0.388842105263 0.224674015028 0.404771929825 0.23759411966 0.373473684211
470045869 0.260681067011 0.333894736842 0.218762963963 0.303368421053 0.196780623641 0.339298245614
470045870 0.196718706206 0.339438596491 0.242960297303 0.362877192982 0.260619149576 0.333964912281
470045892 0.166834875697 0.389333333333 0.105766535773 0.367929824561 0.0956455119561 0.403298245614 0.158758778344 0.417473684211
470045896 0.181322316983 0.352701754386 0.123032831513 0.324631578947 0.109017201076 0.358596491228 0.170138789993 0.379789473684
470045900 0.199815816272 0.317964912281 0.145039526026 0.28350877193 0.127306372831 0.315719298246 0.185666031394 0.343649122807
470045924 0.0864388022526 0.38849122807 0.0172415287662 0.36898245614 0.0100805710934 0.39901754386 0.0806189762076 0.412842105263
470045928 0.0964632348722 0.356350877193 0.0290091435539 0.33150877193 0.0195130730407 0.360912280702 0.0887454330732 0.380210526316
470045932 0.108975097221 0.325122807018 0.0436806860121 0.295087719298 0.0319081178297 0.323578947368 0.0994072024836 0.348350877193
470045936 0.123897611679 0.29501754386 0.0611657566868 0.259929824561 0.0471897534076 0.287438596491 0.112538651958 0.317403508772
470045940 0.141137902097 0.266105263158 0.0813562064591 0.226245614035 0.0652622141427 0.252561403509 0.128058050484 0.28750877193
470045989 0.389589037477 0.533964912281 0.360479587679 0.541754385965 0.372074659217 0.569543859649
470045990 0.372074659217 0.569543859649 0.398100620784 0.554315789474 0.389589037477 0.533964912281
470046021 0.349887578578 0.546105263158 0.319750299371 0.554175438596 0.334639378415 0.589824561404
470046022 0.334598100125 0.589754385965 0.361548695379 0.573964912281 0.349866939434 0.545964912281
470046052 0.325851230568 0.576561403509 0.289873073387 0.59150877193 0.302842711967 0.616842105263 0.33596441151 0.596280701754
470046056 0.316014614166 0.548421052632 0.278145911324 0.557543859649 0.286987720947 0.58449122807 0.32291634418 0.569473684211
470046084 0.282880531136 0.608771929825 0.246431801455 0.626385964912 0.258571746414 0.648210526316 0.292762553657 0.626526315789
470046088 0.2720697471 0.583789473684 0.2338790736 0.597192982456 0.243492787238 0.620210526316 0.279896110801 0.602526315789
470046092 0.26412367636 0.557754385965 0.224674015028 0.566736842105 0.231641790305 0.590736842105 0.269795313346 0.577263157895
470046117 0.243311162764 0.637824561404 0.19714263424 0.661333333333 0.219221152977 0.697263157895
470046118 0.219295453898 0.697333333333 0.261122744709 0.666736842105 0.24336482454 0.637894736842
470046121 0.224917556936 0.595929824561 0.175629215287 0.612 0.191816496538 0.650877192982
470046122 0.191874698926 0.65101754386 0.237978007753 0.627298245614 0.224954707397 0.596070175439
470046125 0.213297718425 0.551719298246 0.162105622062 0.559859649123 0.172003743115 0.600771929825
470046126 0.172042544707 0.600912280702 0.221289195284 0.584771929825 0.21331835757 0.551859649123
470046148 0.186125045974 0.657333333333 0.127858263563 0.685403508772 0.145697914745 0.717543859649 0.200359864128 0.682947368421
470046152 0.170489242671 0.621192982456 0.109438652412 0.642596491228 0.12356697258 0.67649122807 0.181762756333 0.648210526316
470046156 0.158995302943 0.58350877193 0.0959299193711 0.597964912281 0.106168999096 0.633263157895 0.167165514796 0.611649122807
470046180 0.128688782749 0.713543859649 0.0660072872692 0.748771929825 0.0821863128622 0.77501754386 0.141837981888 0.734947368421
470046184 0.113079397552 0.683789473684 0.0478279157642 0.713964912281 0.0618939057146 0.741403508772 0.124511007062 0.706105263158
470046188 0.0998538335767 0.652842105263 0.0324360671532 0.677824561404 0.04430192427 0.706315789474 0.109497680367 0.676
470046192 0.0890967113174 0.62098245614 0.0199279198508 0.640561403509 0.0295205815616 0.669894736842 0.0968925290837 0.644842105263
470046196 0.0808715993397 0.588350877193 0.0103794259098 0.602456140351 0.0176390386947 0.63249122807 0.0867715052665 0.612771929825
470046245 0.445909135752 0.602105263158 0.43089209401 0.628210526316 0.458734300319 0.639578947368
470046246 0.458726044661 0.639578947368 0.466341889084 0.610456140351 0.445905007923 0.602035087719
470046277 0.426413399593 0.638736842105 0.410863867916 0.665754385965 0.446598483188 0.680421052632
470046278 0.44651179878 0.680421052632 0.454412463402 0.650175438596 0.42634735433 0.638666666667
470046308 0.430995289734 0.677333333333 0.416143361151 0.713333333333 0.443197152128 0.722035087719 0.452096751357 0.684070175439
470046312 0.404110739744 0.664350877193 0.38380594911 0.697543859649 0.409167330215 0.710385964912 0.423891296101 0.674315789474
470046340 0.423367061824 0.730456140351 0.410063069099 0.768631578947 0.43409528928 0.77550877193 0.442932971075 0.736
470046344 0.398051086837 0.720421052632 0.380549092063 0.756912280702 0.403660806388 0.766385964912 0.416865731218 0.728140350877
470046348 0.374014738826 0.707649122807 0.352533516939 0.741894736842 0.374439905209 0.753964912281 0.391846959916 0.717403508772
470046373 0.415920458387 0.778947368421 0.399954015985 0.828280701754 0.44093510186 0.838035087719
470046374 0.441067192387 0.838035087719 0.448971984838 0.786807017544 0.41602778194 0.778947368421
470046377 0.373321263561 0.762385964912 0.349833916802 0.808561403509 0.38878823866 0.824631578947
470046378 0.388912073528 0.824631578947 0.404734041916 0.775298245614 0.373420331456 0.762385964912
470046381 0.333838579598 0.739298245614 0.303412352363 0.781263157895 0.339373998228 0.803228070175
470046382 0.339493705267 0.803298245614 0.362844833671 0.75698245614 0.333933519664 0.739368421053
470046404 0.389271194647 0.833192982456 0.367975725063 0.894245614035 0.403301685269 0.904350877193 0.417460138588 0.841192982456
470046408 0.352665607466 0.818666666667 0.324662415828 0.87698245614 0.358638575965 0.89101754386 0.379777188049 0.829824561404
470046412 0.317909287656 0.800210526316 0.283553367256 0.85501754386 0.315750433112 0.872701754386 0.343600895078 0.814315789474
470046436 0.388441501027 0.913543859649 0.369024193618 0.982807017544 0.399050021444 0.989894736842 0.412845225815 0.919368421053
470046440 0.356339375237 0.903578947368 0.331547634527 0.97101754386 0.360921265378 0.98049122807 0.380210610089 0.911228070175
470046444 0.325120604843 0.89101754386 0.295111288333 0.956350877193 0.323651097734 0.968070175439 0.348314875746 0.900561403509
470046448 0.294979197806 0.876140350877 0.259938057799 0.938877192982 0.287470676935 0.952842105263 0.317356158576 0.887438596491
470046452 0.266105034259 0.858877192982 0.22624671786 0.918666666667 0.252594650086 0.934736842105 0.287520210883 0.871929824561
470046501 0.533935088239 0.610385964912 0.541790346742 0.63950877193 0.569533485155 0.627929824561
470046502 0.569529357326 0.627929824561 0.554293540649 0.601894736842 0.53393096041 0.610385964912
470046533 0.546062649711 0.650105263158 0.554190344926 0.680280701754 0.589805253158 0.665333333333
470046534 0.589726824408 0.665403508772 0.573975029112 0.638456140351 0.54598834879 0.650105263158
470046564 0.576583817012 0.674175438596 0.591530685661 0.710105263158 0.616813638017 0.697122807018 0.596302455934 0.664
470046568 0.548394873071 0.684 0.557538014209 0.721894736842 0.58453814341 0.71298245614 0.569455056405 0.677052631579
470046596 0.608764371552 0.717122807018 0.62636956205 0.753543859649 0.648209905056 0.741403508772 0.626542930866 0.707228070175
470046600 0.583770367224 0.727929824561 0.59718993916 0.766105263158 0.620247991708 0.75649122807 0.602539605487 0.720070175439
470046604 0.557719638683 0.735859649123 0.56678435107 0.775298245614 0.590775292962 0.768350877193 0.577252525303 0.730175438596
470046629 0.6377953926 0.756701754386 0.66136116811 0.802877192982 0.697232001737 0.780771929825
470046630 0.69733932529 0.780701754386 0.666719090094 0.738877192982 0.637894460495 0.756631578947
470046633 0.595939206986 0.775087719298 0.612000589454 0.824350877193 0.65088061039 0.808140350877
470046634 0.65100031743 0.808140350877 0.627294195736 0.762035087719 0.596046530539 0.77501754386
470046637 0.551726031039 0.786736842105 0.559882621056 0.837894736842 0.600818300812 0.828
470046638 0.60094626351 0.827929824561 0.5847362792 0.778666666667 0.551837482421 0.786666666667
470046660 0.657295256588 0.813894736842 0.685422283094 0.872140350877 0.717536792371 0.854315789474 0.682920818747 0.799649122807
470046664 0.621164369736 0.829543859649 0.642591929847 0.890596491228 0.67650204472 0.876421052632 0.648222288543 0.818245614035
470046668 0.583506186171 0.84098245614 0.597970098833 0.904070175439 0.633250652919 0.893824561404 0.611653851822 0.832842105263
470046692 0.713557565258 0.871298245614 0.748759690594 0.933964912281 0.775037449728 0.917824561404 0.734919080105 0.858175438596
470046696 0.683767023683 0.886947368421 0.713941453351 0.952210526316 0.741412155053 0.938105263158 0.706090322677 0.87550877193
470046700 0.652841329144 0.900140350877 0.67780643867 0.967578947368 0.706296714124 0.955719298246 0.675994321758 0.890526315789
470046704 0.620974489604 0.910947368421 0.640577549316 0.980070175439 0.669905774048 0.970456140351 0.644812701825 0.903087719298
470046708 0.588360513023 0.919157894737 0.602477688053 0.989614035088 0.632470493247 0.982385964912 0.612739470837 0.913263157895
470046757 0.602060777328 0.554035087719 0.628169295475 0.569122807018 0.639619892998 0.541263157895
470046758 0.639615765169 0.541333333333 0.610465037082 0.533614035088 0.602060777328 0.554035087719
470046789 0.638707642799 0.573543859649 0.665736666803 0.589122807018 0.680427610057 0.553403508772
470046790 0.680398715255 0.553543859649 0.650224285586 0.545543859649 0.638670492339 0.573614035088
470046820 0.677290460051 0.56898245614 0.713276872889 0.583859649123 0.72201135896 0.556842105263 0.684101377828 0.547859649123
470046824 0.664320821471 0.595859649123 0.69753746108 0.616210526316 0.71038739262 0.590877192982 0.674343190176 0.576070175439
470046852 0.730423874372 0.576561403509 0.768631059189 0.589964912281 0.775508022229 0.565894736842 0.736025338265 0.557052631579
470046856 0.720401505667 0.601894736842 0.756875002322 0.619438596491 0.766393775894 0.596350877193 0.728153568446 0.583087719298
470046860 0.707605235903 0.625964912281 0.741886855383 0.647438596491 0.753931860276 0.625543859649 0.717408829674 0.608140350877
470046885 0.778929992434 0.584 0.828224525826 0.600070175439 0.838007480452 0.559087719298
470046886 0.838032247425 0.558947368421 0.78681414574 0.55101754386 0.778963015065 0.583929824561
470046889 0.762348503518 0.626666666667 0.808534781706 0.650175438596 0.824600292003 0.611228070175
470046890 0.824645698121 0.611087719298 0.775297502952 0.595228070175 0.762398037465 0.626526315789
470046893 0.739306962285 0.666105263158 0.781249832307 0.696561403509 0.803201626695 0.660631578947
470046894 0.803263544129 0.66049122807 0.75700296502 0.637122807018 0.739373007549 0.666035087719
470046916 0.833161409257 0.610666666667 0.894232638661 0.632 0.904345819603 0.596701754386 0.841231314866 0.582526315789
470046920 0.818672729622 0.647298245614 0.876974185796 0.675368421053 0.890975781615 0.641403508772 0.829842634777 0.620210526316
470046924 0.80017592807 0.682035087719 0.854972857461 0.716421052632 0.872685371511 0.684280701754 0.814309614415 0.656350877193
470046948 0.913559133833 0.61150877193 0.982758058451 0.63101754386 0.989915713861 0.60098245614 0.919375244832 0.587087719298
470046952 0.903536765128 0.643649122807 0.970993745926 0.66849122807 0.980483624696 0.639087719298 0.911247549618 0.619789473684
470046956 0.891021187733 0.674877192982 0.956327569646 0.704912280702 0.968087754341 0.676350877193 0.900581239595 0.651649122807
470046960 0.876099086057 0.70498245614 0.938846214017 0.740070175439 0.952810659375 0.712561403509 0.887446487857 0.682596491228
470046964 0.858853016679 0.733894736842 0.918661130422 0.773754385965 0.934739024206 0.747438596491 0.871921723154 0.71249122807
470049061 0.615397792685 0.495719298246 0.64554332755 0.495789473684 0.641592995239 0.465964912281
470049062 0.641597123068 0.465964912281 0.612500056758 0.473824561404 0.615397792685 0.495719298246
470049065 0.61257022985 0.525754385965 0.641683807476 0.533614035088 0.645568094524 0.503789473684
470049066 0.645568094524 0.503789473684 0.61541843183 0.503859649123 0.61257022985 0.525754385965
470049093 0.656878345863 0.494315789474 0.6880888606 0.494315789474 0.682995119668 0.456070175439
470049094 0.683015758813 0.456140350877 0.652894990921 0.464280701754 0.656882473692 0.494385964912
470049097 0.653010570132 0.535087719298 0.683156104997 0.543228070175 0.688121883231 0.504912280702
470049098 0.688117755402 0.50498245614 0.656911368495 0.505122807018 0.652994058816 0.535157894737
470049124 0.689265291852 0.480912280702 0.72809990667 0.477894736842 0.72362946791 0.449824561404 0.685777276384 0.45901754386
470049128 0.689917488827 0.510807017544 0.728747975816 0.513824561404 0.728714953184 0.485403508772 0.689892721853 0.488631578947
470049132 0.685896983424 0.540350877193 0.723769814095 0.549473684211 0.728174207591 0.521403508772 0.689331337115 0.518456140351
470049156 0.740834258999 0.46898245614 0.781051696517 0.46449122807 0.776841310982 0.439859649123 0.737404033137 0.44898245614
470049160 0.742790849924 0.496140350877 0.783260085009 0.496140350877 0.78183185619 0.471228070175 0.74162267433 0.475859649123
470049164 0.741692847422 0.523368421053 0.78191028494 0.527929824561 0.783276596324 0.502947368421 0.742803233411 0.503087719298
470049168 0.737552634979 0.550315789474 0.777014679798 0.559298245614 0.781163147899 0.534666666667 0.740929199065 0.530245614035
470049189 0.791243306209 0.493684210526 0.843080582239 0.493754385965 0.839737040784 0.451719298246
470049190 0.839720529468 0.451578947368 0.788543706072 0.459859649123 0.791243306209 0.493614035088
470049193 0.788642773967 0.539368421053 0.839840236508 0.547438596491 0.843101221383 0.505473684211
470049194 0.843101221383 0.505333333333 0.791268073183 0.505473684211 0.788659285283 0.539228070175
470049220 0.848186706657 0.455157894737 0.912477642646 0.447929824561 0.906277643555 0.411719298246 0.843241567568 0.426245614035
470049224 0.851018397321 0.494385964912 0.915713860548 0.494385964912 0.91360866778 0.457754385965 0.849338370936 0.465122807018
470049228 0.849437438831 0.533754385965 0.91372837482 0.54098245614 0.915734499693 0.504280701754 0.851039036466 0.50449122807
470049232 0.843460342502 0.572701754386 0.906537696779 0.587087719298 0.912634500147 0.550807017544 0.848327052842 0.543789473684
470049252 0.924753805961 0.444771929825 0.996136352097 0.436280701754 0.991269641758 0.405824561404 0.920799345822 0.42
470049256 0.927779504586 0.478245614035 0.999607856249 0.475368421053 0.997147670191 0.444631578947 0.925777507543 0.453263157895
470049260 0.928167520508 0.511859649123 1.0 0.514666666667 0.999954593881 0.483789473684 0.928130370047 0.486807017544
470049264 0.925913725898 0.545403508772 0.997308655521 0.553824561404 0.99968215717 0.523087719298 0.92784554985 0.520421052632
470049268 0.921034632072 0.578736842105 0.991550334127 0.592701754386 0.996330360058 0.562175438596 0.924923046949 0.553964912281
470049317 0.578561047082 0.415368421053 0.599943201074 0.394105263158 0.576100861024 0.375789473684
470049318 0.576104988853 0.375789473684 0.561059052308 0.401894736842 0.578565174911 0.415368421053
470049321 0.597788474359 0.438596491228 0.623938270795 0.423578947368 0.605639605033 0.399719298246
470049322 0.605643732862 0.399719298246 0.584360646765 0.421052631579 0.597792602188 0.438596491228
470049349 0.606886209378 0.385052631579 0.628998989095 0.36301754386 0.598362242583 0.33950877193
470049350 0.598440671334 0.339578947368 0.582882883999 0.366596491228 0.606939871154 0.385122807018
470049353 0.632998855353 0.416631578947 0.660052646331 0.401052631579 0.636536404768 0.370456140351
470049354 0.636598322203 0.370526315789 0.614576354723 0.392631578947 0.633040133643 0.416701754386
470049380 0.620326420458 0.352701754386 0.645679545906 0.323087719298 0.622687538621 0.306385964912 0.602395131473 0.339649122807
470049384 0.641890198924 0.373333333333 0.671556905631 0.348070175439 0.651458506444 0.328 0.626216832378 0.357614035088
470049388 0.659961834093 0.397052631579 0.693207368505 0.376771929825 0.676497916891 0.353754385965 0.646930278079 0.379157894737
470049412 0.648358506898 0.307789473684 0.673629075767 0.276140350877 0.653245856382 0.261684210526 0.631768762324 0.296
470049416 0.668948117731 0.325614035088 0.697595250685 0.29698245614 0.678958102949 0.280350877193 0.653778346317 0.312070175439
470049420 0.687411896651 0.345614035088 0.719080600401 0.320421052632 0.702420682735 0.301754385965 0.67385197853 0.330456140351
470049424 0.703522813066 0.367578947368 0.737808560374 0.346035087719 0.723336392055 0.325684210526 0.691741989226 0.35101754386
470049445 0.701479537733 0.289614035088 0.738175937151 0.25298245614 0.706143984453 0.225614035088
470049446 0.7060366609 0.225543859649 0.675643456297 0.26750877193 0.701396981154 0.289543859649
470049449 0.731914020625 0.323719298246 0.773881657621 0.293263157895 0.746518279471 0.261263157895
470049450 0.746427467234 0.261192982456 0.709842519198 0.297894736842 0.731847975362 0.323649122807
470049476 0.714473943286 0.222035087719 0.754844110476 0.17150877193 0.724867816597 0.150245614035 0.690553174486 0.205122807018
470049480 0.744239717888 0.247859649123 0.790017341009 0.202105263158 0.762604428913 0.177614035088 0.722370480079 0.228280701754
470049484 0.770938515575 0.276771929825 0.821545698575 0.236421052632 0.797042905893 0.209052631579 0.751389117639 0.254947368421
470049488 0.794231854373 0.30849122807 0.849028783764 0.274105263158 0.827741569838 0.244140350877 0.77724583822 0.284631578947
470049508 0.761258756673 0.160561403509 0.805773264134 0.104140350877 0.780791643293 0.0859649122807 0.740958093868 0.145824561404
470049512 0.787086582451 0.182105263158 0.835889904197 0.129333333333 0.812402557438 0.109333333333 0.767999501358 0.165824561404
470049516 0.811139441777 0.205614035088 0.863934374124 0.156842105263 0.842089903289 0.13501754386 0.793389777266 0.187929824561
470049520 0.833276988468 0.230947368421 0.889733305099 0.186456140351 0.869667928544 0.16301754386 0.816972064092 0.211859649123
470049524 0.853363004168 0.257894736842 0.91313396745 0.217964912281 0.894967392215 0.193052631579 0.838597759992 0.237614035088
470049573 0.495723775593 0.384631578947 0.495826971317 0.354456140351 0.465999279281 0.358385964912
470049574 0.46600340711 0.358385964912 0.47383389864 0.387438596491 0.495727903422 0.384631578947
470049577 0.525728964274 0.387438596491 0.533633756725 0.358315789474 0.503818448176 0.354385964912
470049578 0.503822576005 0.354385964912 0.503843215149 0.38449122807 0.525733092103 0.387438596491
470049605 0.494295546774 0.343157894737 0.494365719867 0.311929824561 0.456084234129 0.31698245614
470049606 0.456170918537 0.316912280702 0.464294485922 0.347087719298 0.494369847695 0.343087719298
470049609 0.535086752517 0.34701754386 0.543235086876 0.316842105263 0.504953601139 0.311789473684
470049610 0.505044413376 0.311789473684 0.505089819494 0.34301754386 0.535161053438 0.34701754386
470049636 0.480921380957 0.310736842105 0.47794521628 0.271929824561 0.449875979379 0.276350877193 0.459027376174 0.314175438596
470049640 0.510757328651 0.310105263158 0.513898606486 0.271228070175 0.485478504124 0.271228070175 0.488595014986 0.310105263158
470049644 0.54033322312 0.314105263158 0.54950525906 0.276280701754 0.521440149989 0.271789473684 0.518443346167 0.310666666667
470049668 0.468996083103 0.259157894737 0.464513260857 0.218947368421 0.439878377648 0.223157894737 0.448943090035 0.262596491228
470049672 0.496153069804 0.257192982456 0.496202603752 0.216771929825 0.471254005542 0.218175438596 0.475844151341 0.258385964912
470049676 0.523359590453 0.258315789474 0.527941480594 0.218105263158 0.502992882385 0.216701754386 0.50305067199 0.257192982456
470049680 0.550273035246 0.262456140351 0.559329491976 0.22301754386 0.534690480937 0.218807017544 0.530215914349 0.25901754386
470049701 0.493701139405 0.208771929825 0.493767184668 0.156912280702 0.451774780699 0.160210526316
470049702 0.451646818001 0.160210526316 0.45983643065 0.211438596491 0.493589688023 0.208771929825
470049705 0.539334288513 0.211368421053 0.547511517675 0.160140350877 0.505523241535 0.156842105263
470049706 0.505391151008 0.156842105263 0.505473707587 0.208701754386 0.539222837131 0.211298245614
470049732 0.455138961298 0.151789473684 0.447944155428 0.0875087719298 0.411726584168 0.0936842105263 0.426240030777 0.156771929825
470049736 0.494402870327 0.14898245614 0.494452404275 0.0842807017544 0.457772516172 0.0863859649123 0.465136563029 0.150666666667
470049740 0.533736952449 0.150526315789 0.541030826214 0.0862456140351 0.504350938111 0.0842105263158 0.504466517322 0.148912280702
470049744 0.572649996017 0.156561403509 0.587093269534 0.0934736842105 0.550871570445 0.0873684210526 0.543742809838 0.151649122807
470049764 0.444740960158 0.0752280701754 0.436303677772 0.00385964912281 0.40582791659 0.00870175438596 0.419969858593 0.0791578947368
470049768 0.478234164307 0.0722105263158 0.475427240617 0.000350877192982 0.444662531408 0.00280701754386 0.45323190432 0.0741754385965
470049772 0.511863586811 0.0718596491228 0.514703533133 0.0 0.483839756029 0.0 0.486778770245 0.0718596491228
470049776 0.545418708394 0.0741052631579 0.553884885583 0.00266666666667 0.523116048545 0.000280701754386 0.520412320579 0.0721403508772
470049780 0.578693137608 0.0789473684211 0.592736011716 0.00842105263158 0.562251994877 0.00364912280702 0.553917908214 0.0750175438596
470049829 0.41539622411 0.421403508772 0.394121393671 0.400070175439 0.375814472251 0.423929824561
470049830 0.37581860008 0.423929824561 0.401960140858 0.438947368421 0.415400351939 0.421403508772
470049833 0.438615261987 0.402175438596 0.423610603732 0.376070175439 0.39973936888 0.394315789474
470049834 0.399743496709 0.394315789474 0.421092628069 0.415649122807 0.438619389816 0.402175438596
470049861 0.385048425625 0.393052631579 0.363005819 0.37101754386 0.339530855728 0.401614035088
470049862 0.339576261846 0.401543859649 0.366642436311 0.417122807018 0.385097959573 0.393052631579
470049865 0.416630444968 0.366947368421 0.401072657633 0.339929824561 0.370452422437 0.363438596491
470049866 0.3705184677 0.363368421053 0.392631247418 0.385403508772 0.416696490231 0.366947368421
470049892 0.352698630097 0.379649122807 0.323110352141 0.354315789474 0.306421539672 0.377333333333 0.339683585399 0.397614035088
470049896 0.373337774877 0.358105263158 0.348083717325 0.328421052632 0.327993573796 0.348561403509 0.357672663989 0.373754385965
470049900 0.397093430519 0.34 0.376796895542 0.306807017544 0.353809016087 0.32350877193 0.379166269363 0.353052631579
470049924 0.307800234543 0.351578947368 0.276168681254 0.326385964912 0.261725407737 0.346736842105 0.296044177677 0.368210526316
470049928 0.325620072146 0.33101754386 0.29701834531 0.302385964912 0.280383194618 0.321052631579 0.312076665342 0.346175438596
470049932 0.345635914754 0.312561403509 0.320423135491 0.280912280702 0.30180249907 0.297543859649 0.330474398998 0.326105263158
470049936 0.367587709142 0.29649122807 0.34608584811 0.262175438596 0.325710884383 0.276631578947 0.351002092396 0.308210526316
470049957 0.289617147992 0.298456140351 0.252995049495 0.261824561404 0.22565231049 0.293824561404
470049958 0.22557388174 0.293964912281 0.267574541367 0.324350877193 0.289538719242 0.298596491228
470049961 0.323725398655 0.268070175439 0.293299171421 0.226105263158 0.261279602209 0.253473684211
470049962 0.261184662143 0.253543859649 0.297909956365 0.290105263158 0.323638714247 0.268140350877
470049988 0.222089994101 0.285473684211 0.171518723213 0.245122807018 0.150290950024 0.275157894737 0.205153099112 0.309403508772
470049992 0.247851774616 0.255719298246 0.202120383178 0.209964912281 0.177666298877 0.237403508772 0.228339527141 0.277614035088
470049996 0.276783727768 0.229052631579 0.236467222355 0.178456140351 0.209096414114 0.202947368421 0.254943384762 0.248561403509
470050000 0.308522604611 0.205754385965 0.274129533749 0.150947368421 0.244186262503 0.172210526316 0.284630730613 0.222736842105
470050020 0.160598138927 0.238736842105 0.104136043336 0.194245614035 0.0860243682255 0.219228070175 0.14587830087 0.25901754386
470050024 0.182143754946 0.212912280702 0.129349648164 0.164070175439 0.109331741642 0.187578947368 0.165874742681 0.232
470050028 0.205648025804 0.188842105263 0.156847180755 0.136070175439 0.135046464907 0.157894736842 0.187930145576 0.206596491228
470050032 0.230968954186 0.166666666667 0.186461464034 0.110245614035 0.163012918866 0.130315789474 0.211910767896 0.18301754386
470050036 0.257944316413 0.146596491228 0.218007571264 0.0868070175439 0.193056083574 0.10498245614 0.237664292752 0.161403508772
470050085 0.384581980953 0.504210526316 0.354436446088 0.504210526316 0.358432184517 0.534035087719
470050086 0.358432184517 0.534035087719 0.387512739512 0.526105263158 0.384581980953 0.504210526316
470050089 0.387426055104 0.474175438596 0.358312477478 0.466385964912 0.354432318259 0.496210526316
470050090 0.354432318259 0.496210526316 0.384581980953 0.496070175439 0.387426055104 0.474175438596
470050117 0.343093172117 0.505684210526 0.311882657381 0.505684210526 0.31702593226 0.543929824561
470050118 0.317001165286 0.543859649123 0.34711367752 0.535649122807 0.343089044288 0.505543859649
470050121 0.346981586993 0.464842105263 0.316836052128 0.456771929825 0.311874401723 0.495087719298
470050122 0.311878529552 0.494947368421 0.343084916459 0.494877192982 0.346998098309 0.464771929825
470050148 0.310722737444 0.51901754386 0.271892250455 0.522105263158 0.276395711846 0.550175438596 0.314235519886 0.540912280702
470050152 0.310078796127 0.489192982456 0.271244181309 0.486105263158 0.271293715257 0.514526315789 0.310115946588 0.511368421053
470050156 0.314107557188 0.459578947368 0.276234726517 0.450526315789 0.271830333021 0.478596491228 0.310673203497 0.481543859649
470050180 0.259153770297 0.530947368421 0.218940460608 0.53550877193 0.223171485288 0.560140350877 0.262600507475 0.55101754386
470050184 0.257201307201 0.503789473684 0.216727944288 0.503789473684 0.218176812251 0.528771929825 0.258377738453 0.524140350877
470050188 0.258303437532 0.476561403509 0.218086000014 0.472070175439 0.216723816459 0.497052631579 0.257197179372 0.496912280702
470050192 0.262443649975 0.449684210526 0.222985732985 0.440701754386 0.218837264884 0.465333333333 0.259067085889 0.469754385965
470050213 0.208742246389 0.506245614035 0.156908272623 0.506245614035 0.160271627657 0.548210526316
470050214 0.16029061567 0.548350877193 0.21146083454 0.540140350877 0.208744723087 0.506385964912
470050217 0.211353510987 0.460631578947 0.160156461229 0.45249122807 0.156902493663 0.494526315789
470050218 0.156900429748 0.494596491228 0.208734403514 0.494456140351 0.211336999671 0.460701754386
470050244 0.15180008429 0.544842105263 0.0875141016957 0.552070175439 0.0937343271494 0.588280701754 0.156763385827 0.573684210526
470050248 0.148972521455 0.505543859649 0.0842758198797 0.505543859649 0.0863987623118 0.542245614035 0.150666582459 0.534807017544
470050252 0.150559258906 0.466175438596 0.0862670845681 0.45901754386 0.0842663258731 0.495649122807 0.148962614666 0.49550877193
470050256 0.156538831932 0.427298245614 0.0934614776554 0.412912280702 0.0873617848072 0.449122807018 0.15167170881 0.456210526316
470050276 0.075240415078 0.555228070175 0.00385993285673 0.563719298246 0.00874150338007 0.594175438596 0.0792080842705 0.58
470050280 0.0722184314993 0.521684210526 0.00039007983634 0.524561403509 0.00286388772966 0.555368421053 0.0742286842009 0.546736842105
470050284 0.0718324794919 0.488070175439 0.0 0.485333333333 5.03595132629e-05 0.516210526316 0.0718733449986 0.513192982456
470050288 0.0740866868848 0.454526315789 0.00269382117667 0.446105263158 0.000320732309879 0.476912280702 0.0721581651965 0.47950877193
470050292 0.0789657807107 0.421263157895 0.00845338091895 0.407298245614 0.00367129107345 0.437754385965 0.0750794297487 0.446035087719
470050341 0.421344425635 0.584561403509 0.400069595196 0.605964912281 0.424006875312 0.624140350877
470050342 0.424002747483 0.624140350877 0.438912465672 0.597964912281 0.421340297806 0.584561403509
470050345 0.402133509674 0.561333333333 0.376049758501 0.57649122807 0.394447492158 0.600280701754
470050346 0.394443364329 0.600280701754 0.415639766018 0.578807017544 0.402133509674 0.561333333333
470050373 0.393023391168 0.614947368421 0.370997295859 0.637052631579 0.401720726779 0.660421052632
470050374 0.401646425857 0.660421052632 0.41709688964 0.633263157895 0.392969729392 0.614877192982
470050377 0.36692312868 0.583368421053 0.33991887165 0.59901754386 0.363534181107 0.629543859649
470050378 0.363472263673 0.629473684211 0.38542405806 0.607298245614 0.366885978219 0.583298245614
470050404 0.379591435746 0.647298245614 0.354333250364 0.67698245614 0.377378919425 0.693614035088 0.39756400302 0.660280701754
470050408 0.358035912937 0.626666666667 0.328443507152 0.652 0.348599695944 0.672 0.373754685602 0.642245614035
470050412 0.339972533426 0.602877192982 0.306780660791 0.623298245614 0.32354790201 0.646245614035 0.353053623388 0.620771929825
470050436 0.351567604963 0.692210526316 0.326379592674 0.723859649123 0.346799962519 0.738245614035 0.368190372169 0.703929824561
470050440 0.33098212196 0.674385964912 0.302405162098 0.70301754386 0.321083588124 0.719649122807 0.346189043834 0.687859649123
470050444 0.312526598698 0.654315789474 0.280915684553 0.679649122807 0.297616880509 0.698245614035 0.32611953945 0.669473684211
470050448 0.296423937941 0.632421052632 0.262179468922 0.653964912281 0.276692915531 0.674315789474 0.308237784413 0.64898245614
470050469 0.298454829787 0.710385964912 0.261836859118 0.747087719298 0.293922473593 0.774315789474
470050470 0.294029797146 0.774456140351 0.324336317341 0.732350877193 0.298537386366 0.710456140351
470050473 0.268032730381 0.676280701754 0.226118755162 0.706736842105 0.253539922917 0.738736842105
470050474 0.253630735154 0.738807017544 0.290149637927 0.702035087719 0.268098775645 0.676350877193
470050500 0.285452168576 0.777894736842 0.245168685794 0.828561403509 0.275186257962 0.849754385965 0.309401832178 0.794807017544
470050504 0.255686393974 0.752140350877 0.209988025168 0.797964912281 0.23743726216 0.822315789474 0.277592782243 0.771649122807
470050508 0.228995851945 0.723228070175 0.178453475859 0.763578947368 0.202996308483 0.790947368421 0.248578272512 0.74498245614
470050512 0.205711181587 0.691438596491 0.150962135012 0.725894736842 0.172287737747 0.755859649123 0.22272980759 0.715298245614
470050532 0.238675610846 0.839368421053 0.19424448553 0.895929824561 0.219254175609 0.913964912281 0.259001040626 0.854105263158
470050536 0.212851912898 0.817824561404 0.164124130421 0.870666666667 0.187636656937 0.890666666667 0.231963760964 0.834105263158
470050540 0.188801530269 0.794315789474 0.136073881534 0.843228070175 0.157944357691 0.86498245614 0.206575961753 0.812070175439
470050544 0.166668936973 0.76898245614 0.110268346033 0.813614035088 0.130361791825 0.83698245614 0.182999041105 0.788070175439
470050548 0.146590351365 0.742035087719 0.0868652069838 0.782035087719 0.105057787541 0.806947368421 0.161375821902 0.762315789474
470050597 0.50419820844 0.615438596491 0.504264253703 0.645614035088 0.534071306594 0.641543859649
470050598 0.534063050936 0.641543859649 0.526075701906 0.61249122807 0.504194080611 0.615438596491
470050601 0.474176508443 0.612561403509 0.466440956979 0.641754385965 0.496281032502 0.645543859649
470050602 0.496272776844 0.645543859649 0.496074641054 0.615368421053 0.474172380614 0.612561403509
470050629 0.505642948574 0.656912280702 0.50570073818 0.688140350877 0.543961584773 0.682947368421
470050630 0.543874900365 0.682947368421 0.535623370282 0.652842105263 0.505564519824 0.656912280702
470050633 0.464831103687 0.653052631579 0.456814859854 0.683228070175 0.495116984737 0.688070175439
470050634 0.495026172499 0.688070175439 0.494844548025 0.656842105263 0.464756802765 0.653052631579
470050660 0.519017114392 0.689333333333 0.522129497424 0.728140350877 0.550182223009 0.723578947368 0.540898735687 0.685754385965
470050664 0.489168783211 0.689964912281 0.48616785156 0.728771929825 0.514587953922 0.728701754386 0.511335224705 0.689894736842
470050668 0.459588760912 0.685894736842 0.450552943328 0.723789473684 0.478634563715 0.728140350877 0.481491021353 0.689333333333
470050692 0.530950667903 0.740842105263 0.535540813702 0.781052631579 0.560167441254 0.776842105263 0.550995405314 0.737403508772
470050696 0.503785425544 0.742807017544 0.503847342978 0.783298245614 0.528795941188 0.781824561404 0.524090216179 0.741614035088
470050700 0.476574777066 0.741684210526 0.472108466136 0.781964912281 0.497061192175 0.783298245614 0.496887823359 0.742807017544
470050704 0.449657204444 0.737543859649 0.440716326926 0.777052631579 0.465363593622 0.781122807018 0.469722580999 0.740912280702
470050725 0.506241483773 0.791298245614 0.506295145549 0.843087719298 0.548279293861 0.839719298246
470050726 0.548407256558 0.839719298246 0.54009793687 0.78849122807 0.506352935155 0.791298245614
470050729 0.460600079007 0.788631578947 0.452542556885 0.839859649123 0.494543216512 0.843087719298
470050730 0.494675307038 0.843087719298 0.49446891559 0.791228070175 0.460711530388 0.788701754386
470050756 0.544799534051 0.848210526316 0.55211817479 0.91249122807 0.588323362562 0.906245614035 0.573690208914 0.843228070175
470050760 0.505531497192 0.85101754386 0.505605798114 0.915719298246 0.542281558388 0.913614035088 0.53479780449 0.849333333333
470050764 0.466193287242 0.849473684211 0.459023248345 0.913754385965 0.495711392106 0.915719298246 0.495463722369 0.85101754386
470050768 0.427276115845 0.84350877193 0.412956677197 0.906596491228 0.449190759772 0.912631578947 0.456191557682 0.848350877193
470050788 0.555205790849 0.924771929825 0.563750396788 0.996140350877 0.594222030141 0.991228070175 0.579972764585 0.920771929825
470050792 0.521708458871 0.927789473684 0.524626833943 0.999649122807 0.555391543152 0.997122807018 0.546710718857 0.925754385965
470050796 0.488074908538 0.928210526316 0.485354669256 1.0 0.516214318531 0.999929824561 0.513159725103 0.928140350877
470050800 0.454519786954 0.925964912281 0.446169188977 0.997333333333 0.476942153843 0.999719298246 0.47952617477 0.927859649123
470050804 0.421241229911 0.921052631579 0.407313935014 0.991578947368 0.437806207512 0.996350877193 0.446024714963 0.924912280702
470050853 0.584600060844 0.578596491228 0.605932680889 0.599929824561 0.624173557045 0.576
470050854 0.624173557045 0.576 0.597986610148 0.561052631579 0.584595933015 0.578596491228
470050857 0.561364511651 0.597824561404 0.57647236563 0.623929824561 0.600269299561 0.605543859649
470050858 0.600265171732 0.605543859649 0.578829355964 0.584350877193 0.561360383822 0.597824561404
470050885 0.614951987157 0.606947368421 0.637039999901 0.62898245614 0.660453045739 0.598315789474
470050886 0.660403511792 0.598385964912 0.633304314696 0.582877192982 0.614898325381 0.60701754386
470050889 0.583353456499 0.633052631579 0.598993800414 0.660070175439 0.629543862517 0.636421052632
470050890 0.629477817254 0.63649122807 0.607298992273 0.614596491228 0.583287411236 0.633122807018
470050916 0.647310038343 0.620350877193 0.676939594589 0.645684210526 0.693591256598 0.622666666667 0.660296188239 0.602385964912
470050920 0.626662637906 0.641964912281 0.651978612893 0.671578947368 0.672023350303 0.651368421053 0.642294726162 0.626245614035
470050924 0.602894598777 0.66 0.623277818162 0.693192982456 0.646224419328 0.676421052632 0.620788737301 0.646947368421
470050948 0.692204306069 0.648421052632 0.72386888199 0.673614035088 0.738283260704 0.653192982456 0.70393972379 0.631789473684
470050952 0.674376212808 0.66898245614 0.703023345762 0.697614035088 0.719633729481 0.678947368421 0.687898980468 0.653824561404
470050956 0.6543603702 0.687438596491 0.67962681124 0.719087719298 0.698218552857 0.702385964912 0.669492991153 0.673894736842
470050960 0.632396192325 0.703578947368 0.653972354278 0.737824561404 0.674314295373 0.723298245614 0.648957042097 0.691789473684
470050981 0.710375009133 0.701543859649 0.747046641578 0.738175438596 0.774343974464 0.706105263158
470050982 0.774426531043 0.705964912281 0.732384593126 0.675649122807 0.710453437883 0.701473684211
470050985 0.676258502812 0.731929824561 0.706754903138 0.773894736842 0.738729066231 0.746456140351
470050986 0.738824006297 0.746385964912 0.702040922471 0.709824561404 0.676349315049 0.731859649123
470051012 0.777910418682 0.714526315789 0.828517601682 0.754807017544 0.849722259029 0.724842105263 0.794830389572 0.690596491228
470051016 0.752144510338 0.744280701754 0.797926261289 0.790035087719 0.822350625222 0.762596491228 0.77163199084 0.722385964912
470051020 0.723204301528 0.77101754386 0.763582724375 0.821543859649 0.79092546338 0.79698245614 0.74501987756 0.751438596491
470051024 0.691457169028 0.794315789474 0.725928668639 0.849052631579 0.755843045083 0.827719298246 0.71532840388 0.777263157895
470051044 0.839406814468 0.761333333333 0.895900281559 0.805754385965 0.913992555873 0.780771929825 0.854110141209 0.74098245614
470051048 0.817855419489 0.787157894737 0.870691630125 0.835859649123 0.890690961417 0.812350877193 0.834110809917 0.768
470051052 0.794347433584 0.811157894737 0.843200289278 0.863929824561 0.86497871485 0.842035087719 0.812047564147 0.793403508772
470051056 0.769023202939 0.833333333333 0.813591372177 0.889754385965 0.837016801502 0.869614035088 0.788064877913 0.81698245614
470051060 0.742039585054 0.853403508772 0.782046503295 0.913122807018 0.80697859019 0.894947368421 0.762303097399 0.838596491228
