# Xscale/Yscale
# 242.2572/142.5
470077733 0.610356265985 0.465964912281 0.639486463147 0.458245614035 0.627957394042 0.430456140351
470077734 0.627957394042 0.430456140351 0.601894185188 0.445614035088 0.610356265985 0.466035087719
470077765 0.650053744533 0.453894736842 0.680207647079 0.445824561404 0.665380430386 0.410175438596
470077766 0.665425836673 0.410245614035 0.638446246386 0.425964912281 0.650078511598 0.453964912281
470077796 0.674098437528 0.423368421053 0.710101495435 0.40849122807 0.69717721496 0.383157894737 0.664022369614 0.403649122807
470077800 0.683943346163 0.45150877193 0.721828701066 0.442456140351 0.713015753505 0.415438596491 0.677070485418 0.430456140351
470077828 0.717069296599 0.391157894737 0.753542928755 0.373614035088 0.741431833605 0.351789473684 0.707212004432 0.373403508772
470077832 0.727888376486 0.416140350877 0.7660915754 0.402807017544 0.756506720956 0.379719298246 0.720082622931 0.397403508772
470077836 0.73583860459 0.442245614035 0.775296668169 0.433192982456 0.768349506227 0.409192982456 0.730183457912 0.422666666667
470077861 0.756638811973 0.362175438596 0.802837645279 0.338666666667 0.780807340298 0.302736842105
470077862 0.780733039101 0.302666666667 0.738864314456 0.333192982456 0.756585149998 0.362035087719
470077865 0.775040741823 0.404 0.82434784188 0.388 0.808195587169 0.349122807018
470077866 0.808137797349 0.34898245614 0.76201326524 0.372631578947 0.775003591225 0.403859649123
470077869 0.786673007035 0.448210526316 0.837870659778 0.440140350877 0.828000984078 0.399157894737
470077870 0.827959705635 0.39901754386 0.778706267554 0.415157894737 0.786652367814 0.448070175439
470077892 0.813821838938 0.342666666667 0.872119383861 0.314596491228 0.85431186359 0.282456140351 0.799613798888 0.31698245614
470077896 0.829466368801 0.378807017544 0.890533697244 0.357403508772 0.876432981146 0.32350877193 0.818213865264 0.351719298246
470077900 0.840966542996 0.416421052632 0.904040003765 0.402035087719 0.893823589144 0.366736842105 0.832814050522 0.388280701754
470077924 0.871264920093 0.286385964912 0.933979258408 0.251228070175 0.917822875853 0.224912280702 0.858134247403 0.26498245614
470077928 0.886880555046 0.316140350877 0.952158284666 0.286035087719 0.938111230543 0.258596491228 0.875467065582 0.293824561404
470077932 0.900110295999 0.347087719298 0.967546888183 0.322175438596 0.955699975068 0.293684210526 0.890484163113 0.323929824561
470077936 0.910871586066 0.378947368421 0.980054256385 0.359438596491 0.97047765763 0.330105263158 0.903090599578 0.355087719298
470077940 0.919102507583 0.411578947368 0.989601960231 0.397543859649 0.982353465656 0.36750877193 0.913212073779 0.387157894737
470077989 0.553978168657 0.397894736842 0.56913148505 0.371859649123 0.541355220815 0.360280701754
470077990 0.541359348659 0.360280701754 0.533590745703 0.389473684211 0.553982296501 0.397894736842
470078021 0.573482232933 0.361263157895 0.589143274173 0.334245614035 0.553466315965 0.31950877193
470078022 0.553553000695 0.31950877193 0.545532599238 0.349684210526 0.573552406286 0.361333333333
470078052 0.568908581458 0.322666666667 0.583884400546 0.286736842105 0.556855276128 0.277964912281 0.547831808508 0.315859649123
470078056 0.59579735917 0.335649122807 0.61620954919 0.302456140351 0.590885224464 0.289543859649 0.576045624237 0.325614035088
470078084 0.576545093397 0.269543859649 0.589956459498 0.231368421053 0.565940661413 0.224421052632 0.556995622834 0.263929824561
470078088 0.601865290278 0.279578947368 0.619462290491 0.243087719298 0.596375257371 0.233543859649 0.583071215221 0.271789473684
470078092 0.625901727585 0.292350877193 0.647469714006 0.258105263158 0.625592139264 0.246035087719 0.608094207314 0.282526315789
470078117 0.583999980186 0.221052631579 0.6000779337 0.171789473684 0.5591173348 0.161894736842
470078118 0.558985243782 0.161894736842 0.550964842325 0.213122807018 0.58388852839 0.22098245614
470078121 0.626599333271 0.237614035088 0.65018583555 0.191438596491 0.611268519573 0.175368421053
470078122 0.6111405564 0.175298245614 0.595211205281 0.224631578947 0.626496137163 0.237543859649
470078125 0.666082163915 0.260631578947 0.696595188915 0.218736842105 0.660674687894 0.196771929825
470078126 0.660559108254 0.196701754386 0.63711295268 0.242877192982 0.665991351341 0.260561403509
470078148 0.610641087241 0.166807017544 0.632048087735 0.105754385965 0.596738507669 0.0955789473684 0.58246442211 0.158736842105
470078152 0.647246810415 0.181263157895 0.675353302193 0.12301754386 0.641401782899 0.10898245614 0.620155768332 0.170105263158
470078156 0.682003259346 0.199789473684 0.716454247799 0.145052631579 0.684285957239 0.127298245614 0.656336323544 0.185614035088
470078180 0.611479039632 0.0863859649123 0.631003743129 0.0171929824561 0.600986059444 0.0100350877193 0.587083479872 0.0805614035088
470078184 0.643585412529 0.0964210526316 0.668476313604 0.0289824561404 0.639114957161 0.0194385964912 0.619722344682 0.088701754386
470078188 0.674804298902 0.108912280702 0.704904539473 0.043649122807 0.676385263266 0.0318596491228 0.651622325363 0.0993684210526
470078192 0.704945817916 0.123859649123 0.740077900677 0.0611228070175 0.712565818477 0.0471578947368 0.682585285391 0.11249122807
470078196 0.733824216576 0.141122807018 0.773765237937 0.0813333333333 0.747433719204 0.0651929824561 0.712425471771 0.128
470078245 0.466001423281 0.389614035088 0.458294737989 0.36049122807 0.430493706689 0.371929824561
470078246 0.430497834533 0.371929824561 0.44559748895 0.398035087719 0.466005551125 0.389614035088
470078277 0.453882072442 0.349894736842 0.445869926673 0.319789473684 0.410197096309 0.334526315789
470078278 0.410275525351 0.334526315789 0.425928310903 0.361473684211 0.453956373639 0.349894736842
470078308 0.423369047442 0.325894736842 0.40853357506 0.289824561404 0.383209250334 0.302736842105 0.403621440353 0.335929824561
470078312 0.451545712573 0.316 0.442526372797 0.278105263158 0.415497248379 0.286947368421 0.430464811779 0.322877192982
470078340 0.391192501193 0.282877192982 0.373669802177 0.246385964912 0.351800483123 0.258526315789 0.373389108765 0.292771929825
470078344 0.416178342687 0.272070175439 0.402853661315 0.233894736842 0.379770756039 0.243438596491 0.397388395474 0.279859649123
470078348 0.44222091232 0.264140350877 0.433259362364 0.224631578947 0.409247692122 0.231578947368 0.422675569601 0.269754385965
470078373 0.362165500138 0.243298245614 0.33868632181 0.197122807018 0.302774076477 0.219157894737
470078374 0.302666752526 0.219228070175 0.333208672436 0.261052631579 0.362066431875 0.243368421053
470078377 0.404005329873 0.224912280702 0.388051211687 0.175578947368 0.349133895711 0.191719298246
470078378 0.349014188226 0.191789473684 0.372625457572 0.237964912281 0.403902133765 0.22498245614
470078381 0.448210414386 0.213333333333 0.440169373707 0.162105263158 0.399208774806 0.171929824561
470078382 0.399084939478 0.171929824561 0.415183532213 0.221263157895 0.448103090434 0.213333333333
470078404 0.342653180174 0.186175438596 0.314620989593 0.127859649123 0.282477466098 0.145614035088 0.317006883593 0.200350877193
470078408 0.37878007341 0.170526315789 0.357455629802 0.109403508772 0.323520621885 0.12350877193 0.35170141486 0.181754385965
470078412 0.416430141189 0.15901754386 0.402077626589 0.0959298245614 0.366780430055 0.106105263158 0.388265859591 0.167157894737
470078436 0.286398918175 0.128701754386 0.251279218946 0.0659649122807 0.224980722967 0.0821052631579 0.265020812591 0.141824561404
470078440 0.316185442579 0.113052631579 0.286101713386 0.0477894736842 0.258610270407 0.0618245614035 0.293845549276 0.12449122807
470078444 0.347107124164 0.0998596491228 0.32223686231 0.0324210526316 0.29373409748 0.0442105263158 0.323941662002 0.109473684211
470078448 0.378969954247 0.0891228070175 0.359470017816 0.0199298245614 0.33012517275 0.0294736842105 0.355119269933 0.0968421052632
470078452 0.411575796302 0.0808421052632 0.397565892778 0.0103859649123 0.367564720471 0.0176140350877 0.387192620075 0.0867368421053
470078501 0.39793327092 0.445964912281 0.371853550689 0.430807017544 0.36034924865 0.458596491228
470078502 0.36034924865 0.458596491228 0.389487701501 0.466385964912 0.39793327092 0.445964912281
470078533 0.36128214146 0.426456140351 0.334273656263 0.410807017544 0.319533124299 0.446526315789
470078534 0.319562019209 0.446456140351 0.349728305289 0.454385964912 0.361319292058 0.426385964912
470078564 0.322707436559 0.43101754386 0.286733273562 0.416070175439 0.277973987976 0.443087719298 0.315875854257 0.452140350877
470078568 0.335672995478 0.404140350877 0.302485127377 0.383719298246 0.2895979975 0.409052631579 0.325621694629 0.423929824561
470078596 0.269561441311 0.423368421053 0.231366498086 0.410035087719 0.224472998119 0.434035087719 0.26395170092 0.442947368421
470078600 0.27958384725 0.398105263158 0.243130854315 0.38049122807 0.233587278314 0.403578947368 0.271819372138 0.416912280702
470078604 0.292380164552 0.374035087719 0.25812318478 0.35249122807 0.246053368073 0.374385964912 0.282551767295 0.391859649123
470078629 0.221059270891 0.415929824561 0.171770746133 0.399929824561 0.161968767079 0.440842105263
470078630 0.161946063935 0.44098245614 0.213162704762 0.44898245614 0.221026248136 0.416070175439
470078633 0.237640821408 0.373333333333 0.191470057443 0.349754385965 0.175374354199 0.388701754386
470078634 0.175331011834 0.388842105263 0.224662878957 0.404771929825 0.237591287276 0.373473684211
470078637 0.260678320397 0.333894736842 0.218768317309 0.303368421053 0.196775988495 0.339298245614
470078638 0.196713658046 0.339438596491 0.242949229166 0.362807017544 0.260612274888 0.333964912281
470078660 0.166827652594 0.389263157895 0.105763626427 0.367929824561 0.0956351348897 0.403228070175 0.158745333472 0.417473684211
470078664 0.181314734918 0.352701754386 0.123030811881 0.324631578947 0.10900811204 0.358596491228 0.170125387398 0.379789473684
470078668 0.199807064558 0.317964912281 0.145036762581 0.28350877193 0.127297764525 0.315649122807 0.185652273699 0.343578947368
470078692 0.0864316932582 0.38849122807 0.0172378777597 0.36898245614 0.0100715272859 0.39901754386 0.0806073049635 0.412842105263
470078696 0.0964561631192 0.356350877193 0.0290063618336 0.33150877193 0.0195048898443 0.360842105263 0.0887342048038 0.380210526316
470078700 0.108967246381 0.325122807018 0.0436775460131 0.295087719298 0.0318999806817 0.323578947368 0.0993951882545 0.348350877193
470078704 0.123889403493 0.29501754386 0.0611635072146 0.259859649123 0.0471824986007 0.287368421053 0.112527099298 0.317333333333
470078708 0.141129345175 0.266105263158 0.0813536192113 0.226175438596 0.0652558520449 0.25249122807 0.128046142695 0.28750877193
470078757 0.389599153297 0.533894736842 0.360481339667 0.541754385965 0.372059942904 0.569473684211
470078758 0.372055815059 0.569473684211 0.398094256848 0.554315789474 0.389599153297 0.533894736842
470078789 0.34989341906 0.546035087719 0.319751900047 0.554175438596 0.334624523028 0.589754385965
470078790 0.33457911674 0.589684210526 0.36154219565 0.573964912281 0.349872779839 0.545964912281
470078820 0.325856981753 0.576561403509 0.289874563068 0.59150877193 0.302827738453 0.616771929825 0.335961944578 0.596280701754
470078824 0.316020328808 0.548421052632 0.278143229592 0.557473684211 0.286976816375 0.58449122807 0.322909700929 0.569473684211
470078852 0.282881994839 0.608771929825 0.246429001904 0.626315789474 0.25856486412 0.648210526316 0.292759926227 0.626526315789
470078856 0.27207117064 0.583789473684 0.233876227414 0.597122807018 0.243485848924 0.620210526316 0.279889307727 0.602526315789
470078860 0.26412507038 0.557684210526 0.224671134645 0.566736842105 0.23163068012 0.590736842105 0.269792600591 0.577263157895
470078885 0.243316607308 0.637754385965 0.197140064361 0.661333333333 0.219205868804 0.697192982456
470078886 0.219284297845 0.697333333333 0.261115871892 0.666736842105 0.243370269284 0.637894736842
470078889 0.224922933147 0.595929824561 0.175628216623 0.611929824561 0.191804825615 0.650877192982
470078890 0.19186302822 0.650947368421 0.237975176796 0.627298245614 0.224960083746 0.596070175439
470078893 0.213303051468 0.551719298246 0.162106224294 0.559859649123 0.171992411371 0.600771929825
470078894 0.172030800323 0.600912280702 0.221282174482 0.584771929825 0.213319562845 0.551859649123
470078916 0.186126975793 0.657263157895 0.127854197935 0.685403508772 0.145686485273 0.717543859649 0.200356480633 0.682947368421
470078920 0.170490701618 0.621122807018 0.109435343924 0.642526315789 0.123555873675 0.67649122807 0.181758478179 0.648210526316
470078924 0.158996719189 0.58350877193 0.0959273862655 0.597894736842 0.106158248341 0.633192982456 0.167160356844 0.611649122807
470078948 0.128690911973 0.713543859649 0.0660029918615 0.748701754386 0.0821775369318 0.77501754386 0.141836444902 0.734877192982
470078952 0.113081056002 0.683789473684 0.0478243783879 0.713894736842 0.0618854671812 0.741403508772 0.124508992922 0.706105263158
470078956 0.0998558556774 0.652842105263 0.0324328853797 0.677754385965 0.0442934203813 0.706245614035 0.109495197666 0.676
470078960 0.0890978678859 0.62098245614 0.0199255171776 0.640561403509 0.0295120227593 0.669894736842 0.0968891739853 0.644842105263
470078964 0.0808718997825 0.588350877193 0.0103769877634 0.602456140351 0.0176304357518 0.632421052632 0.0867672869991 0.612771929825
470079013 0.445911205116 0.602035087719 0.430889979741 0.628210526316 0.458724033795 0.639578947368
470079014 0.458719905951 0.639578947368 0.466339906513 0.610385964912 0.445907077272 0.602035087719
470079045 0.426415396529 0.638736842105 0.410857551396 0.665754385965 0.44658817158 0.680421052632
470079046 0.44650148685 0.680350877193 0.454410436511 0.650175438596 0.42634935102 0.638666666667
470079076 0.430997303692 0.677263157895 0.416137064244 0.713263157895 0.443195083572 0.721964912281 0.452098843708 0.684070175439
470079080 0.404116781668 0.664280701754 0.383799532068 0.697543859649 0.409161007392 0.710385964912 0.423893283667 0.674315789474
470079108 0.423369047442 0.730385964912 0.410056749603 0.768631578947 0.434089059066 0.77550877193 0.442930901538 0.736
470079112 0.398052978405 0.720421052632 0.380542662922 0.756912280702 0.403654463108 0.766385964912 0.416867692684 0.728140350877
470079116 0.374016541098 0.707578947368 0.352526983718 0.741894736842 0.374433453371 0.753894736842 0.391844700591 0.717403508772
470079141 0.415922416341 0.778947368421 0.399951786779 0.828210526316 0.440928897057 0.837964912281
470079142 0.441060988074 0.838035087719 0.448969937736 0.786807017544 0.416029740293 0.778947368421
470079145 0.373323063257 0.762315789474 0.349827373552 0.808561403509 0.388777712283 0.824561403509
470079146 0.388905675456 0.824631578947 0.404735958312 0.775298245614 0.37342213152 0.762385964912
470079149 0.333844360457 0.739298245614 0.303405636654 0.781263157895 0.339367416118 0.803157894737
470079150 0.339482995758 0.803228070175 0.362842466602 0.75698245614 0.333935173031 0.739368421053
470079172 0.389268925753 0.833122807018 0.367969249211 0.894245614035 0.403295340654 0.904350877193 0.417462102262 0.841192982456
470079176 0.352667330424 0.818666666667 0.324655779065 0.87698245614 0.358632065425 0.890947368421 0.379774883884 0.829824561404
470079180 0.317910881493 0.800140350877 0.283546577769 0.854947368421 0.31574376324 0.872701754386 0.343602584361 0.814315789474
470079204 0.388443356895 0.913543859649 0.369021849505 0.982736842105 0.399047788879 0.989894736842 0.4128430445 0.919368421053
470079208 0.356341111843 0.90350877193 0.331545151186 0.97101754386 0.360918891162 0.98049122807 0.380212435379 0.911228070175
470079212 0.325122225469 0.89101754386 0.295108669629 0.956350877193 0.323648585058 0.968070175439 0.348316582541 0.900561403509
470079216 0.294980706456 0.876070175439 0.259935308424 0.938877192982 0.287463902002 0.952771929825 0.317357750358 0.887438596491
470079220 0.266106435639 0.858807017544 0.226239715476 0.918666666667 0.25259187343 0.934736842105 0.287521691822 0.871929824561
470079269 0.533929228935 0.610385964912 0.541788644465 0.63950877193 0.569531885946 0.627859649123
470079270 0.569527758102 0.627859649123 0.554287756979 0.601894736842 0.533925101091 0.610385964912
470079301 0.546056835462 0.650105263158 0.554188688716 0.680210526316 0.58980372926 0.665333333333
470079302 0.589725300218 0.665333333333 0.573969318559 0.638385964912 0.54598666211 0.650105263158
470079332 0.576578116151 0.674105263158 0.591529168173 0.710105263158 0.616812214456 0.697122807018 0.59629682833 0.664
470079336 0.548389067487 0.684 0.557532242592 0.721824561404 0.584536599944 0.71298245614 0.569445201216 0.677052631579
470079364 0.6087546624 0.717122807018 0.62636817399 0.753543859649 0.64820447029 0.741403508772 0.626533287762 0.707228070175
470079368 0.583760565217 0.727929824561 0.597184314852 0.766105263158 0.620246580907 0.75649122807 0.602534001053 0.720070175439
470079372 0.557713867741 0.735859649123 0.566778613804 0.775298245614 0.590769644824 0.768350877193 0.577242699082 0.730175438596
470079397 0.637789919144 0.756631578947 0.66136403789 0.802807017544 0.697230876936 0.780771929825
470079398 0.697338200887 0.780701754386 0.666713724092 0.738877192982 0.637888987407 0.756631578947
470079401 0.595937705876 0.775087719298 0.612003275857 0.824350877193 0.650883441235 0.808140350877
470079402 0.650999020875 0.808070175439 0.627288683267 0.761964912281 0.596045029828 0.77501754386
470079405 0.551724365674 0.786666666667 0.559880985993 0.837894736842 0.600816817828 0.827929824561
470079406 0.600944781001 0.827929824561 0.58473473647 0.778666666667 0.551831689626 0.786666666667
470079428 0.657289855575 0.813824561404 0.685421114419 0.872140350877 0.717535743004 0.854245614035 0.68291138509 0.799649122807
470079432 0.621154706651 0.829473684211 0.642590602054 0.890526315789 0.676500842906 0.876421052632 0.648212725979 0.818245614035
470079436 0.583500511027 0.84098245614 0.597968605267 0.904070175439 0.633245162579 0.893824561404 0.611648281248 0.832842105263
470079460 0.713552373263 0.871298245614 0.748758757222 0.933964912281 0.775036613979 0.917754385965 0.734909839625 0.858175438596
470079464 0.683761721014 0.886877192982 0.713940390626 0.952140350877 0.741411194383 0.938105263158 0.70608510294 0.875438596491
470079468 0.652835911585 0.900140350877 0.677805241702 0.967578947368 0.706291495155 0.955649122807 0.675988990214 0.890456140351
470079472 0.620968953658 0.910877192982 0.64057621404 0.980070175439 0.669904547729 0.970456140351 0.644807254439 0.903087719298
470079476 0.588358983758 0.919087719298 0.602476211233 0.989614035088 0.632469127853 0.982315789474 0.612733904297 0.913192982456
470079525 0.602063426804 0.554035087719 0.628180297634 0.569052631579 0.639610298476 0.541263157895
470079526 0.639610298476 0.541263157895 0.610451206404 0.533614035088 0.60205929896 0.554035087719
470079557 0.638706300576 0.573543859649 0.665747808527 0.589122807018 0.680418167138 0.553403508772
470079558 0.680393400072 0.553473684211 0.650210602616 0.545543859649 0.638669149978 0.573614035088
470079588 0.677289261165 0.568912280702 0.71327993554 0.583859649123 0.722002070527 0.556771929825 0.684091948557 0.547859649123
470079592 0.664315446558 0.595859649123 0.697540465258 0.616140350877 0.710382188847 0.590807017544 0.674329596809 0.576070175439
470079620 0.730422872881 0.576561403509 0.768630199639 0.589894736842 0.775503060384 0.565894736842 0.736011974051 0.55698245614
470079624 0.720396339097 0.601894736842 0.756874099098 0.619438596491 0.766388780189 0.596350877193 0.728140174988 0.583087719298
470079628 0.707600021795 0.625964912281 0.741885896477 0.647438596491 0.753926818274 0.625543859649 0.717399524142 0.608140350877
470079653 0.778929171145 0.584 0.828232143358 0.6 0.838002750795 0.559087719298
470079654 0.838027517861 0.558947368421 0.786805098053 0.550947368421 0.7789621939 0.583929824561
470079657 0.762347620628 0.626596491228 0.80854232609 0.650175438596 0.824595512538 0.611228070175
470079658 0.824640918825 0.611087719298 0.775288412481 0.595228070175 0.762397154759 0.626526315789
470079661 0.739305993795 0.666105263158 0.781257275326 0.696561403509 0.803200895577 0.660631578947
470079662 0.803262813241 0.66049122807 0.756997934427 0.637122807018 0.739372039304 0.666035087719
470079684 0.833156661598 0.610666666667 0.894232245729 0.632 0.904337208554 0.596701754386 0.841218341498 0.582456140351
470079688 0.818667928136 0.647298245614 0.876973728748 0.675298245614 0.890967120895 0.641333333333 0.829833746943 0.620210526316
470079692 0.800171057867 0.682035087719 0.85497644652 0.716421052632 0.872680770685 0.684210526316 0.814296541032 0.656350877193
470079716 0.913554684856 0.61150877193 0.982757994396 0.630947368421 0.989911548553 0.600912280702 0.919366689617 0.587087719298
470079720 0.903532278917 0.643578947368 0.970993638166 0.668421052632 0.980479424347 0.639087719298 0.911238964208 0.619719298246
470079724 0.891016655026 0.674807017544 0.9563274074 0.704842105263 0.968083507941 0.676350877193 0.90057261456 0.651649122807
470079728 0.876094497914 0.70498245614 0.938845986827 0.740070175439 0.95280635622 0.71249122807 0.887437814026 0.682596491228
470079732 0.858848364466 0.733824561404 0.918660828244 0.773754385965 0.934734653913 0.747368421053 0.871912991647 0.712421052632
470081829 0.615404619553 0.495719298246 0.645554394255 0.495719298246 0.641583408047 0.465894736842
470081830 0.641583408047 0.465964912281 0.612490361484 0.473824561404 0.615404619553 0.495719298246
470081833 0.612577046214 0.525754385965 0.641698987687 0.533543859649 0.6455585221 0.503719298246
470081834 0.6455585221 0.503719298246 0.615412875242 0.503859649123 0.612577046214 0.525754385965
470081861 0.656889454679 0.494315789474 0.68809595752 0.494315789474 0.682981558443 0.456
470081862 0.683006325509 0.456140350877 0.652889573561 0.464280701754 0.656889454679 0.494385964912
470081865 0.653017536734 0.535087719298 0.683167311436 0.543157894737 0.688112468897 0.504842105263
470081866 0.688108341052 0.50498245614 0.656901838212 0.505122807018 0.653001025357 0.535157894737
470081892 0.689272393142 0.480912280702 0.728107152233 0.477894736842 0.723620185489 0.449824561404 0.685771981184 0.45901754386
470081896 0.68992459254 0.510736842105 0.728755223787 0.513824561404 0.728705689655 0.485403508772 0.689887441942 0.488561403509
470081900 0.685899944357 0.540350877193 0.723777043572 0.549403508772 0.728169069898 0.521333333333 0.689321927274 0.518456140351
470081924 0.740837424027 0.46898245614 0.781055010955 0.464421052632 0.776832226245 0.439789473684 0.737398929733 0.448912280702
470081928 0.742789894377 0.496140350877 0.783263407651 0.496140350877 0.781822789993 0.471157894737 0.741617586598 0.475859649123
470081932 0.74169601564 0.523368421053 0.781913602568 0.527859649123 0.78327166334 0.502947368421 0.742798150065 0.50301754386
470081936 0.737555787816 0.550315789474 0.777017979239 0.559298245614 0.781158207063 0.534596491228 0.740924108757 0.530245614035
470081957 0.791250786354 0.493684210526 0.843088254962 0.493684210526 0.839732317553 0.451719298246
470081958 0.839715806176 0.451578947368 0.788542920499 0.459859649123 0.791250786354 0.493614035088
470081961 0.788650244451 0.539368421053 0.839847897194 0.547438596491 0.843096510651 0.505473684211
470081962 0.843096510651 0.505333333333 0.791263169887 0.505473684211 0.788666755828 0.539228070175
470081988 0.848190270506 0.455157894737 0.91248144534 0.447859649123 0.906273167526 0.411649122807 0.843236857357 0.426245614035
470081992 0.85102197169 0.494385964912 0.915717675264 0.494385964912 0.913604218987 0.457684210526 0.849333683375 0.465122807018
470081996 0.849441007326 0.533754385965 0.91373218216 0.54098245614 0.915730058797 0.504280701754 0.851034355222 0.50449122807
470082000 0.843459760948 0.572631578947 0.906541477405 0.58701754386 0.912634175579 0.550807017544 0.848322361523 0.543719298246
470082020 0.924757654262 0.444701754386 0.996140465588 0.436210526316 0.991269609324 0.405754385965 0.920794923742 0.419929824561
470082024 0.927783364127 0.478245614035 0.999611982637 0.475368421053 0.997143531751 0.444561403509 0.925777231802 0.453192982456
470082028 0.92817138149 0.511859649123 1.0 0.514666666667 0.999954593713 0.483789473684 0.928130103048 0.486807017544
470082032 0.925917578507 0.545403508772 0.997312773366 0.553824561404 0.99968215599 0.52301754386 0.927845281791 0.520421052632
470082036 0.921038466555 0.578666666667 0.99155443058 0.592701754386 0.996330346425 0.562175438596 0.924918640189 0.553894736842
470082085 0.578571864944 0.415368421053 0.599941714839 0.394105263158 0.576091030525 0.375789473684
470082086 0.576095158369 0.375789473684 0.561061549461 0.401894736842 0.578571864944 0.415368421053
470082089 0.597799363652 0.438596491228 0.623941001547 0.423578947368 0.605625756427 0.399719298246
470082090 0.605629884272 0.399719298246 0.58435910264 0.421052631579 0.597803491496 0.438596491228
470082117 0.606888876781 0.38498245614 0.628993482959 0.362947368421 0.598352494787 0.33950877193
470082118 0.598430923828 0.33950877193 0.582881334383 0.366596491228 0.606946666601 0.385052631579
470082121 0.633009875455 0.416631578947 0.66005551125 0.401052631579 0.636522670946 0.370385964912
470082122 0.636588716455 0.370456140351 0.614574922851 0.392631578947 0.633051153898 0.416631578947
470082148 0.620333265637 0.352631578947 0.645682357428 0.323087719298 0.622686136883 0.306385964912 0.602401910036 0.339649122807
470082152 0.641901252058 0.373263157895 0.671555685445 0.348070175439 0.651453083747 0.327929824561 0.626219571596 0.357614035088
470082156 0.659972954364 0.397052631579 0.693210356596 0.376771929825 0.676492587217 0.353754385965 0.646933094249 0.379157894737
470082180 0.648365456218 0.307789473684 0.673627863279 0.276140350877 0.653240440325 0.261684210526 0.631771522167 0.296
470082184 0.668955143542 0.325543859649 0.697598255078 0.29698245614 0.678952782415 0.280350877193 0.653781187928 0.312
470082188 0.6874231189 0.345614035088 0.719079556769 0.320350877193 0.702415449365 0.301754385965 0.673854894715 0.330456140351
470082192 0.703529967324 0.367578947368 0.737807586317 0.346035087719 0.723331236388 0.325684210526 0.691744971873 0.350947368421
470082213 0.7014866844 0.289543859649 0.738174964459 0.25298245614 0.706134637072 0.225614035088
470082214 0.706031440964 0.225543859649 0.675646379138 0.26750877193 0.701404127514 0.289473684211
470082217 0.731921280358 0.323649122807 0.773880817577 0.293263157895 0.746509082083 0.261263157895
470082218 0.746418269509 0.261122807018 0.709845569089 0.297894736842 0.73185523485 0.323578947368
470082244 0.714477010384 0.222035087719 0.754843199707 0.17150877193 0.72486266662 0.150245614035 0.690556152717 0.205122807018
470082248 0.744247023411 0.247789473684 0.790016560911 0.202105263158 0.76259941913 0.177614035088 0.722373576513 0.228280701754
470082252 0.770950048131 0.276771929825 0.821545035607 0.236421052632 0.79703802405 0.209052631579 0.751392321879 0.254877192982
470082256 0.794239345621 0.30849122807 0.849028222897 0.274105263158 0.827736802043 0.244140350877 0.777249138519 0.284561403509
470082276 0.761266125424 0.160561403509 0.80577254257 0.104070175439 0.780786701076 0.0859649122807 0.740961259356 0.145824561404
470082280 0.787094047153 0.182105263158 0.835889294518 0.129333333333 0.812401860502 0.109263157895 0.768006895151 0.165824561404
470082284 0.811151123682 0.205614035088 0.863933868632 0.156771929825 0.842089316644 0.13501754386 0.793397265386 0.187859649123
470082288 0.833288752615 0.230947368421 0.889737023296 0.186385964912 0.869667444353 0.162947368421 0.816979639821 0.211859649123
470082292 0.853370715091 0.257894736842 0.913133644738 0.217964912281 0.894967002013 0.19298245614 0.838605416062 0.237614035088
470082341 0.495721902177 0.384561403509 0.495829226128 0.354456140351 0.466001423281 0.358315789474
470082342 0.466005551125 0.358315789474 0.473831943901 0.387438596491 0.495726030021 0.384561403509
470082345 0.525731330173 0.387438596491 0.533632024146 0.358315789474 0.503816604832 0.354385964912
470082346 0.503820732676 0.354385964912 0.503845499742 0.38449122807 0.525735458017 0.387438596491
470082373 0.494293668052 0.343087719298 0.494363841405 0.311859649123 0.456082213449 0.316912280702
470082374 0.456168898179 0.316912280702 0.464292495744 0.34701754386 0.494367969249 0.343087719298
470082377 0.535089153181 0.346947368421 0.543233389967 0.316842105263 0.504951762012 0.311789473684
470082378 0.505042574586 0.311789473684 0.505092108718 0.34301754386 0.535163454378 0.34701754386
470082404 0.480919452549 0.310736842105 0.477943276815 0.271859649123 0.449873935635 0.276280701754 0.459029494273 0.314175438596
470082408 0.510759638929 0.310035087719 0.51389680059 0.271228070175 0.485476592646 0.271228070175 0.488593115086 0.310035087719
470082412 0.540335643275 0.314105263158 0.54950771329 0.276210526316 0.52143837211 0.271789473684 0.518445684999 0.310596491228
470082436 0.468994110392 0.259157894737 0.464511271492 0.218947368421 0.439876296762 0.223087719298 0.448941042826 0.262526315789
470082440 0.496151197983 0.257192982456 0.496200732114 0.216701754386 0.471252041219 0.218105263158 0.475842204071 0.258315789474
470082444 0.52336194755 0.258315789474 0.527939726869 0.218035087719 0.502991035973 0.216701754386 0.503048825793 0.257122807018
470082448 0.550271364484 0.262385964912 0.559323727014 0.222947368421 0.534688752285 0.218807017544 0.530218296917 0.25901754386
470082469 0.493699258474 0.208701754386 0.493769431827 0.156912280702 0.451776871854 0.160210526316
470082470 0.451644780836 0.160210526316 0.45983442391 0.211368421053 0.493587806678 0.208701754386
470082473 0.539336704957 0.211298245614 0.547513964497 0.160140350877 0.505521404524 0.156842105263
470082474 0.505389313506 0.156842105263 0.505471870392 0.208631578947 0.539225253161 0.211298245614
470082500 0.455136937107 0.151789473684 0.447942104507 0.0875087719298 0.411724398697 0.0936842105263 0.426237899224 0.156701754386
470082504 0.494400992004 0.14898245614 0.494450526135 0.0842807017544 0.457770501764 0.0863157894737 0.46513457598 0.150596491228
470082508 0.533739348098 0.150526315789 0.541029121116 0.0862456140351 0.504344968901 0.0842105263158 0.50446880423 0.148912280702
470082512 0.572648408386 0.15649122807 0.58709173556 0.0934736842105 0.550865774062 0.087298245614 0.543745242659 0.151578947368
470082532 0.444738897337 0.0752280701754 0.43630571145 0.00378947368421 0.405825709205 0.00870175438596 0.419967703746 0.0791578947368
470082536 0.47823635376 0.0722105263158 0.475429419642 0.000350877192982 0.44466459614 0.00280701754386 0.453229873044 0.0741754385965
470082540 0.511861773355 0.0717894736842 0.514701730227 0.0 0.483837838463 0.0 0.486780991442 0.0717894736842
470082544 0.545421147442 0.0740350877193 0.553883228238 0.00266666666667 0.523114276892 0.000280701754386 0.520414666726 0.0720701754386
470082548 0.578695700272 0.0789473684211 0.592734498706 0.00842105263158 0.562250368616 0.00364912280702 0.553920378837 0.0750175438596
470082597 0.415398180116 0.421403508772 0.394135654173 0.4 0.375812153364 0.423859649123
470082598 0.375816281209 0.423859649123 0.401949663416 0.438877192982 0.415398180116 0.421403508772
470082601 0.438613176409 0.402175438596 0.423620845944 0.376 0.39974126672 0.394315789474
470082602 0.399745394564 0.394315789474 0.421086349549 0.415578947368 0.438617304253 0.402175438596
470082629 0.385046141043 0.393052631579 0.363011708218 0.370947368421 0.339524274201 0.401614035088
470082630 0.339573808333 0.401543859649 0.366631827661 0.417052631579 0.385095675175 0.39298245614
470082633 0.416628277715 0.366947368421 0.40107868827 0.339929824561 0.37045008363 0.363438596491
470082634 0.370516129139 0.363368421053 0.392624863162 0.385403508772 0.416694323223 0.366947368421
470082660 0.352696225334 0.379649122807 0.3231119653 0.354245614035 0.306414835142 0.377263157895 0.339672876596 0.397543859649
470082664 0.373331318945 0.358035087719 0.348085423261 0.328421052632 0.327991077252 0.34849122807 0.357662022016 0.373754385965
470082668 0.397087062841 0.34 0.37679870815 0.306736842105 0.353806615448 0.323438596491 0.37915570724 0.353052631579
470082692 0.307793535135 0.351578947368 0.276170120021 0.326315789474 0.261722665002 0.346736842105 0.29603330675 0.368210526316
470082696 0.32561343894 0.33101754386 0.297019861536 0.302385964912 0.280376393354 0.32098245614 0.312065853977 0.346175438596
470082700 0.345629355908 0.312561403509 0.320424738666 0.280842105263 0.30179577738 0.297543859649 0.330463655982 0.326105263158
470082704 0.367581231848 0.296421052632 0.34608341878 0.262175438596 0.325708379359 0.276631578947 0.350995553486 0.308210526316
470082725 0.289614508877 0.298456140351 0.253000530015 0.261754385965 0.225653561587 0.293824561404
470082726 0.225575132545 0.293894736842 0.267567692519 0.324280701754 0.28954020768 0.298526315789
470082729 0.323722886255 0.268070175439 0.293300673829 0.226105263158 0.261276857819 0.253403508772
470082730 0.2611819174 0.253543859649 0.297903220214 0.290105263158 0.323636201525 0.268140350877
470082756 0.222082976275 0.285473684211 0.171519360415 0.245122807018 0.150286142166 0.275087719298 0.20514189052 0.309403508772
470082760 0.247844852496 0.255719298246 0.202120721283 0.209964912281 0.177662005505 0.237333333333 0.228328404687 0.277614035088
470082764 0.276776913132 0.22898245614 0.236468513629 0.178385964912 0.209093063075 0.202877192982 0.254932361143 0.248561403509
470082768 0.308515907886 0.205754385965 0.274130964941 0.150947368421 0.244183454609 0.172210526316 0.284619817285 0.222736842105
470082788 0.160591718223 0.238666666667 0.104136430207 0.194175438596 0.0860205599668 0.219157894737 0.145868523206 0.25901754386
470082792 0.182137414285 0.212842105263 0.129350128706 0.164070175439 0.109328432757 0.187578947368 0.16586545209 0.231929824561
470082796 0.205641359679 0.188842105263 0.156847350667 0.136 0.135043664337 0.157894736842 0.187920936922 0.206526315789
470082800 0.230961969345 0.166666666667 0.18646133118 0.110245614035 0.163010222194 0.130245614035 0.211899584409 0.182947368421
470082804 0.257937431787 0.146596491228 0.218008793959 0.0868070175439 0.193053911298 0.10498245614 0.237657332785 0.161333333333
470082853 0.384592078171 0.504210526316 0.354442303469 0.504210526316 0.358417417522 0.533964912281
470082854 0.358417417522 0.533964912281 0.387506336241 0.526105263158 0.384587950327 0.504210526316
470082857 0.387436162888 0.474175438596 0.358326604947 0.466385964912 0.354425792092 0.496210526316
470082858 0.354425792092 0.496210526316 0.38457143895 0.496070175439 0.387436162888 0.474175438596
470082885 0.343098987357 0.505614035088 0.311888356672 0.505614035088 0.317011011437 0.543929824561
470082886 0.316990372216 0.543789473684 0.34710299632 0.535649122807 0.343094859513 0.505543859649
470082889 0.346983288835 0.464842105263 0.316845897666 0.456771929825 0.311863589606 0.49501754386
470082890 0.311867717451 0.494947368421 0.343074220291 0.494877192982 0.347003928057 0.464771929825
470082916 0.310728432426 0.51901754386 0.271893673336 0.522035087719 0.276384767924 0.550105263158 0.314228844385 0.540912280702
470082920 0.310080360873 0.489192982456 0.271249729626 0.486105263158 0.271286880225 0.514526315789 0.310109255783 0.511368421053
470082924 0.314109136901 0.459578947368 0.276240293374 0.450456140351 0.271823499983 0.478526315789 0.310666514762 0.481473684211
470082948 0.259155145853 0.530947368421 0.218937558925 0.53550877193 0.223164471479 0.560140350877 0.262597767992 0.55101754386
470082952 0.257202675504 0.503789473684 0.216729162229 0.503789473684 0.218169779887 0.528701754386 0.258374983282 0.524070175439
470082956 0.258304809929 0.476561403509 0.218087223001 0.472070175439 0.216716778696 0.49698245614 0.257190291971 0.496912280702
470082960 0.262445037753 0.449684210526 0.222986974175 0.440631578947 0.218830234973 0.465263157895 0.259060205435 0.469754385965
470082981 0.208747149724 0.506245614035 0.156912983391 0.506245614035 0.160263967387 0.548210526316
470082982 0.160282129902 0.548350877193 0.211453777225 0.540070175439 0.208749213646 0.506315789474
470082985 0.211354708962 0.460631578947 0.160162835202 0.45249122807 0.156896472014 0.494456140351
470082986 0.156893995307 0.494596491228 0.20872816164 0.494456140351 0.211342325429 0.460701754386
470083012 0.15180188659 0.544771929825 0.0875136012469 0.552070175439 0.0937251813362 0.588280701754 0.15675818923 0.573684210526
470083016 0.148973074897 0.505543859649 0.0842761329694 0.505543859649 0.0863904148153 0.542245614035 0.150660124859 0.534807017544
470083020 0.150558992674 0.466175438596 0.0862686434087 0.458947368421 0.0842587960234 0.495649122807 0.148955325167 0.495438596491
470083024 0.156537762345 0.427298245614 0.0934634760081 0.412912280702 0.0873550920262 0.449122807018 0.151663603806 0.456210526316
470083044 0.0752415201695 0.555228070175 0.00385870884333 0.563719298246 0.00873451851999 0.594175438596 0.0792038379045 0.58
470083048 0.0722186997951 0.521684210526 0.000389668501081 0.524561403509 0.00285729381831 0.555298245614 0.0742244193361 0.546736842105
470083052 0.0718323335694 0.488070175439 0.0 0.485263157895 4.41679339149e-05 0.516140350877 0.0718682458148 0.513122807018
470083056 0.0740861365524 0.454526315789 0.00269465675324 0.446105263158 0.000315367303841 0.476842105263 0.072152241502 0.47950877193
470083060 0.0789648357201 0.421263157895 0.00845465067705 0.407228070175 0.00366676408379 0.437754385965 0.0750735169068 0.446035087719
470083109 0.421350531584 0.584561403509 0.400067366419 0.605894736842 0.423996479774 0.624140350877
470083110 0.42399235193 0.624140350877 0.438914509042 0.597964912281 0.421346403739 0.584561403509
470083113 0.402147799942 0.561333333333 0.376051568333 0.576421052632 0.394436986806 0.600210526316
470083114 0.394432858961 0.600210526316 0.415637595085 0.578807017544 0.402143672097 0.561333333333
470083141 0.393029391902 0.614947368421 0.370994959077 0.637052631579 0.401710248447 0.660421052632
470083142 0.401635947249 0.660350877193 0.417098851964 0.633263157895 0.392975729927 0.614877192982
470083145 0.366933160294 0.583298245614 0.339920547253 0.598947368421 0.36352356091 0.629543859649
470083146 0.363461643245 0.629473684211 0.385421774874 0.607298245614 0.366891881851 0.583228070175
470083172 0.379601514424 0.647298245614 0.354334979518 0.676912280702 0.377372478506 0.693543859649 0.397570020623 0.660280701754
470083176 0.358045911535 0.626596491228 0.328445140124 0.651929824561 0.348593148109 0.672 0.373756486907 0.642245614035
470083180 0.339982464917 0.602877192982 0.306782213284 0.623228070175 0.323541261106 0.646175438596 0.353055347787 0.620771929825
470083204 0.351573451687 0.692140350877 0.326381217978 0.723859649123 0.346797535842 0.738245614035 0.368196280647 0.703929824561
470083208 0.330987892207 0.674315789474 0.302402570491 0.70301754386 0.321076938064 0.719578947368 0.346190742731 0.687859649123
470083212 0.312532300382 0.654315789474 0.280913013112 0.679578947368 0.297610143269 0.698175438596 0.326121163788 0.669473684211
470083216 0.296429579802 0.632350877193 0.262180855719 0.653964912281 0.276686100558 0.674315789474 0.308239342319 0.648912280702
470083237 0.298460479193 0.710315789474 0.261834116798 0.74701754386 0.293915722629 0.774315789474
470083238 0.29402304658 0.774385964912 0.324337935054 0.732350877193 0.298543036079 0.710456140351
470083241 0.268038266768 0.676210526316 0.226120007992 0.706736842105 0.253533021929 0.738666666667
470083242 0.253623834503 0.738807017544 0.290151128635 0.702035087719 0.268104312276 0.676350877193
470083268 0.285457769676 0.777894736842 0.245170009395 0.82849122807 0.275179437391 0.849684210526 0.309407522253 0.794807017544
470083272 0.255696012337 0.752140350877 0.209985915795 0.797894736842 0.237434429193 0.822315789474 0.277594226302 0.771578947368
470083276 0.229001243307 0.723157894737 0.178452074902 0.763578947368 0.202990458075 0.790877192982 0.248583736624 0.74498245614
470083280 0.205717724798 0.691438596491 0.150961044708 0.725894736842 0.172280947687 0.755789473684 0.222731047829 0.715298245614
470083300 0.238681038169 0.839368421053 0.194243143238 0.895859649123 0.219251275091 0.913964912281 0.259006543459 0.854105263158
470083304 0.212861372128 0.817824561404 0.164123501799 0.870666666667 0.18763281339 0.890666666667 0.231965035508 0.834105263158
470083308 0.18880801066 0.794315789474 0.136073148703 0.843157894737 0.157940403835 0.86498245614 0.206580031471 0.812
470083312 0.16667533514 0.76898245614 0.110267930117 0.813543859649 0.130357735498 0.83698245614 0.183003023233 0.788070175439
470083316 0.146597087723 0.742035087719 0.0868647041244 0.782035087719 0.105053224424 0.806947368421 0.161379310914 0.762245614035
470083365 0.504200494351 0.615438596491 0.504266539859 0.645543859649 0.534069575641 0.641473684211
470083366 0.534065447797 0.641473684211 0.526073941249 0.612421052632 0.504196366506 0.615438596491
470083369 0.474178682821 0.612561403509 0.466438974776 0.641684210526 0.496279161156 0.645473684211
470083370 0.496270905467 0.645473684211 0.496076896786 0.615368421053 0.474174554977 0.612561403509
470083397 0.505641112008 0.656912280702 0.505703029673 0.688140350877 0.543964018407 0.682877192982
470083398 0.543873205832 0.682947368421 0.535621645095 0.652842105263 0.505562682967 0.656912280702
470083401 0.464833243346 0.65298245614 0.456812841889 0.683157894737 0.495115109066 0.688070175439
470083402 0.495024296491 0.688070175439 0.494846799187 0.656842105263 0.464758942149 0.65298245614
470083428 0.519019455356 0.689263157895 0.522127722107 0.728070175439 0.550184679754 0.723578947368 0.540897030099 0.685754385965
470083432 0.489171013287 0.689894736842 0.486170070487 0.728771929825 0.514590278431 0.728631578947 0.511333409286 0.689824561404
470083436 0.459590881097 0.685894736842 0.450550902099 0.723789473684 0.478632626812 0.728140350877 0.481493222905 0.689263157895
470083460 0.530948925357 0.740842105263 0.535543216053 0.781052631579 0.560165807249 0.776771929825 0.550993737235 0.737403508772
470083464 0.503783582077 0.742807017544 0.503849627586 0.783228070175 0.528794190637 0.781754385965 0.524092575989 0.741614035088
470083468 0.476576960355 0.741684210526 0.472106504987 0.781894736842 0.497059323727 0.783228070175 0.496890082111 0.742736842105
470083472 0.449659287732 0.737543859649 0.440714249153 0.77698245614 0.465361607416 0.781122807018 0.469724738831 0.740912280702
470083493 0.50623964943 0.791228070175 0.506293311406 0.843087719298 0.548277615691 0.839649122807
470083494 0.548409706708 0.839649122807 0.540096228306 0.78849122807 0.506355229071 0.791228070175
470083497 0.460602202948 0.788631578947 0.452544650892 0.839859649123 0.494541338709 0.84301754386
470083498 0.494673429727 0.84301754386 0.494471165356 0.791228070175 0.460713654744 0.788631578947
470083524 0.544801970798 0.848210526316 0.552120638726 0.91249122807 0.588321833159 0.906245614035 0.573688625147 0.843228070175
470083528 0.505529660212 0.85101754386 0.50560396141 0.915719298246 0.542279857936 0.913543859649 0.534796076236 0.849333333333
470083532 0.466191304118 0.849403508772 0.459021238584 0.913754385965 0.495709518644 0.915719298246 0.495465975831 0.85101754386
470083536 0.427278115986 0.843438596491 0.412954496296 0.906526315789 0.449188713483 0.912631578947 0.456189537401 0.848280701754
470083556 0.555208266256 0.924771929825 0.563752903938 0.996140350877 0.594224650495 0.991228070175 0.579971204158 0.920771929825
470083560 0.521710809834 0.927789473684 0.524629195747 0.999578947368 0.555389891405 0.997122807018 0.54670903486 0.925754385965
470083564 0.48807713455 0.928140350877 0.485352757317 1.0 0.516216649082 0.999929824561 0.513157916462 0.928070175439
470083568 0.454521888307 0.925894736842 0.446167131462 0.997333333333 0.476940210652 0.999649122807 0.479528369023 0.927789473684
470083572 0.421243207632 0.921052631579 0.40731173315 0.991578947368 0.437808246772 0.996280701754 0.446026784756 0.924912280702
470083621 0.584602645453 0.578596491228 0.605947728282 0.599929824561 0.624172160827 0.576
470083622 0.624172160827 0.576 0.597976860956 0.561052631579 0.584598517609 0.578596491228
470083625 0.561362882094 0.597824561404 0.576483175732 0.623929824561 0.600271942382 0.605543859649
470083626 0.600267814538 0.605543859649 0.578823663445 0.584350877193 0.56135875425 0.597824561404
470083653 0.614950556681 0.606947368421 0.637046907171 0.62898245614 0.660447656458 0.598245614035
470083654 0.66040225017 0.598315789474 0.633294696711 0.582877192982 0.61490102255 0.60701754386
470083657 0.583351908633 0.633052631579 0.59900056634 0.660070175439 0.62954248625 0.636421052632
470083658 0.629476440741 0.63649122807 0.607289277677 0.614526315789 0.583285863124 0.633052631579
470083684 0.647304600235 0.620350877193 0.676946650089 0.645614035088 0.693590118271 0.622596491228 0.66028667053 0.602385964912
470083688 0.626657123091 0.641894736842 0.651985575661 0.67150877193 0.67202213185 0.651368421053 0.642285141577 0.626175438596
470083692 0.602888995662 0.66 0.623280546461 0.693192982456 0.646223105031 0.676421052632 0.62077907282 0.646947368421
470083716 0.692199034745 0.648421052632 0.723871983991 0.673614035088 0.738282288411 0.653192982456 0.70393036822 0.631789473684
470083720 0.674375003096 0.66898245614 0.70302637032 0.697543859649 0.719628560059 0.678877192982 0.687889565305 0.653754385965
470083724 0.654354958284 0.687438596491 0.679629748878 0.719087719298 0.698217431721 0.702385964912 0.669483507611 0.673824561404
470083728 0.632390698811 0.703578947368 0.653971068765 0.737754385965 0.674313085432 0.723298245614 0.648951610107 0.691719298246
470083749 0.710378061003 0.701473684211 0.747053957529 0.738105263158 0.774347263982 0.706035087719
470083750 0.774425693024 0.705964912281 0.732379471075 0.675649122807 0.7104523622 0.701403508772
470083753 0.676261427937 0.731929824561 0.706762069404 0.773824561404 0.738736351283 0.746456140351
470083754 0.738827163857 0.746315789474 0.702039815535 0.709824561404 0.676348112667 0.731859649123
470083780 0.777905465761 0.714526315789 0.828521092459 0.754807017544 0.849717572894 0.724771929825 0.794821371666 0.690526315789
470083784 0.752139461696 0.744280701754 0.797925510573 0.789964912281 0.822345837399 0.762526315789 0.77162288675 0.722385964912
470083788 0.723199145371 0.770947368421 0.763585973915 0.821543859649 0.790924686655 0.79698245614 0.74501480245 0.751368421053
470083792 0.691451894928 0.794245614035 0.725927650448 0.84898245614 0.755842138025 0.827649122807 0.715319090619 0.777263157895
470083812 0.83940209001 0.761263157895 0.895904022667 0.805754385965 0.91399223635 0.780701754386 0.854105471375 0.74098245614
470083816 0.817854742811 0.787087719298 0.870695277581 0.835859649123 0.890690555327 0.812350877193 0.83410193794 0.768
470083820 0.794342541728 0.811157894737 0.843203834602 0.863929824561 0.864978213238 0.842035087719 0.812042738049 0.793403508772
470083824 0.769022344847 0.833333333333 0.813594807502 0.889684210526 0.837020323854 0.869614035088 0.788059962717 0.81698245614
470083828 0.742038626716 0.853403508772 0.782049821429 0.913122807018 0.806977873103 0.894877192982 0.762298086497 0.838596491228
