# Xscale/Yscale
# 142.5/242.3
470389061 0.454175438596 0.650103177879 0.446175438596 0.6802723896 0.410526315789 0.665579859678
470389062 0.410456140351 0.665538588527 0.426035087719 0.638505984317 0.454105263158 0.650103177879
470389092 0.451719298246 0.683904250929 0.442736842105 0.721791167974 0.415649122807 0.713041683863 0.430596491228 0.677053239785
470389096 0.42350877193 0.67408171688 0.408631578947 0.710111432109 0.383298245614 0.6971935617 0.403719298246 0.664011555922
470389124 0.442385964912 0.735823359472 0.433473684211 0.775278580272 0.409473684211 0.768386297978 0.422877192982 0.730169211721
470389128 0.416350877193 0.72789929839 0.40301754386 0.766116384647 0.379929824561 0.756541477507 0.397543859649 0.720099050764
470389132 0.391368421053 0.717127527858 0.373824561404 0.753611225753 0.351929824561 0.741518778374 0.373543859649 0.707263722658
470389157 0.448210526316 0.786628146925 0.440210526316 0.837804374742 0.399228070175 0.827981840693
470389158 0.399368421053 0.828023111845 0.415438596491 0.778745356995 0.448350877193 0.786628146925
470389161 0.404070175439 0.774989682212 0.388070175439 0.824308708213 0.349192982456 0.80817168799
470389162 0.349263157895 0.808254230293 0.372842105263 0.762071811804 0.404140350877 0.775030953364
470389165 0.362175438596 0.75662401981 0.338736842105 0.802847709451 0.302807017544 0.780808914569
470389166 0.302877192982 0.780891456872 0.333403508772 0.739001238135 0.362315789474 0.756706562113
470389188 0.416842105263 0.84085843995 0.402526315789 0.903920759389 0.367228070175 0.893768056129 0.388631578947 0.832728023112
470389192 0.379157894737 0.829385059843 0.357894736842 0.890507635163 0.323929824561 0.876434172513 0.352070175439 0.818200577796
470389196 0.342947368421 0.813784564589 0.314947368421 0.87210070161 0.282807017544 0.854312835328 0.317263157895 0.799587288485
470389220 0.412 0.918984729674 0.398105263158 0.989475856376 0.368070175439 0.982294676021 0.387649122807 0.913124226166
470389224 0.379438596491 0.910771770532 0.36 0.979983491539 0.330596491228 0.970449855551 0.355578947368 0.903054065208
470389228 0.34750877193 0.900041271151 0.322666666667 0.967519603797 0.294175438596 0.955716054478 0.324350877193 0.890466364012
470389232 0.316561403509 0.886875773834 0.286526315789 0.952166735452 0.25901754386 0.938134543954 0.294245614035 0.87548493603
470389236 0.286736842105 0.87127527858 0.251649122807 0.934007428807 0.225333333333 0.917870408584 0.265333333333 0.858192323566
470389317 0.361403508772 0.573916632274 0.334385964912 0.589517127528 0.319649122807 0.553858852662
470389318 0.319649122807 0.553735039208 0.349824561404 0.545810978126 0.361403508772 0.573834089971
470389348 0.335789473684 0.596120511762 0.302596491228 0.616508460586 0.289754385965 0.591167973586 0.325754385965 0.57635163021
470389352 0.322807017544 0.569252992158 0.286807017544 0.584151877837 0.278105263158 0.557119273628 0.316 0.54816343376
470389380 0.292631578947 0.62620718118 0.258385964912 0.647750722245 0.246315789474 0.625877011969 0.282807017544 0.608419314899
470389384 0.279789473684 0.602187371028 0.243368421053 0.6197276104 0.233824561404 0.59661576558 0.272070175439 0.58336772596
470389388 0.269754385965 0.576846884028 0.23150877193 0.590218737103 0.224701754386 0.56619892695 0.264140350877 0.557325629385
470389413 0.260701754386 0.66619892695 0.218736842105 0.696657036731 0.196771929825 0.660709863805
470389414 0.196842105263 0.66083367726 0.243087719298 0.637391663227 0.260771929825 0.666281469253
470389417 0.237684210526 0.626784977301 0.191438596491 0.650268262485 0.175438596491 0.611349566653
470389418 0.175438596491 0.611473380107 0.224771929825 0.595583986793 0.237684210526 0.626867519604
470389421 0.221122807018 0.58423442014 0.171789473684 0.600247626909 0.162035087719 0.559265373504
470389422 0.162035087719 0.559389186958 0.213263157895 0.551423854726 0.221122807018 0.584358233595
470389444 0.2 0.682459760627 0.145263157895 0.716921172101 0.12750877193 0.684729673958 0.185824561404 0.656789104416
470389448 0.181473684211 0.647709451094 0.123157894737 0.675815105241 0.109192982456 0.641848947586 0.170315789474 0.620635575733
470389452 0.166947368421 0.611184482047 0.105894736842 0.632521667355 0.0957192982456 0.597234832852 0.158877192982 0.582996285596
470389476 0.141333333333 0.734337598019 0.0816140350877 0.774246801486 0.0654736842105 0.747957078002 0.128280701754 0.712917870409
470389480 0.124070175439 0.705447791993 0.0613333333333 0.74056954189 0.0473684210526 0.713041683863 0.112701754386 0.683078827899
470389484 0.109122807018 0.675361122575 0.0438596491228 0.705447791993 0.0320701754386 0.676929426331 0.0995789473684 0.652166735452
470389488 0.0965614035088 0.644160132068 0.0291228070175 0.669046636401 0.019649122807 0.639661576558 0.0888421052632 0.620305406521
470389492 0.0865263157895 0.612092447379 0.0173333333333 0.631613702022 0.0101754385965 0.601568303756 0.080701754386 0.587701196863
470389573 0.349684210526 0.454436648783 0.319578947368 0.446306231944 0.334456140351 0.410689228229
470389574 0.334456140351 0.410606685927 0.361403508772 0.426372265786 0.349684210526 0.45435410648
470389604 0.315859649123 0.452084193149 0.277964912281 0.442963268675 0.286877192982 0.415971935617 0.322736842105 0.431035905902
470389608 0.325684210526 0.423895996698 0.289684210526 0.408955839868 0.302666666667 0.38365662402 0.335789473684 0.404168386298
470389636 0.263929824561 0.442715641766 0.22449122807 0.433677259596 0.23150877193 0.409657449443 0.269614035088 0.423194387123
470389640 0.271859649123 0.416673545192 0.233684210526 0.403260420966 0.243298245614 0.380231118448 0.279719298246 0.397895171275
470389644 0.282666666667 0.391663227404 0.246175438596 0.37408171688 0.258385964912 0.352208006603 0.292561403509 0.373875361123
470389669 0.213192982456 0.448534874123 0.161964912281 0.440404457284 0.171929824561 0.399463475031
470389670 0.171859649123 0.399587288485 0.221122807018 0.41576557986 0.213122807018 0.448658687577
470389673 0.224771929825 0.404374742055 0.17550877193 0.388278992984 0.191719298246 0.349442839455
470389674 0.191649122807 0.349525381758 0.237754385965 0.373215022699 0.224771929825 0.404457284358
470389677 0.243157894737 0.36252579447 0.19698245614 0.338918695832 0.219087719298 0.30309533636
470389678 0.21901754386 0.303177878663 0.260842105263 0.33380107305 0.243087719298 0.362608336773
470389700 0.158807017544 0.417044985555 0.0957894736842 0.402600082542 0.105964912281 0.36731324804 0.16701754386 0.388898060256
470389704 0.170245614035 0.379364424267 0.109192982456 0.357944696657 0.123368421053 0.324061081304 0.181543859649 0.352290548906
470389708 0.185894736842 0.343252166735 0.127578947368 0.315146512588 0.145473684211 0.283037556748 0.200140350877 0.317622781676
470389732 0.080701754386 0.412257531985 0.0101754385965 0.398184069336 0.0174736842105 0.36817994222 0.0865964912281 0.387866281469
470389736 0.0889122807018 0.379570780025 0.0197192982456 0.36000825423 0.0293333333333 0.330664465539 0.096701754386 0.355757325629
470389740 0.0995789473684 0.347709451094 0.0321403508772 0.322781675609 0.0440701754386 0.294304581098 0.109263157895 0.324556335122
470389744 0.112771929825 0.316838629798 0.0475087719298 0.286669418077 0.0615438596491 0.259224102352 0.124210526316 0.294510936855
470389748 0.128350877193 0.286999587288 0.0656842105263 0.25183656624 0.0818245614035 0.225546842757 0.141473684211 0.265662401981
470389829 0.425964912281 0.361494015683 0.410385964912 0.334461411473 0.446175438596 0.319810152703
470389830 0.446245614035 0.319768881552 0.454105263158 0.349979364424 0.426035087719 0.361452744532
470389860 0.403719298246 0.335823359472 0.383438596491 0.302600082542 0.408842105263 0.289764754437 0.42350877193 0.325835740817
470389864 0.430596491228 0.32282294676 0.415719298246 0.286834502683 0.442807017544 0.278126289723 0.451719298246 0.31605447792
470389892 0.373684210526 0.292653735039 0.352140350877 0.258357408172 0.374105263158 0.246347503095 0.39150877193 0.282872472142
470389896 0.397614035088 0.279818406934 0.380140350877 0.24337598019 0.403228070175 0.233842344201 0.41649122807 0.27210070161
470389900 0.42301754386 0.269748245976 0.409684210526 0.231572430871 0.433684210526 0.224721419728 0.442526315789 0.264176640528
470389925 0.333614035088 0.260874948411 0.303228070175 0.218902187371 0.339157894737 0.197028477095
470389926 0.339087719298 0.197069748246 0.362456140351 0.243334709038 0.333543859649 0.260957490714
470389929 0.373052631579 0.237886917045 0.349614035088 0.191663227404 0.388561403509 0.175650020636
470389930 0.388421052632 0.175691291787 0.404280701754 0.225051588939 0.37298245614 0.237928188196
470389933 0.415649122807 0.221254643005 0.399649122807 0.171935617004 0.440631578947 0.162195625258
470389934 0.440561403509 0.162236896409 0.44849122807 0.213454395378 0.41550877193 0.221295914156
470389956 0.317473684211 0.200123813454 0.283087719298 0.14535699546 0.315298245614 0.127651671482 0.343157894737 0.186009079653
470389960 0.352140350877 0.181634337598 0.324140350877 0.123318200578 0.358105263158 0.109327280231 0.379298245614 0.170449855551
470389964 0.388771929825 0.167065621131 0.367438596491 0.105984316962 0.402807017544 0.095914156005 0.41698245614 0.159017746595
470389988 0.265614035088 0.141642591828 0.225684210526 0.0818406933553 0.252070175439 0.0657862154354 0.28701754386 0.128559636814
470389992 0.294456140351 0.124349979364 0.259368421053 0.0616178291374 0.286877192982 0.0476681799422 0.316842105263 0.113000412712
470389996 0.324561403509 0.109409822534 0.294526315789 0.0441188609162 0.32301754386 0.0323565827487 0.347719298246 0.0998349153941
470390000 0.355789473684 0.0968633924887 0.330947368421 0.0293850598432 0.360350877193 0.0198926950062 0.379649122807 0.0891456871647
470390004 0.387929824561 0.0867932315312 0.368421052632 0.0175815105241 0.398456140351 0.0104416013207 0.412280701754 0.0809739991746
470390085 0.545754385965 0.349773008667 0.553824561404 0.319645068097 0.589473684211 0.334461411473
470390086 0.589543859649 0.334502682625 0.573824561404 0.361452744532 0.545824561404 0.349773008667
470390116 0.548070175439 0.316013206768 0.557122807018 0.278167560875 0.584140350877 0.286958316137 0.569122807018 0.322905489063
470390120 0.576280701754 0.325835740817 0.591157894737 0.28984729674 0.61649122807 0.3028064383 0.596 0.335947172926
470390148 0.557403508772 0.264176640528 0.566385964912 0.224721419728 0.590385964912 0.231696244325 0.576912280702 0.269830788279
470390152 0.583438596491 0.27210070161 0.596842105263 0.233883615353 0.619929824561 0.243499793644 0.602245614035 0.279900949236
470390156 0.60849122807 0.282872472142 0.626035087719 0.246430045398 0.647859649123 0.258522492778 0.626245614035 0.292736277342
470390181 0.55150877193 0.213371853075 0.559578947368 0.162195625258 0.600561403509 0.17210070161
470390182 0.600421052632 0.172059430458 0.584280701754 0.221295914156 0.551368421053 0.213371853075
470390185 0.595719298246 0.224969046636 0.611719298246 0.175691291787 0.650596491228 0.191869583161
470390186 0.650456140351 0.191787040858 0.626877192982 0.237928188196 0.595578947368 0.224927775485
470390189 0.637614035088 0.24337598019 0.661192982456 0.1971935617 0.697052631579 0.219273627734
470390190 0.696912280702 0.219191085431 0.666385964912 0.261040033017 0.637543859649 0.243334709038
470390212 0.58301754386 0.158893933141 0.597403508772 0.095831613702 0.632701754386 0.106025588114 0.611157894737 0.167024349979
470390216 0.620561403509 0.170326042097 0.641894736842 0.109244737928 0.675789473684 0.123318200578 0.647649122807 0.181551795295
470390220 0.656842105263 0.185967808502 0.684842105263 0.127651671482 0.71698245614 0.145439537763 0.682456140351 0.200165084606
470390244 0.587859649123 0.0808501857202 0.601894736842 0.0103590590177 0.631929824561 0.0175815105241 0.612210526316 0.0867519603797
470390248 0.62049122807 0.0890631448617 0.640070175439 0.0198926950062 0.669403508772 0.0294263309946 0.644350877193 0.0968221213372
470390252 0.652350877193 0.0997523730912 0.677263157895 0.0323565827487 0.705754385965 0.0441601320677 0.67550877193 0.109368551383
470390256 0.683298245614 0.11295914156 0.713403508772 0.0476681799422 0.740912280702 0.0617003714404 0.705614035088 0.124349979364
470390260 0.713122807018 0.128518365662 0.748210526316 0.0658274865869 0.774526315789 0.0819645068097 0.734526315789 0.141642591828
470390341 0.638526315789 0.426248452332 0.665473684211 0.410524143624 0.680350877193 0.446182418489
470390342 0.680350877193 0.446264960792 0.650245614035 0.454312835328 0.638596491228 0.426289723483
470390372 0.664210526316 0.404044572844 0.697333333333 0.383574081717 0.710315789474 0.408914568716 0.674315789474 0.423772183244
470390376 0.677192982456 0.430912092447 0.713122807018 0.415889393314 0.721964912281 0.442880726372 0.684070175439 0.451960379695
470390404 0.707438596491 0.373957903426 0.741684210526 0.352373091209 0.753754385965 0.374246801486 0.717263157895 0.391787040858
470390408 0.720210526316 0.397895171275 0.756631578947 0.3802723896 0.766245614035 0.403342963269 0.728 0.416714816343
470390412 0.730315789474 0.423359471729 0.76849122807 0.409905076352 0.775438596491 0.433924886504 0.735929824561 0.442880726372
470390437 0.739228070175 0.333842344201 0.781122807018 0.303342963269 0.803157894737 0.339248865043
470390438 0.803087719298 0.339125051589 0.756842105263 0.362608336773 0.739157894737 0.333759801898
470390441 0.762315789474 0.373338836154 0.808421052632 0.349731737515 0.824561403509 0.388650433347
470390442 0.824561403509 0.388526619893 0.775228070175 0.40449855551 0.762245614035 0.373215022699
470390445 0.778877192982 0.415930664466 0.828210526316 0.399834915394 0.838035087719 0.440775897648
470390446 0.838035087719 0.440652084193 0.786807017544 0.44874122988 0.778877192982 0.415848122163
470390468 0.799789473684 0.317705323979 0.854526315789 0.283202641354 0.872280701754 0.315352868345 0.813964912281 0.343334709038
470390472 0.818315789474 0.352455633512 0.876561403509 0.324308708213 0.890666666667 0.358233594717 0.829543859649 0.379529508873
470390476 0.832842105263 0.389104416013 0.893894736842 0.367643417251 0.904070175439 0.402930251754 0.84098245614 0.417251341312
470390500 0.858596491228 0.265827486587 0.918315789474 0.225835740817 0.934456140351 0.252166735452 0.871649122807 0.287205943046
470390504 0.875789473684 0.29463475031 0.938526315789 0.25943045811 0.95249122807 0.286917044986 0.887228070175 0.316962443252
470390508 0.890807017544 0.324845233182 0.956070175439 0.294676021461 0.967859649123 0.323153115972 0.900421052632 0.347998349154
470390512 0.903368421053 0.35604622369 0.970807017544 0.331077177053 0.980350877193 0.360420965745 0.911157894737 0.379900949236
470390516 0.913403508772 0.388072637227 0.982596491228 0.368468840281 0.989754385965 0.398472967396 0.919298245614 0.412463887742
470390597 0.650105263158 0.545769706975 0.680280701754 0.553652496905 0.665684210526 0.589352042922
470390598 0.665614035088 0.589434585225 0.638596491228 0.573916632274 0.650105263158 0.545852249278
470390628 0.683859649123 0.548328518366 0.721754385965 0.557243087082 0.713052631579 0.584316962443 0.677052631579 0.569418076764
470390632 0.674035087719 0.576557985968 0.710105263158 0.591291787041 0.697263157895 0.61663227404 0.664 0.59632686752
470390660 0.735789473684 0.557531985142 0.775298245614 0.566405282707 0.768421052632 0.59042509286 0.730245614035 0.577094510937
470390664 0.727859649123 0.583615352868 0.766105263158 0.596863392489 0.756631578947 0.619975237309 0.720140350877 0.602434997936
470390668 0.717052631579 0.608625670656 0.753614035088 0.626042096574 0.741543859649 0.647957078002 0.707298245614 0.626454808089
470390693 0.786526315789 0.551712752786 0.837754385965 0.559678085019 0.828 0.600660338423
470390694 0.828070175439 0.600536524969 0.778736842105 0.584523318201 0.786596491228 0.551588939331
470390697 0.774947368421 0.595955427156 0.824280701754 0.61184482047 0.808210526316 0.650763516302
470390698 0.808280701754 0.650639702848 0.762035087719 0.627115146513 0.774947368421 0.595831613702
470390701 0.75649122807 0.637763103591 0.802736842105 0.661163846471 0.780771929825 0.697111019397
470390702 0.780842105263 0.697028477095 0.738947368421 0.666570367313 0.756561403509 0.637680561288
470390724 0.84098245614 0.583243912505 0.904070175439 0.597441188609 0.893964912281 0.632769294263 0.832912280702 0.611390837804
470390728 0.829473684211 0.620924473793 0.890596491228 0.642096574494 0.876561403509 0.67606273215 0.818315789474 0.647998349154
470390732 0.813894736842 0.657036731325 0.872210526316 0.684936029715 0.854526315789 0.717127527858 0.799719298246 0.682707387536
470390756 0.919157894737 0.588072637227 0.989684210526 0.60198101527 0.982526315789 0.631985142385 0.913333333333 0.612463887742
470390760 0.91101754386 0.620676846884 0.980210526316 0.640074288073 0.970736842105 0.669418076764 0.903228070175 0.644531572431
470390764 0.900280701754 0.652538175815 0.967719298246 0.677300866694 0.956 0.705819232357 0.890666666667 0.675732562939
470390768 0.88701754386 0.683532810565 0.952350877193 0.713495666529 0.938385964912 0.740982253405 0.875649122807 0.705860503508
470390772 0.87150877193 0.71324803962 0.934315789474 0.748245976063 0.918175438596 0.774576970697 0.858385964912 0.734626496079
470390853 0.573754385965 0.638505984317 0.589543859649 0.665456046224 0.553894736842 0.680354931903
470390854 0.553824561404 0.680396203054 0.545684210526 0.650268262485 0.573684210526 0.638547255468
470390884 0.595859649123 0.664341725134 0.616421052632 0.697441188609 0.591087719298 0.710400330169 0.576140350877 0.674453157243
470390888 0.569052631579 0.677300866694 0.584140350877 0.713206768469 0.557122807018 0.722080066034 0.548 0.684193148989
470390916 0.626035087719 0.707387536112 0.647649122807 0.741560049525 0.625824561404 0.753693768056 0.608210526316 0.717251341312
470390920 0.601964912281 0.720181593066 0.619719298246 0.756582748659 0.596631578947 0.76619892695 0.583228070175 0.728023111845
470390924 0.576631578947 0.730251754024 0.590105263158 0.768427569129 0.566105263158 0.775361122575 0.557122807018 0.735947172926
470390949 0.666035087719 0.739290136195 0.696631578947 0.78113908378 0.660701754386 0.803219149814
470390950 0.660842105263 0.803136607511 0.637333333333 0.756995460173 0.666105263158 0.739248865043
470390953 0.626526315789 0.762360709864 0.650175438596 0.80846058605 0.611298245614 0.824638877425
470390954 0.611368421053 0.824597606273 0.595368421053 0.775319851424 0.626666666667 0.762319438712
470390957 0.583929824561 0.779034255056 0.600070175439 0.828270738754 0.559157894737 0.838134543954
470390958 0.559228070175 0.838134543954 0.551157894737 0.786917044986 0.584070175439 0.778992983904
470390980 0.682245614035 0.800247626909 0.716771929825 0.8549319026 0.684631578947 0.872719768882 0.656561403509 0.814444903013
470390984 0.647578947368 0.818695831614 0.675859649123 0.87688815518 0.641894736842 0.891002888981 0.620561403509 0.829962855964
470390988 0.61101754386 0.833223276929 0.63249122807 0.894263309946 0.597192982456 0.904457284358 0.582807017544 0.84139496492
470391012 0.734245614035 0.858481221626 0.774315789474 0.918159306645 0.748 0.934337598019 0.712842105263 0.871646718943
470391016 0.705333333333 0.87577383409 0.740631578947 0.938423442014 0.713122807018 0.952455633512 0.68301754386 0.887205943046
470391020 0.675157894737 0.890755262072 0.705403508772 0.955963681387 0.676912280702 0.967808501857 0.652 0.900371440363
470391024 0.644 0.903260420966 0.669052631579 0.970656211308 0.639719298246 0.980231118448 0.620140350877 0.911060668593
470391028 0.611929824561 0.913330581923 0.631578947368 0.982459760627 0.601543859649 0.989682212134 0.58750877193 0.919191085431
470393157 0.535298245614 0.652909616178 0.543578947368 0.682996285596 0.505263157895 0.68815517953
470393158 0.505192982456 0.68815517953 0.505192982456 0.656954189022 0.535228070175 0.652909616178
470393161 0.494526315789 0.656871646719 0.494666666667 0.688072637227 0.456350877193 0.683120099051
470393162 0.456280701754 0.683120099051 0.464350877193 0.65295088733 0.494456140351 0.656871646719
470393188 0.540421052632 0.685885266199 0.549614035088 0.723689640941 0.521543859649 0.728188196451 0.518526315789 0.689393314073
470393192 0.510807017544 0.689929839043 0.513964912281 0.72872472142 0.485543859649 0.728765992571 0.488631578947 0.689971110194
470393196 0.481052631579 0.689310771771 0.478105263158 0.728146925299 0.450035087719 0.723730912092 0.459157894737 0.685885266199
470393220 0.550385964912 0.737515476682 0.55950877193 0.776929426331 0.534877192982 0.78113908378 0.530315789474 0.740940982253
470393224 0.523438596491 0.74168386298 0.528070175439 0.781881964507 0.503157894737 0.783285183657 0.503157894737 0.742839455221
470393228 0.496280701754 0.742798184069 0.496350877193 0.783243912505 0.471438596491 0.781881964507 0.475929824561 0.74168386298
470393232 0.469122807018 0.74085843995 0.464701754386 0.781097812629 0.440070175439 0.776929426331 0.449052631579 0.73747420553
470393253 0.539298245614 0.788609162196 0.54750877193 0.839785390012 0.505543859649 0.843128353281
470393254 0.505684210526 0.843128353281 0.505684210526 0.791291787041 0.539438596491 0.788609162196
470393257 0.493754385965 0.791250515889 0.493894736842 0.843045810978 0.451859649123 0.839785390012
470393258 0.452 0.839826661164 0.460140350877 0.788609162196 0.493894736842 0.791250515889
470393284 0.572912280702 0.843417251341 0.587438596491 0.906438299629 0.551228070175 0.912628972348 0.544 0.848369789517
470393288 0.533964912281 0.849442839455 0.541333333333 0.913702022286 0.504631578947 0.915806851011 0.504701754386 0.851093685514
470393292 0.494666666667 0.851093685514 0.494807017544 0.91576557986 0.458105263158 0.913743293438 0.465403508772 0.849442839455
470393296 0.455438596491 0.848287247214 0.448350877193 0.912587701197 0.412140350877 0.90647957078 0.426526315789 0.843417251341
470393316 0.579087719298 0.920965744944 0.593192982456 0.991415600495 0.562736842105 0.996285596368 0.554315789474 0.924886504333
470393320 0.545894736842 0.925835740817 0.554456140351 0.997234832852 0.523649122807 0.999669830788 0.520842105263 0.927858027239
470393324 0.512280701754 0.928146925299 0.515228070175 0.999958728849 0.484350877193 1.0 0.487228070175 0.928146925299
470393328 0.478666666667 0.927816756087 0.476 0.999628559637 0.445192982456 0.997234832852 0.453684210526 0.925835740817
470393332 0.445192982456 0.924803962031 0.436842105263 0.996203054065 0.406385964912 0.991415600495 0.420421052632 0.920924473793
470393413 0.416771929825 0.633182005778 0.401263157895 0.660214609988 0.370596491228 0.636731324804
470393414 0.370526315789 0.636690053652 0.392701754386 0.61465125877 0.416771929825 0.633140734626
470393417 0.385263157895 0.607222451506 0.363228070175 0.629343788692 0.339719298246 0.598720594305
470393418 0.339649122807 0.598638052002 0.366736842105 0.583120099051 0.385192982456 0.607181180355
470393444 0.397263157895 0.660090796533 0.37698245614 0.693355344614 0.353964912281 0.676640528271 0.379298245614 0.64704911267
470393448 0.373473684211 0.642055303343 0.348210526316 0.671729261246 0.328070175439 0.651588939331 0.357754385965 0.626372265786
470393452 0.352771929825 0.62055303343 0.323228070175 0.645893520429 0.306526315789 0.622864217912 0.339789473684 0.602641353694
470393476 0.367789473684 0.703631861329 0.346315789474 0.737928188196 0.325894736842 0.723483285184 0.351157894737 0.691869583161
470393480 0.345684210526 0.687494841106 0.32049122807 0.71914981428 0.301894736842 0.702517540239 0.330526315789 0.673957903426
470393484 0.325754385965 0.669129178704 0.297122807018 0.697730086669 0.28049122807 0.679116797359 0.312210526316 0.653941394965
470393488 0.307929824561 0.648617416426 0.276280701754 0.673834089971 0.261824561404 0.653446141147 0.296140350877 0.631985142385
470393509 0.323719298246 0.731985142385 0.293263157895 0.773957903426 0.261263157895 0.746553858853
470393510 0.261333333333 0.746677672307 0.298035087719 0.710070160957 0.323789473684 0.732067684688
470393513 0.289614035088 0.701568303756 0.25298245614 0.738217086257 0.225684210526 0.70619067272
470393514 0.225754385965 0.706273215023 0.267719298246 0.675897647544 0.289684210526 0.701650846059
470393540 0.308842105263 0.794428394552 0.274456140351 0.849236483698 0.24449122807 0.827981840693 0.284912280702 0.7774659513
470393544 0.27698245614 0.771151465126 0.236701754386 0.821749896822 0.209333333333 0.797276104003 0.255157894737 0.751588939331
470393548 0.248070175439 0.744531572431 0.202315789474 0.790301279406 0.177894736842 0.762897234833 0.228561403509 0.722657862154
470393552 0.222245614035 0.714816343376 0.171719298246 0.755179529509 0.150456140351 0.725216673545 0.205333333333 0.690920346678
470393572 0.258385964912 0.853611225753 0.218456140351 0.913371853075 0.193543859649 0.895253817582 0.238105263158 0.838836153529
470393576 0.231298245614 0.83351217499 0.186807017544 0.889971110194 0.163368421053 0.869913330582 0.212210526316 0.817210070161
470393580 0.206035087719 0.811473380107 0.157263157895 0.864259182831 0.135438596491 0.842426743706 0.188280701754 0.793726784977
470393584 0.182456140351 0.787412298803 0.129684210526 0.836236070986 0.109684210526 0.812752785803 0.166175438596 0.768345026826
470393588 0.160912280702 0.761659100289 0.104421052632 0.806149401568 0.0863157894737 0.781180354932 0.146175438596 0.741353693768
470393669 0.34701754386 0.535534461411 0.316842105263 0.543582335947 0.311929824561 0.505282707388
470393670 0.311929824561 0.505200165085 0.343157894737 0.50536524969 0.34701754386 0.535451919109
470393673 0.34301754386 0.494758563764 0.311789473684 0.494717292612 0.31698245614 0.456458935204
470393674 0.31698245614 0.456376392901 0.347087719298 0.464630623194 0.34301754386 0.494676021461
470393700 0.314105263158 0.540734626496 0.276280701754 0.549814279818 0.271859649123 0.521749896822 0.310736842105 0.51886091622
470393704 0.310035087719 0.511184482047 0.271228070175 0.514197276104 0.271298245614 0.485802723896 0.310105263158 0.48902187371
470393708 0.310666666667 0.481345439538 0.271859649123 0.478250103178 0.276350877193 0.450226991333 0.314175438596 0.459471729261
470393732 0.262456140351 0.550680973999 0.22301754386 0.559678085019 0.218877192982 0.534997936442 0.259087719298 0.530623194387
470393736 0.258315789474 0.523813454395 0.218105263158 0.528353281057 0.216701754386 0.50338423442 0.257192982456 0.503508047875
470393740 0.257122807018 0.496574494428 0.216701754386 0.496533223277 0.218175438596 0.471564176641 0.258315789474 0.476269087908
470393744 0.259087719298 0.469459347916 0.218877192982 0.464878250103 0.223087719298 0.44028064383 0.262526315789 0.449401568304
470393765 0.211298245614 0.539620305407 0.160140350877 0.547668179942 0.156912280702 0.505695418902
470393766 0.156912280702 0.505819232357 0.208771929825 0.505984316962 0.211368421053 0.539744118861
470393769 0.208631578947 0.494015683038 0.156842105263 0.493974411886 0.160210526316 0.451960379695
470393770 0.160210526316 0.4521254643 0.211368421053 0.460379694593 0.208631578947 0.494139496492
470393796 0.156631578947 0.573215022699 0.0935438596491 0.587577383409 0.0874385964912 0.551382583574 0.151719298246 0.544283945522
470393800 0.150596491228 0.534337598019 0.0862456140351 0.541560049525 0.0842807017544 0.504869995873 0.14898245614 0.50507635163
470393804 0.148912280702 0.495006190673 0.0842105263158 0.495006190673 0.0863157894737 0.45831613702 0.150596491228 0.465744944284
470393808 0.151719298246 0.455716054478 0.0874385964912 0.44845233182 0.0936140350877 0.412216260834 0.156701754386 0.426826248452
470393828 0.0790175438597 0.579364424267 0.00856140350877 0.593355344614 0.00371929824562 0.562897234833 0.0751578947368 0.554601733388
470393832 0.0741052631579 0.546099876187 0.00273684210526 0.554519191085 0.000350877192984 0.523730912092 0.0722105263158 0.521089558399
470393836 0.0718596491228 0.512546430045 0.0 0.515352868345 7.0175438598e-05 0.484482047049 0.0718596491228 0.487453569955
470393840 0.0722105263158 0.478910441601 0.000350877192984 0.47606273215 0.00280701754386 0.445315724309 0.0741754385965 0.453900123813
470393844 0.0751578947368 0.445398266612 0.00378947368421 0.436937680561 0.00863157894737 0.406438299629 0.0791578947368 0.420635575733
470393925 0.366526315789 0.417168799009 0.33950877193 0.401568303756 0.363087719298 0.37098638052
470393926 0.363157894737 0.370945109369 0.385122807018 0.393107717705 0.366526315789 0.417127527858
470393929 0.39249122807 0.385555096987 0.370456140351 0.363475030953 0.401122807018 0.340033016921
470393930 0.401192982456 0.33999174577 0.416701754386 0.367106892282 0.392561403509 0.385472554684
470393956 0.33950877193 0.397441188609 0.306315789474 0.377053239785 0.323087719298 0.354106479571 0.352631578947 0.379570780025
470393960 0.357543859649 0.373710276517 0.327929824561 0.348369789517 0.348070175439 0.328353281057 0.373263157895 0.358068510111
470393964 0.379087719298 0.353033429633 0.353754385965 0.323400742881 0.376842105263 0.30676846884 0.397052631579 0.340033016921
470393988 0.296 0.368056128766 0.261754385965 0.346512587701 0.276210526316 0.326165910029 0.307789473684 0.351506397028
470393992 0.312070175439 0.346058605035 0.28049122807 0.320800660338 0.297122807018 0.302187371028 0.325684210526 0.330912092447
470393996 0.330526315789 0.326042096574 0.301894736842 0.297399917458 0.320561403509 0.280808914569 0.345684210526 0.312505158894
470394000 0.35101754386 0.308212959142 0.325824561404 0.276557985968 0.346245614035 0.262113082955 0.367649122807 0.296450680974
470394021 0.267719298246 0.324019810153 0.225824561404 0.29352042922 0.253263157895 0.261535286835
470394022 0.253192982456 0.261659100289 0.289684210526 0.298431696244 0.267649122807 0.324102352456
470394025 0.298105263158 0.289888567891 0.261473684211 0.25323978539 0.293614035088 0.225959554272
470394026 0.293473684211 0.226042096574 0.323859649123 0.268056128766 0.298035087719 0.289971110194
470394052 0.205263157895 0.309038382171 0.150526315789 0.274576970697 0.171789473684 0.244655385885 0.222245614035 0.285142385473
470394056 0.22849122807 0.277259595543 0.177894736842 0.23689640941 0.202456140351 0.20957490714 0.248070175439 0.255468427569
470394060 0.255157894737 0.248328518366 0.209403508772 0.202558811391 0.236842105263 0.178126289723 0.277052631579 0.228848534874
470394064 0.284912280702 0.222492777548 0.244561403509 0.171935617004 0.274596491228 0.150722245151 0.308842105263 0.205571605448
470394084 0.146175438596 0.258522492778 0.0863859649123 0.218572018159 0.104631578947 0.193602971523 0.160912280702 0.238258357408
470394088 0.166175438596 0.231613702022 0.109754385965 0.187082129591 0.129824561404 0.163640115559 0.182456140351 0.212546430045
470394092 0.188280701754 0.20619067272 0.135578947368 0.157366900537 0.157403508772 0.135617003714 0.206035087719 0.188485348741
470394096 0.212350877193 0.182666116385 0.163578947368 0.129839042509 0.187087719298 0.109822534049 0.231438596491 0.166405282707
470394100 0.238105263158 0.16112257532 0.193614035088 0.104663640116 0.218596491228 0.0865456046224 0.258385964912 0.146430045398
470394181 0.464350877193 0.347131654973 0.456280701754 0.316962443252 0.494596491228 0.312051176228
470394182 0.494666666667 0.312009905076 0.494526315789 0.343252166735 0.464421052632 0.347090383822
470394185 0.505263157895 0.343128353281 0.505263157895 0.311927362773 0.54350877193 0.317086256707
470394186 0.543578947368 0.317086256707 0.535368421053 0.347172926125 0.505333333333 0.343128353281
470394212 0.459228070175 0.314032191498 0.450175438596 0.276186545605 0.478245614035 0.271811803549 0.481122807018 0.310647957078
470394216 0.488842105263 0.309987618655 0.485754385965 0.271151465126 0.514175438596 0.271234007429 0.510947368421 0.310028889806
470394220 0.518596491228 0.310606685927 0.521684210526 0.271770532398 0.549754385965 0.276269087908 0.54049122807 0.314114733801
470394244 0.449192982456 0.262608336773 0.440210526316 0.223153115972 0.464842105263 0.219026000825 0.469263157895 0.259224102352
470394248 0.476070175439 0.258439950475 0.471578947368 0.218241848948 0.496561403509 0.216879900949 0.496421052632 0.257325629385
470394252 0.503368421053 0.257284358234 0.503368421053 0.216838629798 0.528350877193 0.218283120099 0.523649122807 0.258481221626
470394256 0.530526315789 0.259224102352 0.53501754386 0.219026000825 0.559649122807 0.223235658275 0.550526315789 0.262649607924
470394277 0.460350877193 0.211390837804 0.452280701754 0.160214609988 0.494245614035 0.156995460173
470394278 0.494105263158 0.156995460173 0.493964912281 0.208832026414 0.460210526316 0.211432108956
470394281 0.505964912281 0.208749484111 0.506035087719 0.15691291787 0.548 0.160297152291
470394282 0.547859649123 0.160297152291 0.539649122807 0.211432108956 0.505894736842 0.208749484111
470394308 0.426736842105 0.156582748659 0.412350877193 0.09352042922 0.448561403509 0.0874122988031 0.455649122807 0.151712752786
470394312 0.465614035088 0.150557160545 0.458385964912 0.0862567065621 0.495087719298 0.0842756912918 0.494877192982 0.148947585638
470394316 0.50498245614 0.148906314486 0.50498245614 0.0842344201403 0.541614035088 0.086339248865 0.534245614035 0.150598431696
470394320 0.544210526316 0.151712752786 0.551438596491 0.0874122988031 0.587649122807 0.0936029715229 0.573122807018 0.156665290962
470394340 0.420701754386 0.0789929839043 0.406666666667 0.00850185720182 0.437192982456 0.00371440363186 0.445473684211 0.0751134956665
470394344 0.453964912281 0.0740817168799 0.445543859649 0.0027238959967 0.476280701754 0.000330169211721 0.478947368421 0.072141972761
470394348 0.48750877193 0.0718118035493 0.484701754386 0.0 0.515578947368 4.12711514651e-05 0.512561403509 0.0718530747008
470394352 0.521122807018 0.072141972761 0.523929824561 0.000330169211721 0.554666666667 0.00276516714816 0.546105263158 0.0741229880314
470394356 0.554596491228 0.0751134956665 0.56301754386 0.00375567478333 0.593543859649 0.00862567065621 0.579368421053 0.0790755262072
470394437 0.582947368421 0.366817994222 0.598456140351 0.339744118861 0.629122807018 0.363268675196
470394438 0.629192982456 0.363309946348 0.607087719298 0.385307470078 0.58301754386 0.366859265374
470394441 0.614666666667 0.392860090797 0.636631578947 0.370738753611 0.660210526316 0.401361947998
470394442 0.660210526316 0.40140321915 0.633192982456 0.416962443252 0.614736842105 0.392942633099
470394468 0.602596491228 0.339909203467 0.622947368421 0.306685926537 0.645894736842 0.323400742881 0.620561403509 0.35295088733
470394472 0.626385964912 0.357944696657 0.651649122807 0.328270738754 0.671719298246 0.348369789517 0.642105263158 0.373627734214
470394476 0.647087719298 0.379529508873 0.676631578947 0.354147750722 0.693403508772 0.377135782088 0.660140350877 0.397441188609
470394500 0.632070175439 0.29632686752 0.653543859649 0.262071811804 0.673894736842 0.276516714816 0.648631578947 0.308130416839
470394504 0.654035087719 0.312463887742 0.679298245614 0.280767643417 0.697894736842 0.297441188609 0.669263157895 0.326000825423
470394508 0.674105263158 0.330870821296 0.702666666667 0.302228642179 0.719298245614 0.32084193149 0.687649122807 0.346058605035
470394512 0.691929824561 0.351465125877 0.723578947368 0.326165910029 0.738035087719 0.346553858853 0.703719298246 0.368056128766
470394533 0.676070175439 0.267973586463 0.706526315789 0.226000825423 0.738526315789 0.253363598844
470394534 0.738456140351 0.253281056541 0.701754385965 0.289888567891 0.676 0.26789104416
470394537 0.710175438596 0.298349153941 0.746807017544 0.261659100289 0.774105263158 0.293685513826
470394538 0.774035087719 0.293561700371 0.732070175439 0.324019810153 0.710105263158 0.298266611638
470394564 0.691087719298 0.205530334296 0.725473684211 0.150722245151 0.755438596491 0.172018159307 0.71501754386 0.222492777548
470394568 0.722877192982 0.228848534874 0.763228070175 0.178208832026 0.790596491228 0.202723895997 0.744771929825 0.248369789517
470394572 0.751859649123 0.255468427569 0.797543859649 0.209657449443 0.821964912281 0.237061494016 0.771368421053 0.277300866694
470394576 0.777614035088 0.285224927775 0.828140350877 0.244820470491 0.849403508772 0.274783326455 0.794596491228 0.309120924474
470394596 0.741614035088 0.146430045398 0.781543859649 0.0866694180768 0.806456140351 0.104828724721 0.761894736842 0.161205117623
470394600 0.768631578947 0.16648782501 0.813122807018 0.110028889806 0.836561403509 0.130086669418 0.787649122807 0.182789929839
470394604 0.793964912281 0.188609162196 0.842736842105 0.13578208832 0.864561403509 0.157614527445 0.811719298246 0.206355757326
470394608 0.817543859649 0.212628972348 0.870245614035 0.163805200165 0.890315789474 0.187288485349 0.833824561404 0.231696244325
470394612 0.839087719298 0.238423442014 0.89550877193 0.193891869583 0.913614035088 0.21886091622 0.853824561404 0.258728848535
470394693 0.652912280702 0.464671894346 0.68301754386 0.456458935204 0.688140350877 0.494717292612
470394694 0.688140350877 0.494799834915 0.65698245614 0.494799834915 0.652912280702 0.464754436649
470394697 0.656842105263 0.505406520842 0.688070175439 0.505241436236 0.683157894737 0.543541064796
470394698 0.683157894737 0.543623607099 0.65298245614 0.535575732563 0.656842105263 0.505489063145
470394724 0.685754385965 0.459513000413 0.723649122807 0.450268262485 0.728140350877 0.478332645481 0.689263157895 0.481386710689
470394728 0.689824561404 0.489186958316 0.728701754386 0.486009079653 0.728701754386 0.514444903013 0.689894736842 0.511349566653
470394732 0.689192982456 0.518943458522 0.728070175439 0.521832439125 0.723719298246 0.549896822121 0.685824561404 0.540817168799
470394756 0.737473684211 0.44956665291 0.776912280702 0.440445728436 0.781122807018 0.465084605861 0.740912280702 0.46958316137
470394760 0.741684210526 0.476475443665 0.781894736842 0.471853074701 0.783298245614 0.496780850186 0.742807017544 0.496780850186
470394764 0.742807017544 0.50367313248 0.783228070175 0.503590590177 0.781894736842 0.528518365662 0.741684210526 0.523978539001
470394768 0.740842105263 0.530788278993 0.781052631579 0.5352042922 0.77698245614 0.559843169624 0.737473684211 0.550846058605
470394789 0.788561403509 0.460668592654 0.839719298246 0.452455633512 0.843087719298 0.494428394552
470394790 0.843087719298 0.494304581098 0.791228070175 0.494304581098 0.788561403509 0.460544779199
470394793 0.791157894737 0.506273215023 0.84301754386 0.506149401568 0.839789473684 0.54816343376
470394794 0.839789473684 0.548039620305 0.788561403509 0.539909203467 0.791228070175 0.506149401568
470394820 0.843228070175 0.427073875361 0.906245614035 0.412546430045 0.912421052632 0.44874122988 0.848140350877 0.455963681387
470394824 0.849263157895 0.465992571193 0.913543859649 0.45860503508 0.915578947368 0.495253817582 0.850877192982 0.495253817582
470394828 0.850877192982 0.505323978539 0.915578947368 0.505200165085 0.913543859649 0.541848947586 0.849263157895 0.534585224928
470394832 0.848070175439 0.544614114734 0.912350877193 0.551712752786 0.906245614035 0.587948823772 0.843157894737 0.573545191911
470394852 0.920912280702 0.420924473793 0.991438596491 0.40676846884 0.996280701754 0.437267849773 0.924842105263 0.445687164672
470394856 0.925824561404 0.454189021874 0.997192982456 0.44564589352 0.999649122807 0.476392901362 0.927859649123 0.479199339662
470394860 0.928140350877 0.487742468015 0.999929824561 0.484770945109 1.0 0.515641766405 0.928140350877 0.512794056954
470394864 0.927789473684 0.521378456459 0.999578947368 0.524061081304 0.997192982456 0.554849360297 0.925824561404 0.546388774247
470394868 0.924771929825 0.554890631449 0.996210526316 0.563186132893 0.991368421053 0.593685513826 0.920842105263 0.579653322328
470394949 0.633122807018 0.583078827899 0.660210526316 0.598472967396 0.636912280702 0.629219975237
470394950 0.636842105263 0.62930251754 0.614736842105 0.607263722658 0.633052631579 0.583120099051
470394953 0.60701754386 0.614692529922 0.629263157895 0.63660751135 0.598736842105 0.660255881139
470394954 0.598666666667 0.660297152291 0.58301754386 0.633305819232 0.60701754386 0.614733801073
470394980 0.660070175439 0.602888980603 0.693403508772 0.623070573669 0.676771929825 0.646099876187 0.647087719298 0.62084193149
470394984 0.642035087719 0.626619892695 0.671789473684 0.651754023937 0.651719298246 0.671935617004 0.626385964912 0.642344201403
470394988 0.62049122807 0.647255468428 0.645964912281 0.676764341725 0.62301754386 0.69352042922 0.602596491228 0.660338423442
470395012 0.70350877193 0.632315311597 0.737894736842 0.653735039208 0.723438596491 0.674164259183 0.691789473684 0.648947585638
470395016 0.687438596491 0.654312835328 0.719157894737 0.67944696657 0.702526315789 0.698101527033 0.673894736842 0.669500619067
470395020 0.669052631579 0.674288072637 0.697754385965 0.7028064383 0.679157894737 0.719479983492 0.653894736842 0.687866281469
470395024 0.648421052632 0.692158481222 0.673754385965 0.723730912092 0.653403508772 0.738217086257 0.631859649123 0.703962030541
470395045 0.731789473684 0.676392901362 0.773754385965 0.70676846884 0.746456140351 0.738836153529
470395046 0.746526315789 0.738712340074 0.709894736842 0.702063557573 0.731859649123 0.676310359059
470395049 0.701333333333 0.710482872472 0.738035087719 0.74704911267 0.706035087719 0.774453157243
470395050 0.706175438596 0.77437061494 0.675719298246 0.732439125052 0.701403508772 0.710400330169
470395076 0.794175438596 0.691374329344 0.849052631579 0.725670656211 0.827789473684 0.755674783326 0.777263157895 0.715311597194
470395080 0.770947368421 0.72311184482 0.821614035088 0.763309946348 0.797192982456 0.79071399092 0.751438596491 0.744985555097
470395084 0.744280701754 0.752042921998 0.790175438596 0.797688815518 0.762807017544 0.822203879488 0.722456140351 0.771605447792
470395088 0.714526315789 0.777878662815 0.754947368421 0.828353281057 0.72498245614 0.849649195213 0.690596491228 0.794841106067
470395108 0.853403508772 0.741848947586 0.913263157895 0.781675608749 0.895157894737 0.806644655386 0.838736842105 0.762113082955
470395112 0.833403508772 0.768840280644 0.889894736842 0.813206768469 0.869894736842 0.836690053652 0.817122807018 0.787907552621
470395116 0.811228070175 0.794180767643 0.864140350877 0.842880726372 0.842315789474 0.864713165497 0.793543859649 0.811927362773
470395120 0.787228070175 0.817705323979 0.836140350877 0.870367313248 0.812701754386 0.89042509286 0.768210526316 0.834007428807
470395124 0.761473684211 0.839290136195 0.806035087719 0.895625257945 0.781052631579 0.913784564589 0.741192982456 0.854023937268
