# Xscale/Yscale
# 242.24/142.51
470356293 0.650222919419 0.454494421444 0.680399603699 0.446494982808 0.665662153236 0.410778191004
470356294 0.665620871863 0.41070802049 0.638622853369 0.42635604519 0.650222919419 0.45442425093
470356324 0.684073645971 0.451968282928 0.722011228534 0.442916286576 0.713218295905 0.415900638552 0.677262219287 0.430846958108
470356328 0.67428996037 0.423759736159 0.710328599736 0.408953757631 0.697407529723 0.383622201951 0.664217305152 0.404041821627
470356356 0.736046895641 0.442705775033 0.775511889036 0.433794119711 0.768617899604 0.409795803803 0.730391347424 0.423198372044
470356360 0.728120871863 0.41667251421 0.766347424042 0.403340116483 0.75677014531 0.380254017262 0.720318692206 0.397866816364
470356364 0.717346433289 0.391691811101 0.753839167768 0.374219353028 0.741743725231 0.352326152551 0.707480184941 0.373868500456
470356389 0.786699141347 0.448670268753 0.837888044914 0.440600659603 0.828063077939 0.399621079223
470356390 0.828104359313 0.399761420251 0.778814398943 0.415830468037 0.786699141347 0.448740439267
470356393 0.775099075297 0.404392674198 0.824389035667 0.388393796927 0.808248018494 0.349449161462
470356394 0.808330581242 0.349589502491 0.762178005284 0.373166795313 0.775140356671 0.404462844713
470356397 0.756728863937 0.362500877131 0.802922721268 0.338993754824 0.780878467635 0.303066451477
470356398 0.780961030383 0.303206792506 0.739101717305 0.333730966248 0.75677014531 0.362571047646
470356420 0.8410667107 0.417093537296 0.904144649934 0.402778752368 0.893989431968 0.36748298365 0.832934280053 0.388955161041
470356424 0.829631770145 0.379482141604 0.890728203435 0.358220475756 0.876651254954 0.324257946811 0.81840323646 0.352396323065
470356428 0.813986129458 0.3432741562 0.8723167107 0.315276120974 0.854524438573 0.283138025402 0.799785336856 0.317591747948
470356452 0.919171070013 0.412251771805 0.989720937913 0.39828783945 0.98249669749 0.368254859308 0.913309114927 0.387832432812
470356456 0.910997357992 0.379622482633 0.980226221929 0.360185250158 0.970648943197 0.330783804645 0.903236459709 0.355764507754
470356460 0.900264200793 0.347694898604 0.967717965654 0.322854536524 0.955911492734 0.294365307698 0.890645640687 0.324538628868
470356464 0.887095442536 0.31681987229 0.952402575958 0.286716721634 0.938366908851 0.259209880008 0.875701783355 0.294435478212
470356468 0.871491083223 0.286997403691 0.934238771466 0.251841976002 0.918097754293 0.22552803312 0.858363606341 0.265595396814
470356549 0.573934940555 0.361588660445 0.589580581242 0.33457301242 0.553872192867 0.319837204407
470356550 0.553789630119 0.319767033892 0.545822324967 0.350010525577 0.573893659181 0.361518489931
470356580 0.596144319683 0.336046593222 0.616537318362 0.30278576942 0.591190554822 0.289944565294 0.576411822985 0.325942039155
470356584 0.56927014531 0.322994877552 0.584172721268 0.286997403691 0.5571334214 0.278296259912 0.548175363276 0.316188337661
470356612 0.626279722589 0.292681215353 0.647787318362 0.258438004351 0.625908190225 0.246368675882 0.608446169089 0.282857343344
470356616 0.602212681638 0.279840011227 0.619757265522 0.24342151428 0.596680977543 0.233878324328 0.583429656539 0.272121254649
470356620 0.576907199472 0.269805627675 0.590241083223 0.231632867869 0.566215323646 0.224756157463 0.557339828269 0.264191986527
470356645 0.666322655218 0.260964142867 0.696788309115 0.219002175286 0.660832232497 0.197108974809
470356646 0.660956076618 0.197108974809 0.637508256275 0.243351343765 0.666405217966 0.261034313382
470356649 0.626816380449 0.237878043646 0.65034676354 0.191705845204 0.611377146631 0.175636797418
470356650 0.611500990753 0.175706967932 0.595607661823 0.22503683952 0.626898943197 0.23794821416
470356653 0.584214002642 0.221317802259 0.600231175694 0.171987930672 0.559238771466 0.162234229177
470356654 0.559362615588 0.162304399691 0.551395310436 0.213528875167 0.584337846764 0.221387972774
470356676 0.682422391017 0.20019647744 0.716851056803 0.145393305733 0.684651585205 0.127640165602 0.656745376486 0.186022033542
470356680 0.64766347424 0.181601291137 0.675734808454 0.123359764227 0.641760237781 0.109325661357 0.620582892999 0.170444179356
470356684 0.611088177015 0.167075994667 0.632430647292 0.106027647183 0.597093791281 0.0959230931163 0.582892998679 0.159006385517
470356708 0.734395640687 0.141393586415 0.774314729194 0.0816083081889 0.748018494055 0.0654690898884 0.713011889036 0.128271700232
470356712 0.70553996037 0.124061469371 0.740670409511 0.0613992000561 0.713177014531 0.0473650971862 0.68320673712 0.11276401656
470356716 0.675404557464 0.109115149814 0.705498678996 0.0438565714687 0.67697324967 0.0320679250579 0.652245706737 0.0995719598625
470356720 0.644195838838 0.0965546277454 0.669088507266 0.0291207634552 0.639696169089 0.019647744018 0.620335204756 0.0888358711669
470356724 0.612244055482 0.0865202441934 0.631728863937 0.0174022875588 0.601717305152 0.0101747245807 0.58784676354 0.0806960915024
470356805 0.454301519155 0.349800014034 0.446210369881 0.319626692864 0.410584544254 0.334502841906
470356806 0.410501981506 0.33457301242 0.426230184941 0.361518489931 0.454218956407 0.349800014034
470356836 0.451907199472 0.316047996632 0.442784015852 0.278155918883 0.415744715984 0.286997403691 0.430812417437 0.322924707038
470356840 0.423712021136 0.325871868641 0.408768163804 0.289874394779 0.383462681638 0.302855939934 0.403979524439 0.335976422707
470356868 0.442536327609 0.264121816013 0.433495706737 0.224685986948 0.409511228534 0.231703038383 0.423010237781 0.269805627675
470356872 0.416487780713 0.272051084134 0.403112615588 0.233878324328 0.380036327609 0.243491684794 0.397704755614 0.279910181742
470356876 0.391512549538 0.282857343344 0.373885402906 0.246368675882 0.352047556143 0.258508174865 0.373720277411 0.292751385868
470356901 0.448439564069 0.213388534138 0.440265852048 0.162234229177 0.399314729194 0.1721282717
470356902 0.399438573316 0.1721282717 0.415620871863 0.221387972774 0.448522126816 0.213388534138
470356905 0.404144649934 0.22503683952 0.388086195509 0.175706967932 0.349199141347 0.191986527261
470356906 0.349322985469 0.191916356747 0.373018494055 0.238018384675 0.404268494055 0.224966669006
470356909 0.362285336856 0.24342151428 0.338672391017 0.197249315837 0.30284015852 0.219353027858
470356910 0.302922721268 0.219282857343 0.333553500661 0.261104483896 0.362367899604 0.243351343765
470356932 0.416859313078 0.159076556031 0.402452113606 0.0959932636306 0.36715653897 0.106238158726 0.388705416116 0.167216335696
470356936 0.379169418758 0.17051434987 0.357785667107 0.109466002386 0.323852377807 0.12357027577 0.35213011889 0.181741632166
470356940 0.343048216645 0.186092204056 0.314935601057 0.127850677145 0.282777410832 0.14567398779 0.317412483487 0.200336818469
470356964 0.412111955086 0.0809066030454 0.398035006605 0.0104554066381 0.36802344782 0.0176829696162 0.387714663144 0.0868009262508
470356968 0.379458388375 0.0891165532243 0.359891017173 0.0199284260754 0.33053996037 0.0295417865413 0.355597754293 0.0969054803172
470356972 0.347589167768 0.0998526419199 0.322696499339 0.0324187776296 0.294171070013 0.0442775945548 0.324430317041 0.109466002386
470356976 0.316586856011 0.113044698618 0.286451453104 0.0477861202723 0.258958058124 0.0618202231422 0.294253632761 0.124482492457
470356980 0.286864266843 0.128622552803 0.251692536328 0.0658901129745 0.225396301189 0.0820995017893 0.265480515192 0.141744438987
470357061 0.361335865258 0.426285874675 0.33429656539 0.410637849975 0.319600396301 0.44635464178
470357062 0.319559114927 0.446424812294 0.349777080581 0.454354080415 0.361294583884 0.42635604519
470357092 0.335823976222 0.404041821627 0.302592470277 0.383692372465 0.289753963012 0.40909409866 0.325792602378 0.423829906673
470357096 0.322779062087 0.430917128623 0.286781704095 0.41604097958 0.278071334214 0.443126798119 0.315967635403 0.452038453442
470357124 0.292478533686 0.374008841485 0.258214993395 0.352466493579 0.246160832232 0.374359694057 0.282694848085 0.39183215213
470357128 0.279681307794 0.398007157392 0.243188573316 0.380464528805 0.233693857332 0.403550628026 0.271920409511 0.416812855238
470357132 0.269608652576 0.423338713073 0.231382100396 0.410006315346 0.224529392338 0.434004631254 0.264035667107 0.442916286576
470357157 0.260774438573 0.333941477791 0.218791281374 0.303487474563 0.196870871863 0.339484948425
470357158 0.196912153236 0.339344607396 0.243188573316 0.362711388674 0.260815719947 0.333801136762
470357161 0.237615587847 0.37344747737 0.191421730515 0.349940355063 0.17536327609 0.388884990527
470357162 0.175404557464 0.388744649498 0.224777080581 0.404603185741 0.237656869221 0.373307136341
470357165 0.221061756935 0.415970809066 0.171771796565 0.399971931794 0.161988110964 0.440951512175
470357166 0.162029392338 0.44088134166 0.213259577279 0.448810609782 0.221103038309 0.415900638552
470357188 0.200132100396 0.317802259491 0.145310435931 0.283348536945 0.127600726552 0.315556803031 0.185972589168 0.343484667743
470357192 0.181514200793 0.352536664094 0.123224900925 0.324538628868 0.109230515192 0.358501157813 0.170368229855 0.379692653147
470357196 0.167024438573 0.389165672584 0.105928005284 0.367763665708 0.0958140686922 0.40312960494 0.1589332893 0.417304048839
470357220 0.141347424042 0.265805908357 0.081571994716 0.225949056207 0.0654722589168 0.252262999088 0.128261228534 0.287207915234
470357224 0.124050528402 0.294716160269 0.0613028401585 0.25956073258 0.0473497357992 0.28713774472 0.112698150594 0.317030383833
470357228 0.10910667107 0.324819310926 0.0437995376486 0.294786330784 0.032034346103 0.32327555961 0.0995293923382 0.348045751175
470357232 0.0965571334214 0.355975019297 0.0291033685601 0.331134657217 0.019608652576 0.360465932215 0.0888375165125 0.379832994176
470357236 0.0864844782034 0.388113114869 0.0172968956407 0.36860571188 0.0101139365918 0.398638692022 0.0806638044914 0.412462283349
470357317 0.349818361955 0.545856431128 0.319641677675 0.553855869764 0.334420409511 0.589502491053
470357318 0.334461690885 0.589572661568 0.361459709379 0.573924636868 0.349818361955 0.545926601642
470357348 0.315967635403 0.548242228616 0.278071334214 0.557294224967 0.286864266843 0.584309872991 0.322820343461 0.569363553435
470357352 0.325751321004 0.576450775384 0.289753963012 0.591326924426 0.302633751651 0.616658480107 0.335823976222 0.596238860431
470357380 0.264118229855 0.557574907024 0.22465323646 0.566556732861 0.231588507266 0.590555048769 0.269773778071 0.577082310013
470357384 0.272044253633 0.583608167848 0.233817701453 0.596940565574 0.243394980185 0.620026664795 0.279805151915 0.602413865694
470357388 0.282818692206 0.608659041471 0.246367239102 0.626131499544 0.258421400264 0.648024700021 0.292684940555 0.626412181601
470357413 0.213135733157 0.551750754333 0.161905548217 0.559890533998 0.171813077939 0.600799943864
470357414 0.171771796565 0.600659602835 0.221020475561 0.584590555049 0.213094451783 0.551680583819
470357417 0.224777080581 0.595958178373 0.175445838838 0.611957055645 0.191586856011 0.650901691109
470357418 0.191545574637 0.650761350081 0.237698150594 0.627184057259 0.224735799207 0.595888007859
470357421 0.243188573316 0.63784997544 0.19695343461 0.661357097748 0.218997688243 0.697284401095
470357422 0.218915125495 0.697144060066 0.260815719947 0.666619886324 0.243106010568 0.637779804926
470357444 0.158809445178 0.583116974247 0.0957315059445 0.597501929689 0.105928005284 0.632797698407 0.166941875826 0.611325521016
470357448 0.170326948481 0.620868710968 0.109230515192 0.642130376816 0.123266182299 0.676092905761 0.181555482166 0.647954529507
470357452 0.18589002642 0.656936355343 0.127559445178 0.684934390569 0.145351717305 0.717072486141 0.200090819022 0.682618763596
470357476 0.0808289299868 0.587958739738 0.010320343461 0.601992842608 0.0175445838838 0.632025822749 0.0866908850727 0.612378078731
470357480 0.0890026420079 0.62058802891 0.0198150594452 0.6400954319 0.0293510568032 0.669426706898 0.0967635402906 0.644446003789
470357484 0.0997770805812 0.652515612939 0.0323233157199 0.677426145534 0.0441297886394 0.70591537436 0.109395640687 0.675742053189
470357488 0.112945838838 0.683460809768 0.0476387054161 0.713493789909 0.0616743725231 0.741000631535 0.124339498018 0.705775033331
470357492 0.128508916777 0.713283278366 0.0657612285337 0.748368535541 0.0819022457067 0.774612307908 0.141636393659 0.734615114729
470357573 0.426188903567 0.638621851098 0.410460700132 0.665567328609 0.44608652576 0.680443477651
470357574 0.446169088507 0.680443477651 0.454260237781 0.650340326995 0.426271466314 0.638692021613
470357604 0.404020805812 0.664234088836 0.383545244386 0.697354571609 0.408850726552 0.710265946249 0.42375330251 0.674338642902
470357608 0.430936261559 0.677215633991 0.41590984148 0.713142937338 0.442907859974 0.721984422146 0.451989762219 0.684092344397
470357636 0.373885402906 0.707599466704 0.352295244386 0.741842677707 0.374174372523 0.753982176689 0.391677675033 0.717493509227
470357640 0.39786988111 0.72044067083 0.380242734478 0.756859167778 0.403319022457 0.766472528244 0.416652906209 0.728229597923
470357644 0.42321664465 0.730475054382 0.409758916777 0.768647814188 0.43374339498 0.775594695109 0.442742734478 0.736158866044
470357669 0.333801188904 0.73931653919 0.303252972259 0.781208336257 0.339167767503 0.803241877763
470357670 0.339043923382 0.803171707249 0.362574306473 0.756999508806 0.333718626156 0.739246368676
470357673 0.373266182299 0.762332467897 0.34965323646 0.808504666339 0.388581571995 0.82464388464
470357674 0.388416446499 0.824573714125 0.404433619551 0.775314013052 0.373183619551 0.762332467897
470357677 0.415868560106 0.778962879798 0.399727542933 0.828222580872 0.440678665786 0.838046452881
470357678 0.440554821664 0.838046452881 0.448645970938 0.786892147919 0.415744715984 0.778892709284
470357700 0.317577608983 0.799873693074 0.283025099075 0.854536523753 0.3151832893 0.872359834398 0.343254623514 0.814048136973
470357704 0.352419088507 0.818398708863 0.324223910172 0.876640235773 0.358157199472 0.890744509157 0.379499669749 0.829625991159
470357708 0.388994385733 0.832924005333 0.36748678996 0.893972352817 0.402782364597 0.904147077398 0.417148282695 0.841063784998
470357732 0.265728203435 0.858676584099 0.225685270806 0.918391691811 0.252022787318 0.934530910112 0.287111955086 0.871798470283
470357736 0.294583883752 0.875938530629 0.259370871863 0.938600799944 0.286864266843 0.952634902814 0.316917107001 0.887306153954
470357740 0.324719286658 0.890884850186 0.294542602378 0.956143428531 0.32302675033 0.967932074942 0.347878137384 0.900498210652
470357744 0.355928005284 0.903445372255 0.330952774108 0.970879236545 0.360303830911 0.980422426496 0.379788639366 0.911234299347
470357748 0.388003632761 0.913479755807 0.368394980185 0.982667882956 0.39840653897 0.989895445934 0.412400924703 0.919374079012
470357829 0.545739762219 0.650199985966 0.553624504624 0.680373307136 0.589332892999 0.665707669637
470357830 0.589415455746 0.665707669637 0.573852377807 0.638621851098 0.545781043593 0.650199985966
470357860 0.548257926024 0.684092344397 0.557174702774 0.721984422146 0.584214002642 0.713283278366 0.569352708058 0.677285804505
470357864 0.576411822985 0.674268472388 0.591190554822 0.710336116764 0.616537318362 0.697494912638 0.596185601057 0.664234088836
470357892 0.557587516513 0.73608869553 0.566463011889 0.775524524595 0.590488771466 0.768647814188 0.577113606341 0.730475054382
470357896 0.583636063408 0.728159427409 0.596887384412 0.766402357729 0.619963672391 0.756859167778 0.602419088507 0.720370500316
470357900 0.60857001321 0.717353168199 0.626032034346 0.753912006175 0.647911162483 0.741842677707 0.626403566711 0.707599466704
470357925 0.551684280053 0.786751806891 0.559651585205 0.837976282366 0.600643989432 0.828152410357
470357926 0.60052014531 0.828222580872 0.584502972259 0.778892709284 0.551560435931 0.786751806891
470357929 0.595855350066 0.775103501509 0.611748678996 0.824433373097 0.650677014531 0.808364325311
470357930 0.65055317041 0.808434495825 0.627022787318 0.762192126868 0.595731505945 0.775103501509
470357933 0.63767338177 0.756718826749 0.661121202114 0.802961195706 0.697077278732 0.780997824714
470357934 0.69695343461 0.781067995228 0.666487780713 0.739106027647 0.637590819022 0.756788997263
470357956 0.583264531044 0.841133955512 0.597547886394 0.904287418427 0.63284346103 0.894112693846 0.611459709379 0.833064346362
470357960 0.620913143989 0.829696161673 0.642131770145 0.890814679672 0.676106340819 0.876780576802 0.647993725231 0.818539049891
470357964 0.657034346103 0.814118307487 0.684981836196 0.872430004912 0.717181307794 0.854747035296 0.682711360634 0.799943863589
470357988 0.588011889036 0.919303908498 0.601923712021 0.989825275419 0.631935270806 0.982667882956 0.612409180978 0.913479755807
470357992 0.620665455746 0.911093958319 0.640067701453 0.980352255982 0.66946003963 0.97080906603 0.644526089828 0.90337520174
470357996 0.65249339498 0.900428040138 0.677262219287 0.967861904428 0.705787648613 0.956073258017 0.675693527081 0.890814679672
470358000 0.683413143989 0.88723598344 0.713424702774 0.952564732299 0.740918097754 0.93853062943 0.705787648613 0.875868360115
470358004 0.713259577279 0.87158795874 0.748307463672 0.934390569083 0.774603698811 0.918321521297 0.734684610304 0.858536243071
470358085 0.638540290621 0.573854466353 0.665497027741 0.589572661568 0.680358322325 0.553996210792
470358086 0.680399603699 0.553855869764 0.650222919419 0.545786260613 0.638581571995 0.573784295839
470358116 0.664217305152 0.596098519402 0.697366248349 0.616518139078 0.710328599736 0.591256753912 0.674331241744 0.576310434355
470358120 0.677220937913 0.569223212406 0.713177014531 0.584239702477 0.72196994716 0.557224054452 0.684114927345 0.548172058101
470358148 0.707562747688 0.626271840573 0.741785006605 0.647884358992 0.753880449141 0.62606132903 0.717428996037 0.608518700442
470358152 0.72035997358 0.602273524665 0.756811426684 0.619886323767 0.766388705416 0.596800224546 0.728162153236 0.583467826819
470358156 0.730391347424 0.577012139499 0.76857661823 0.590484878254 0.775511889036 0.566486562347 0.736046895641 0.557434565995
470358181 0.739142998679 0.666269033752 0.781043593131 0.696793207494 0.80304656539 0.660936074661
470358182 0.803005284016 0.661006245176 0.756811426684 0.637499122869 0.739101717305 0.666339204266
470358185 0.762260568032 0.626833204687 0.808413143989 0.650410497509 0.824554161162 0.611536032559
470358186 0.824512879789 0.611676373588 0.775181638045 0.595677496316 0.762219286658 0.626903375202
470358189 0.778896961691 0.584239702477 0.828145640687 0.600378920777 0.838011889036 0.559399340397
470358190 0.837970607662 0.559539681426 0.786781704095 0.551470072276 0.778855680317 0.584380043506
470358212 0.800074306473 0.682478422567 0.85481340819 0.717002315627 0.872605680317 0.684864220055 0.814275099075 0.656866184829
470358216 0.818609643329 0.647814188478 0.876816380449 0.675952564732 0.890934610304 0.642060206301 0.829838177015 0.620728369939
470358220 0.833099405548 0.611185179987 0.894154557464 0.632657357378 0.904351056803 0.59736158866 0.841231836196 0.583046803733
470358244 0.858611294584 0.734404603186 0.918345442536 0.774401796365 0.934486459709 0.748087853484 0.871738771466 0.713002596309
470358248 0.875866908851 0.705564521788 0.938532034346 0.740790119992 0.952567701453 0.713353448881 0.887260568032 0.683250298225
470358252 0.890852047556 0.675391200618 0.95607661823 0.705564521788 0.967924372523 0.677075292962 0.900470607662 0.652234930882
470358256 0.903360303831 0.644235492246 0.970772787318 0.669216195355 0.98035006605 0.639884920356 0.911162483487 0.620377517367
470358260 0.913432959049 0.612167567188 0.982620541612 0.631745140692 0.989844782034 0.60171216055 0.919294914135 0.587748228195
470360389 0.652906208719 0.535541365518 0.683041611625 0.543681145183 0.688119220608 0.505438214862
470360390 0.688160501982 0.505368044348 0.656910501982 0.505368044348 0.652947490092 0.535471195004
470360393 0.656910501982 0.494772296681 0.688119220608 0.494842467195 0.683082892999 0.45652936636
470360394 0.683082892999 0.456459195846 0.652947490092 0.46459897551 0.656869220608 0.494631955652
470360420 0.685848745046 0.540663813066 0.723703764861 0.549856150446 0.728162153236 0.521787944706 0.689316380449 0.518770612589
470360424 0.689894319683 0.51105185601 0.72874009247 0.514209529156 0.72874009247 0.485790470844 0.689935601057 0.48894814399
470360428 0.689275099075 0.481229387411 0.728120871863 0.478282225809 0.723703764861 0.450214020069 0.685848745046 0.459336186934
470360452 0.737491743725 0.550628026103 0.77695673712 0.559750192969 0.781167437252 0.535120342432 0.740918097754 0.530629429514
470360456 0.741661162483 0.523752719107 0.781869220608 0.528383973055 0.783314068692 0.503403269946 0.742817040951 0.503403269946
470360460 0.742817040951 0.49652655954 0.783272787318 0.496596730054 0.781869220608 0.47168619746 0.741661162483 0.476247280893
470360464 0.74087681638 0.469370570486 0.781126155878 0.464879657568 0.776915455746 0.440249807031 0.737491743725 0.449301803382
470360485 0.788639365918 0.539541084836 0.839828269485 0.547751035015 0.843130779392 0.50571889692
470360486 0.843130779392 0.505859237948 0.791281373844 0.505929408463 0.788598084544 0.539681425865
470360489 0.79124009247 0.493930250509 0.843089498018 0.494000421023 0.839786988111 0.451968282928
470360490 0.839786988111 0.452108623956 0.788598084544 0.460248403621 0.79124009247 0.494000421023
470360516 0.843378467635 0.57315276121 0.906456406869 0.58767805768 0.912607331572 0.551470072276 0.848332232497 0.544242509298
470360520 0.849405548217 0.53427829626 0.913721928666 0.541576029752 0.915785997358 0.504947021262 0.85105680317 0.505017191776
470360524 0.85105680317 0.49491263771 0.915744715984 0.494982808224 0.913680647292 0.458353799733 0.849405548217 0.465651533226
470360528 0.848249669749 0.455687320188 0.912566050198 0.448529927724 0.906415125495 0.412251771805 0.843337186262 0.426777068276
470360548 0.920946169089 0.579257595958 0.991454755614 0.593361869343 0.996284676354 0.562907866115 0.924909180978 0.554487404393
470360552 0.92589993395 0.545996772156 0.997275429326 0.554557574907 0.999711030383 0.523752719107 0.92784015852 0.521016069048
470360556 0.928170409511 0.512455266297 1.0 0.515332257385 1.0 0.484527401586 0.928170409511 0.487404392674
470360560 0.92784015852 0.478843589924 0.999669749009 0.476106939864 0.997234147952 0.445302084064 0.925858652576 0.453862886815
470360564 0.92482661823 0.445372254579 0.99624339498 0.436951792857 0.99141347424 0.406497789629 0.920904887715 0.420602063013
470360645 0.633338837517 0.417093537296 0.660378137384 0.401585853624 0.636889035667 0.370921338853
470360646 0.636806472919 0.370851168339 0.614803500661 0.392954880359 0.633297556143 0.417023366781
470360649 0.607331571995 0.385446635324 0.629417107001 0.363413093818 0.598786327609 0.339905971511
470360650 0.598703764861 0.339835800996 0.583181968296 0.366921619535 0.607249009247 0.385376464809
470360676 0.660254293263 0.397445793278 0.693485799207 0.377166514631 0.676766842801 0.354150585924 0.647209379128 0.379552312118
470360680 0.642214332893 0.373657988913 0.671854359313 0.348396603747 0.651750330251 0.328327836643 0.626527410832 0.358009964213
470360684 0.62070673712 0.353027857694 0.646012219287 0.323415900639 0.623018494055 0.306785488738 0.602749339498 0.340046312539
470360708 0.703806142668 0.367974177251 0.738110964333 0.34650199986 0.723621202114 0.326082380184 0.692040951123 0.351413935864
470360712 0.687747688243 0.346010806259 0.719410501982 0.320819591608 0.702732826948 0.302154234791 0.674166116248 0.33085397516
470360716 0.669336195509 0.326012209669 0.697944187583 0.297382639815 0.679326287979 0.280752227914 0.654144649934 0.3124693004
470360720 0.64873678996 0.30811872851 0.674000990753 0.276471826538 0.653607992074 0.262086871097 0.632141677675 0.296400252614
470360741 0.732125165125 0.323977264753 0.774067040951 0.293523261526 0.746656208719 0.261525506982
470360742 0.74678005284 0.261595677496 0.71016347424 0.298365027016 0.732166446499 0.324047435268
470360745 0.701700792602 0.289874394779 0.738358652576 0.253245386289 0.706324306473 0.225878885692
470360746 0.706406869221 0.225949056207 0.676023778071 0.267981194302 0.70178335535 0.289944565294
470360772 0.794542602378 0.309030945197 0.849364266843 0.274647393165 0.828063077939 0.244684583538 0.777575957728 0.285102799804
470360776 0.77125990753 0.277243702196 0.821870871863 0.23696582696 0.797391017173 0.209529155849 0.751733817701 0.255420672234
470360780 0.744592140026 0.24826327977 0.79037318362 0.202582274928 0.762962351387 0.17809276542 0.722713011889 0.228755876781
470360784 0.714869550859 0.222510701003 0.755242734478 0.171917760157 0.725272457067 0.150726264824 0.690967635403 0.205599607045
470360804 0.853781373844 0.258367833836 0.91355680317 0.218440811171 0.895392998679 0.193530278577 0.839002642008 0.238088555189
470360808 0.833677344782 0.231352185812 0.890150264201 0.186793909199 0.870046235139 0.163356957406 0.817371202114 0.212265805908
470360812 0.811591809775 0.206020630131 0.864390686922 0.157252122658 0.842552840159 0.135429092695 0.793840819022 0.188337660515
470360816 0.787566050198 0.182513507824 0.836360634082 0.129745281033 0.812871532365 0.109676513929 0.768494055482 0.166233948495
470360820 0.761806472919 0.160971159919 0.806349075297 0.104483895867 0.781332562748 0.0863799031647 0.741496036988 0.146235351905
470360901 0.535378137384 0.347063363974 0.54338672391 0.316960213318 0.505118890357 0.312048277314
470360902 0.504995046235 0.312048277314 0.505201453104 0.3432741562 0.535295574637 0.347063363974
470360905 0.494550858653 0.343133815171 0.494509577279 0.311907936285 0.456241743725 0.317100554347
470360906 0.456159180978 0.317100554347 0.464415455746 0.347203705003 0.494468295905 0.343133815171
470360932 0.540497027741 0.314153392744 0.549537648613 0.276261314995 0.521425033025 0.271910743106 0.51857661823 0.310785208056
470360936 0.510939564069 0.310083502912 0.513953104359 0.271279208477 0.485510237781 0.271349378991 0.488771466314 0.310153673426
470360940 0.481093130779 0.310715037541 0.477955746367 0.271910743106 0.449884412153 0.276401656024 0.459214002642 0.314223563259
470360964 0.550528401585 0.262648235212 0.559486459709 0.223212406147 0.534841479524 0.2190723458 0.530465653897 0.259280050523
470360968 0.523612945839 0.258508174865 0.528112615588 0.218230299628 0.503137384412 0.216897059855 0.503302509908 0.257385446635
470360972 0.496408520476 0.257315276121 0.496367239102 0.216897059855 0.4714332893 0.218370640657 0.476098084544 0.258508174865
470360976 0.469204095112 0.259280050523 0.464621862616 0.2190723458 0.439976882431 0.223282576661 0.449141347424 0.262718405726
470360997 0.539464993395 0.211423759736 0.547514861295 0.160269454775 0.505531704095 0.157041611115
470360998 0.505655548217 0.157041611115 0.505820673712 0.20889762122 0.539588837517 0.211493930251
470361001 0.493807793923 0.208827450705 0.493725231176 0.156971440601 0.451742073976 0.160409795804
470361002 0.451865918098 0.160409795804 0.46016347424 0.211564100765 0.493931638045 0.208827450705
470361028 0.573150594452 0.156760929058 0.58751651255 0.0936776366571 0.551271466314 0.0875728019086 0.544212351387 0.151919163567
470361032 0.534222258917 0.150726264824 0.541446499339 0.086450073679 0.504747357992 0.0844151287629 0.504953764861 0.149112342993
470361036 0.494881109643 0.149112342993 0.494839828269 0.0844151287629 0.458181968296 0.0865202441934 0.465612615588 0.150796435338
470361040 0.455622523118 0.151848993053 0.448315719947 0.0875728019086 0.412111955086 0.0938179776858 0.426725561427 0.156831099572
470361060 0.579301519155 0.079011999158 0.593295904888 0.00856080275068 0.562788969617 0.00371903726054 0.554532694848 0.0751526208687
470361064 0.546028731836 0.0741000631535 0.5544501321 0.00273665005965 0.523695508587 0.000350852571749 0.521012219287 0.072205459266
470361068 0.512425693527 0.0718546066943 0.515232826948 0.0 0.484354359313 0.0 0.487367899604 0.0718546066943
470361072 0.478863936592 0.0721352887517 0.476015521797 0.000350852571749 0.445260898283 0.002806820574 0.453847424042 0.0741702336678
470361076 0.445384742404 0.0751526208687 0.436922060766 0.00371903726054 0.406456406869 0.00863097326503 0.420615918098 0.0790821696723
470361157 0.416900594452 0.366781278507 0.401296235139 0.339765630482 0.37070673712 0.363413093818
470361158 0.370665455746 0.363483264332 0.392833553501 0.385376464809 0.416859313078 0.366851449021
470361161 0.385279062087 0.392884709845 0.363193527081 0.370851168339 0.339786988111 0.40151568311
470361162 0.339704425363 0.401585853624 0.366826287979 0.417093537296 0.385237780713 0.392954880359
470361188 0.397291941876 0.339976142025 0.376898943197 0.306785488738 0.353987780713 0.323556241667 0.379417107001 0.353027857694
470361192 0.373513870542 0.358009964213 0.348208388375 0.328398007157 0.328145640687 0.348536944776 0.357909511229 0.373728159427
470361196 0.352831902246 0.379552312118 0.323191875826 0.354290926952 0.306555482166 0.377306855659 0.339869550859 0.397515963792
470361220 0.367775759577 0.2963300821 0.346226882431 0.262086871097 0.325875165125 0.276612167567 0.351221928666 0.308188899025
470361224 0.345814068692 0.3124693004 0.3205498679 0.280822398428 0.30197324967 0.297522980843 0.330663804491 0.326012209669
470361228 0.325792602378 0.33085397516 0.29714332893 0.302294575819 0.280506935271 0.320959932636 0.312252311757 0.346080976774
470361232 0.307917767503 0.351413935864 0.276254953765 0.326222721213 0.261847754293 0.346642340888 0.296193857332 0.368044347765
470361253 0.323769815059 0.268051364817 0.293262879789 0.22615956775 0.261311096433 0.25359623886
470361254 0.261393659181 0.253526068346 0.298175363276 0.290014735808 0.323852377807 0.267981194302
470361257 0.28963011889 0.29843519753 0.252972258917 0.261806189039 0.225685270806 0.293874114097
470361258 0.225767833554 0.293803943583 0.267792272127 0.324117605782 0.289712681638 0.298365027016
470361284 0.308867239102 0.205599607045 0.274397291942 0.150866605852 0.244468295905 0.172198442215 0.284965323646 0.222651042032
470361288 0.277080581242 0.228896217809 0.236707397622 0.178303276963 0.209337846764 0.202862956985 0.255242734478 0.248473791313
470361292 0.248101056803 0.255490842748 0.202361294584 0.209809837906 0.177922721268 0.237246509017 0.228616248349 0.277384043225
470361296 0.222258916777 0.285243140832 0.171689233818 0.244965265595 0.150470607662 0.274928075223 0.205333553501 0.309171286226
470361316 0.25838011889 0.146445863448 0.218419749009 0.0867307557364 0.193444517834 0.104904918953 0.238110964333 0.161251841976
470361320 0.231382100396 0.166514630552 0.186839498018 0.110027366501 0.163391677675 0.130096133605 0.212351387054 0.182794189881
470361324 0.205994055482 0.188618342572 0.157158190225 0.135850115781 0.135361624835 0.157743316259 0.188284346103 0.206371482703
470361328 0.182463672391 0.21261665848 0.129664795244 0.163848151007 0.10964332893 0.187355273314 0.166198811096 0.231703038383
470361332 0.160873513871 0.238439407761 0.104400594452 0.193951301663 0.0862780713342 0.218932004772 0.146177344782 0.258718686408
470361413 0.347093791281 0.46459897551 0.316958388375 0.45652936636 0.31196334214 0.494772296681
470361414 0.31196334214 0.494842467195 0.343172060766 0.494772296681 0.347052509908 0.464669146025
470361417 0.343089498018 0.505368044348 0.311880779392 0.505368044348 0.316917107001 0.543610974668
470361418 0.316958388375 0.543681145183 0.347052509908 0.535541365518 0.343089498018 0.505438214862
470361444 0.314027410832 0.459476527963 0.276172391017 0.450354361097 0.271755284016 0.478422566837 0.310601056803 0.48136972844
470361448 0.309981836196 0.489018314504 0.271136063408 0.485930811873 0.271177344782 0.514349870185 0.310023117569 0.511192197039
470361452 0.310601056803 0.518840783103 0.271755284016 0.52185811522 0.276213672391 0.54992632096 0.314068692206 0.54073398358
470361476 0.262425693527 0.449512314925 0.222960700132 0.440460318574 0.218791281374 0.465090169111 0.259040620872 0.469510911515
470361480 0.258256274769 0.476387621921 0.218006935271 0.471826538489 0.216644649934 0.496807241597 0.257141677675 0.496666900568
470361484 0.257100396301 0.503613781489 0.216644649934 0.503613781489 0.218048216645 0.528524314083 0.258256274769 0.523893060136
470361488 0.259040620872 0.530769770542 0.218791281374 0.535260683461 0.223001981506 0.559890533998 0.262466974901 0.550768367132
470361509 0.211278071334 0.460599256193 0.160089167768 0.452529647042 0.156869220608 0.494561785138
470361510 0.156869220608 0.494421444109 0.208718626156 0.49428110308 0.211319352708 0.460529085678
470361513 0.208594782034 0.506280261034 0.156745376486 0.506280261034 0.160089167768 0.548242228616
470361514 0.160089167768 0.548101887587 0.211278071334 0.539891937408 0.208553500661 0.506139920006
470361540 0.156621532365 0.426987579819 0.0935435931308 0.412602624377 0.0874339498018 0.448810609782 0.151750330251 0.455897831731
470361544 0.150594451783 0.465932215283 0.0862780713342 0.458634481791 0.0842552840159 0.495333660796 0.148984478203 0.495193319767
470361548 0.14894319683 0.505227703319 0.0842552840159 0.505227703319 0.0863606340819 0.541926882324 0.150635733157 0.534488807803
470361552 0.151750330251 0.544523191355 0.0874339498018 0.551750754333 0.0936261558785 0.587958739738 0.156662813738 0.573433443267
470361572 0.0790538309115 0.420882745071 0.00854524438573 0.406848642201 0.00375660501982 0.437302645428 0.0751321003963 0.445652936636
470361576 0.074141347424 0.454143568872 0.00272457067371 0.445652936636 0.000330250990753 0.476457792436 0.0721598414795 0.479124271981
470361580 0.0718295904888 0.487685074732 0.0 0.484878254158 4.12813738441e-05 0.515753280472 0.0718708718626 0.512806118869
470361584 0.0721598414795 0.52136692162 0.000330250990753 0.524173742194 0.0028071334214 0.554908427479 0.0741826287979 0.546347624728
470361588 0.0751733817701 0.554838256964 0.00375660501982 0.563258718686 0.00862780713342 0.593712721914 0.0790951122853 0.57960844853
470361669 0.366702443857 0.583116974247 0.339580581242 0.598554487404 0.363069682959 0.62928917269
470361670 0.363110964333 0.629359343204 0.385155217966 0.607255631184 0.366743725231 0.583187144762
470361673 0.392750990753 0.614763876219 0.370582892999 0.636727247211 0.401172391017 0.660304540032
470361674 0.401254953765 0.660374710547 0.416818031704 0.633359062522 0.392792272127 0.614834046734
470361700 0.339869550859 0.602764718265 0.30659676354 0.622973826398 0.323274438573 0.645989755105 0.35287318362 0.620658199425
470361704 0.357909511229 0.62655252263 0.328228203435 0.651743737282 0.348332232497 0.6718826749 0.373596433289 0.64220054733
470361708 0.379458388375 0.647182653849 0.354070343461 0.67672444039 0.377064068692 0.69349519332 0.397374504624 0.660234369518
470361732 0.296235138705 0.632306504807 0.261930317041 0.653778682198 0.27642007926 0.674128131359 0.308000330251 0.648866746193
470361736 0.312334874505 0.654269875798 0.280630779392 0.67946109045 0.297267173052 0.698056276753 0.325875165125 0.669426706898
470361740 0.330705085865 0.674198301874 0.302014531044 0.702757701214 0.320632430647 0.719458283629 0.345855350066 0.687811381657
470361744 0.351345772787 0.692161953547 0.326040290621 0.723738685005 0.3464332893 0.738193810961 0.367940885073 0.703950599958
470361765 0.267874834875 0.67623324679 0.225891677675 0.706617079503 0.253261228534 0.738685004561
470361766 0.253178665786 0.738614834047 0.289795244386 0.701915655042 0.267833553501 0.676163076275
470361769 0.298340488771 0.710336116764 0.261641347424 0.74689495474 0.293634412153 0.774261455336
470361770 0.293551849406 0.774191284822 0.323976221929 0.732229317241 0.298257926024 0.710265946249
470361796 0.205416116248 0.691179566346 0.150594451783 0.725492947863 0.171813077939 0.755455757491 0.222382760898 0.715037541225
470361800 0.228698811096 0.722966809347 0.17804656539 0.763174514069 0.202485138705 0.79061118518 0.248224900925 0.74478983931
470361804 0.255325297226 0.751877061259 0.209502972259 0.797558066101 0.236872523118 0.822047575609 0.277163143989 0.771454634762
470361808 0.285089167768 0.77769981054 0.244674702774 0.828152410357 0.274603698811 0.84948424672 0.308991083223 0.794681075012
470361828 0.14625990753 0.741561995649 0.0864431968296 0.781489018315 0.104607001321 0.806399550909 0.160997357992 0.761911444811
470361832 0.166322655218 0.768577643674 0.109808454425 0.812995579258 0.12982992074 0.836502701565 0.182587516513 0.787664023577
470361836 0.188449471598 0.793979369869 0.135609313078 0.842677706828 0.157405878468 0.86450073679 0.206200462351 0.811732509999
470361840 0.21251651255 0.817486492176 0.163639365918 0.870254718967 0.187087186262 0.890323486071 0.231588507266 0.83383622202
470361844 0.238276089828 0.839028840081 0.193692206077 0.895445933619 0.218626155878 0.913620096835 0.258545244386 0.853834818609
470361925 0.464580581242 0.65300680654 0.456324306473 0.683109957196 0.494592140026 0.688232404744
470361926 0.494674702774 0.688232404744 0.494715984148 0.657006525858 0.464621862616 0.65300680654
470361929 0.5053665786 0.656936355343 0.505160171731 0.688162234229 0.543469286658 0.683250298225
470361930 0.543551849406 0.68318012771 0.535501981506 0.653076977054 0.505407859974 0.656936355343
470361956 0.459379128137 0.685846607256 0.450132100396 0.72366851449 0.47820343461 0.728229597923 0.481258256275 0.689355132973
470361960 0.48893659181 0.689916497088 0.48571664465 0.728720791523 0.514159511229 0.728790962038 0.511104689564 0.689986667602
470361964 0.518824306473 0.689284962459 0.521714002642 0.728159427409 0.549785336856 0.723738685005 0.54070343461 0.685846607256
470361988 0.449430317041 0.737492105817 0.440307133421 0.776927934882 0.464910832232 0.781138165743 0.469451783355 0.74093046102
470361992 0.476345772787 0.741702336678 0.471680977543 0.781910041401 0.496656208719 0.783313451688 0.496656208719 0.742825064908
470361996 0.503550198151 0.742825064908 0.503426354029 0.783313451688 0.528401585205 0.781910041401 0.523860634082 0.741702336678
470362000 0.53071334214 0.740860290506 0.535130449141 0.781138165743 0.559775429326 0.776998105396 0.550776089828 0.737492105817
470362021 0.460493725231 0.788716581293 0.452278731836 0.839870886254 0.49430317041 0.843239070942
470362022 0.494138044914 0.843239070942 0.494138044914 0.791383060838 0.460411162483 0.788716581293
470362025 0.506150924703 0.791312890323 0.506027080581 0.843098729914 0.548051519155 0.839870886254
470362026 0.547886393659 0.839870886254 0.539795244386 0.788716581293 0.506027080581 0.791312890323
470362052 0.426931968296 0.843379411971 0.412400924703 0.906392533857 0.448604689564 0.91256753912 0.455828929987 0.848291347976
470362056 0.465860303831 0.849343905691 0.458470937913 0.913620096835 0.49517007926 0.915725212266 0.495128797886 0.851027998035
470362060 0.505201453104 0.851027998035 0.505036327609 0.915725212266 0.541735468956 0.91369026735 0.53446994716 0.849414076205
470362064 0.544501321004 0.848221177461 0.551601717305 0.912497368606 0.58784676354 0.906392533857 0.573398282695 0.843309241457
470362084 0.420822324967 0.920917830328 0.406662813738 0.991369026735 0.437128467635 0.996210792225 0.445591149273 0.924847379131
470362088 0.454053830911 0.925829766332 0.445467305152 0.997193179426 0.476221928666 0.999649147428 0.479029062087 0.927794540734
470362092 0.487615587847 0.928145393306 0.48464332893 0.999929829486 0.515521796565 1.0 0.51267338177 0.928145393306
470362096 0.521218626156 0.927794540734 0.523901915456 0.999649147428 0.554697820343 0.99726334994 0.546235138705 0.925829766332
470362100 0.554821664465 0.924847379131 0.563160501982 0.996210792225 0.593626155878 0.991439197249 0.579590488771 0.920917830328
470362181 0.583016842801 0.633288892008 0.598456076618 0.660374710547 0.629169418758 0.637007929268
470362182 0.629251981506 0.636937758754 0.607207727873 0.614834046734 0.583058124174 0.633218721493
470362185 0.614679656539 0.607185460669 0.636641347424 0.629359343204 0.660213011889 0.598835169462
470362186 0.660295574637 0.598764998947 0.633256274769 0.583116974247 0.614720937913 0.607115290155
470362212 0.602831902246 0.660234369518 0.623059775429 0.693565363834 0.646094782034 0.676864781419 0.620789299868 0.647252824363
470362216 0.62660997358 0.64220054733 0.651791611625 0.6718826749 0.671936922061 0.65188407831 0.642338177015 0.62655252263
470362220 0.647250660502 0.620728369939 0.676766842801 0.646130096134 0.693527080581 0.623184337941 0.660295574637 0.602764718265
470362244 0.632224240423 0.703810258929 0.653649273448 0.738123640446 0.674042272127 0.72366851449 0.648819352708 0.692021612518
470362248 0.654144649934 0.687741211143 0.679285006605 0.719458283629 0.697944187583 0.702827871728 0.669336195509 0.674198301874
470362252 0.674248678996 0.669216195355 0.702774108322 0.697915935724 0.719451783355 0.679320749421 0.687830250991 0.654059364255
470362256 0.692040951123 0.648726405165 0.723621202114 0.674057960845 0.738110964333 0.653708511683 0.703847424042 0.632166163778
470362277 0.676230184941 0.732018805698 0.70661327609 0.773980773279 0.738647622193 0.746684443197
470362278 0.738565059445 0.746754613711 0.701907199472 0.710125605221 0.676147622193 0.732088976212
470362281 0.710328599736 0.701634972984 0.746903896962 0.738334151989 0.774314729194 0.706336397446
470362282 0.774232166446 0.70640656796 0.732290290621 0.675952564732 0.710246036988 0.701705143499
470362308 0.691297886394 0.794540733984 0.725643989432 0.849414076205 0.755614266843 0.828152410357 0.715241083223 0.777629640025
470362312 0.723084544254 0.771314293734 0.763333883752 0.821977405094 0.790744715984 0.797487895586 0.744963672391 0.751806890745
470362316 0.752022787318 0.744719668795 0.79767998679 0.790541014666 0.82215984148 0.763174514069 0.771548877147 0.722826468318
470362320 0.777823645971 0.714967370711 0.828310766182 0.755385586976 0.849611955086 0.725422777349 0.794790290621 0.691039225318
470362340 0.741743725231 0.853694477581 0.781621532365 0.913479755807 0.80659676354 0.895375763104 0.762054161162 0.838958669567
470362344 0.768741743725 0.833625710476 0.813160501982 0.890183145042 0.836608322325 0.870114377938 0.787813738441 0.817346151147
470362348 0.794088507266 0.811521998456 0.842800528402 0.864360395762 0.864638375165 0.842607536313 0.811839498018 0.793768858326
470362352 0.817618890357 0.787523682549 0.870335204756 0.836362360536 0.890397952444 0.812925408743 0.833925033025 0.768437302645
470362356 0.839209048877 0.761700933268 0.895599405548 0.80625920988 0.91376321004 0.781278506771 0.853946499339 0.741421654621
