# Xscale/Yscale
# 142.49/242.26
470323493 0.466137974595 0.610501114505 0.458418134606 0.639643358375 0.430626710646 0.628085527945
470323494 0.430626710646 0.628085527945 0.44578566917 0.602039131512 0.466137974595 0.610501114505
470323525 0.454207312794 0.650210517626 0.446206751351 0.680343432676 0.410555126676 0.665565920911
470323526 0.410484946312 0.665524642946 0.42613516738 0.638528853298 0.45413713243 0.65016923966
470323556 0.451821180434 0.684017171634 0.442767913538 0.721910344258 0.415748473577 0.713118137538 0.430767071373 0.677165029307
470323560 0.423608674293 0.674234293734 0.408730437224 0.710228679931 0.383465506351 0.697308676628 0.40388799214 0.664162470073
470323588 0.442627552811 0.735944852638 0.433644466278 0.775406587963 0.40964278195 0.768513167671 0.423047231385 0.730331049286
470323592 0.41659063794 0.728060761166 0.403256368868 0.766284157517 0.380167029265 0.756707669446 0.397782300512 0.720259225625
470323596 0.391536248158 0.71724593412 0.373991157274 0.753735655907 0.352165064215 0.741641211921 0.37371043582 0.707421778255
470323621 0.448452522984 0.786592916701 0.440381781178 0.837818872286 0.399396448874 0.827953438455
470323622 0.399536809601 0.82799471642 0.415678293214 0.778708825229 0.448592883711 0.786634194667
470323625 0.404238893957 0.775035086271 0.388237771072 0.824320977462 0.349357849674 0.808181292826
470323626 0.349498210401 0.808222570792 0.373078812548 0.762115082969 0.404379254685 0.775076364237
470323629 0.362411397291 0.756625113514 0.338900975507 0.802815157269 0.302968629378 0.78077272352
470323630 0.303108990105 0.780855279452 0.333637448242 0.738958144143 0.362481577655 0.75666639148
470323652 0.416941539757 0.841079831586 0.402554565233 0.904193841327 0.367253842375 0.89399818377 0.388729033616 0.832989350285
470323656 0.379324864903 0.829687113019 0.357990034388 0.890778502435 0.324092918801 0.87670271609 0.352235244579 0.818459506316
470323660 0.343111797319 0.814042763973 0.315039651905 0.872368529679 0.282897045407 0.85457772641 0.317425784266 0.79984314373
470323684 0.412099094673 0.919219020887 0.39813320233 0.98972178651 0.368096006737 0.982498142492 0.387676328163 0.91335754974
470323688 0.37946522563 0.911004705688 0.359955084567 0.980227854371 0.33061969261 0.970651366301 0.355603902028 0.903244448114
470323692 0.347603340585 0.90031371254 0.322689311531 0.967761908693 0.294196083936 0.955915132502 0.324443820619 0.890695946504
470323696 0.316653800267 0.887104763477 0.28654642431 0.952406505407 0.259105902169 0.938371997028 0.294336444663 0.87571204491
470323700 0.286827145765 0.871542970362 0.251736963997 0.934285478412 0.225419327672 0.918104515809 0.26549231525 0.858416577231
470323749 0.397992841603 0.554197969124 0.371885746368 0.569264426649 0.360446347112 0.541443077685
470323750 0.360446347112 0.541443077685 0.389641378342 0.533765376042 0.397992841603 0.554197969124
470323781 0.361428872202 0.573928836787 0.334409432241 0.589573185833 0.319671555899 0.553867745398
470323782 0.319601375535 0.553785189466 0.349778931855 0.545818542062 0.361358691838 0.573887558821
470323812 0.335813039512 0.596095104433 0.30261772756 0.616486419549 0.28970454067 0.591141748535 0.325777247526 0.57636423677
470323816 0.322829672258 0.569223148683 0.286827145765 0.584165772311 0.278054600323 0.557087426732 0.315951996631 0.548130108148
470323844 0.292511755211 0.626269297449 0.258263737806 0.647816395608 0.246192715278 0.625939073722 0.282686504316 0.60847849418
470323848 0.279668748684 0.602245521341 0.24324514001 0.619829934781 0.233700610569 0.596714273921 0.271948908695 0.583464046892
470323852 0.269632956699 0.576983406258 0.231454838936 0.590316189218 0.22457716331 0.56629241311 0.264018527616 0.557417650458
470323877 0.26072005053 0.666226368365 0.2188223735 0.696689507141 0.196855919714 0.66073639891
470323878 0.196926100077 0.660860232808 0.243174959646 0.637414348221 0.260790230893 0.666308924296
470323881 0.237700891291 0.626764633039 0.191522212085 0.650251795592 0.175450908836 0.611326673822
470323882 0.175521089199 0.611450507719 0.224857884764 0.595558490878 0.237771071654 0.626847188971
470323885 0.221068145133 0.584165772311 0.171731349568 0.600140345084 0.161976279037 0.559151325023
470323886 0.162046459401 0.55927515892 0.213278124781 0.551349789482 0.221138325497 0.584248328242
470323908 0.200084216436 0.682448608933 0.14534353288 0.716874432428 0.127587900905 0.684677619087 0.185977963366 0.656773714191
470323912 0.181556600463 0.647651283745 0.123236718366 0.675720300504 0.109200645659 0.641789812598 0.170327742298 0.620572938166
470323916 0.167029265212 0.611079006027 0.105972348937 0.632460992322 0.0957961962243 0.597127053579 0.158958523405 0.58288615537
470323940 0.141413432522 0.734252456039 0.0816197627904 0.774209526955 0.065548459541 0.74787418476 0.128359884904 0.712870469743
470323944 0.124149063092 0.705399157929 0.0614078180925 0.740485428878 0.0474419257492 0.712994303641 0.1127798442 0.683026500454
470323948 0.109200645659 0.675307520845 0.0438627272089 0.705357879964 0.0320724261352 0.676834805581 0.0995859358551 0.652109304053
470323952 0.0966383605867 0.644101378684 0.0291950312303 0.668950714109 0.0196505017896 0.639602080409 0.0889185205979 0.620242714439
470323956 0.0865323882378 0.611945843309 0.017334549793 0.631429043177 0.0101761527125 0.601419962024 0.0807074180644 0.587550565508
470324005 0.389501017615 0.466234623958 0.360376166749 0.458433088417 0.371955926732 0.430653017419
470324006 0.371955926732 0.430653017419 0.397992841603 0.445843308842 0.389501017615 0.466234623958
470324037 0.349849112218 0.454264013869 0.319671555899 0.446214810534 0.334549792968 0.410550648064
470324038 0.334619973331 0.410468092132 0.361569232929 0.426194997111 0.349849112218 0.454222735904
470324068 0.315881816268 0.45178733592 0.278054600323 0.442664905473 0.286897326128 0.415669115826 0.322829672258 0.430694295385
470324072 0.325707067163 0.423594485264 0.28970454067 0.408693139602 0.302687907923 0.383389746553 0.335813039512 0.403863617601
470324100 0.26408870798 0.442541071576 0.224647343673 0.433501197061 0.231595199663 0.409518698919 0.269773317426 0.423016593742
470324104 0.272019089059 0.416453397177 0.233840971296 0.40307933625 0.2434556811 0.380004953356 0.279879289775 0.397713200693
470324108 0.282826865043 0.391438949889 0.246403256369 0.373854536448 0.258474278897 0.352018492529 0.292722296301 0.373648146619
470324133 0.213278124781 0.448319986791 0.162116639764 0.440188227524 0.172012071023 0.399240485429
470324134 0.171941890659 0.399364319326 0.22120850586 0.415545281929 0.213278124781 0.448443820689
470324137 0.224857884764 0.404111285396 0.175591269563 0.388054156691 0.191802933539 0.349170312887
470324138 0.191732753176 0.349294146784 0.237841252018 0.3729464212 0.224857884764 0.404235119293
470324141 0.243315320373 0.362255428053 0.197136641168 0.338685709568 0.219173275318 0.302815157269
470324142 0.219103094954 0.302897713201 0.261000771984 0.333525963841 0.24324514001 0.362337983984
470324164 0.158888343042 0.416783620903 0.0957961962243 0.402377610831 0.105972348937 0.367084950054 0.167029265212 0.388632048213
470324168 0.170327742298 0.379138116074 0.109200645659 0.357756129778 0.12330689873 0.323825641872 0.181556600463 0.352059770495
470324172 0.185907783002 0.34301989598 0.127587900905 0.314909601255 0.145413713243 0.282795343845 0.200084216436 0.317345001238
470324196 0.080777598428 0.412036654834 0.010246333076 0.398002146454 0.01747491052 0.367993065302 0.0866727489648 0.387641377033
470324200 0.0889185205979 0.379427061834 0.0197206821531 0.359902584001 0.0293353919573 0.330553950301 0.0967085409502 0.355568397589
470324204 0.0996561162187 0.34756047222 0.0322127868622 0.322669858829 0.0440732682995 0.294188062412 0.109270826023 0.324403533394
470324208 0.112850024563 0.316601997854 0.0475822864762 0.286510360769 0.0616183591831 0.259019235532 0.124289423819 0.294270618344
470324212 0.128430065268 0.28679930653 0.0656888202681 0.251671757616 0.081830303881 0.225377693387 0.141553793249 0.265417320234
470324261 0.44578566917 0.397919590523 0.43069689101 0.371831916123 0.458488314969 0.360356641625
470324262 0.458488314969 0.360356641625 0.466208154958 0.389498885495 0.44578566917 0.397919590523
470324293 0.42613516738 0.361471146702 0.410484946312 0.334475357054 0.446136570987 0.319739123256
470324294 0.446276931715 0.31969784529 0.454207312794 0.349872038306 0.426205347744 0.361471146702
470324324 0.403958172503 0.335837529927 0.383535686715 0.30260876744 0.408870797951 0.289771320069 0.423678854656 0.325765706266
470324328 0.430837251737 0.322834970693 0.415888834304 0.286840584496 0.442908274265 0.278089655742 0.451891360797 0.315982828366
470324356 0.373780616184 0.292454387848 0.352235244579 0.258193676216 0.374131518001 0.246140510196 0.391606428521 0.282630231982
470324360 0.397852480876 0.279658218443 0.380237209629 0.243168496656 0.403326549232 0.233633286552 0.416660818303 0.271897960868
470324364 0.423117411748 0.269627672748 0.409712962313 0.231404276397 0.433714646642 0.224510856105 0.442697733174 0.264013869397
470324389 0.333777808969 0.260752910097 0.303319531195 0.218814496822 0.339251877325 0.196854619004
470324390 0.339181696961 0.196937174936 0.362551758018 0.243168496656 0.333707628606 0.260835466028
470324393 0.373219173275 0.237678527202 0.349638571128 0.191488483448 0.388588672889 0.175431354743
470324394 0.388448312162 0.175472632709 0.404379254685 0.224799801866 0.373078812548 0.237719805168
470324397 0.415818653941 0.221167340873 0.399817531055 0.171840171716 0.440802863359 0.162057293817
470324398 0.440662502632 0.162098571782 0.448663064075 0.213283249401 0.415748473577 0.221167340873
470324420 0.317636325356 0.199950466441 0.283177766861 0.145174605795 0.31532037336 0.127425080492 0.343252158046 0.185792124164
470324424 0.352305424942 0.181416659787 0.324233279528 0.123173450012 0.358200575479 0.109138941633 0.379395045266 0.170230331049
470324428 0.388939574707 0.166886815818 0.367534563829 0.105836704367 0.402835286687 0.095682324775 0.417081900484 0.158796334517
470324452 0.265702856341 0.14137703294 0.22577022949 0.0816065384298 0.252087865815 0.0655081317593 0.287107867219 0.128291917774
470324456 0.294617166117 0.124122843226 0.259456803986 0.0613803351771 0.286967506492 0.0473871047635 0.316934521721 0.112730124659
470324460 0.32465436171 0.109138941633 0.294546985753 0.0438784776686 0.323110393712 0.0321142574094 0.347884062039 0.0995624535623
470324464 0.355884623482 0.0965904400231 0.330970594428 0.029183521836 0.360376166749 0.0196483117312 0.379745947084 0.0888714604144
470324468 0.388027229981 0.0865186163626 0.368517088919 0.0173367456452 0.398484104148 0.0101543795922 0.412379816127 0.0806984231817
470324517 0.533932205769 0.389622719392 0.541652045758 0.360480475522 0.569443469717 0.371997027986
470324518 0.569443469717 0.371997027986 0.554284511194 0.39804342442 0.533932205769 0.389622719392
470324549 0.545792687206 0.349748204408 0.553723068285 0.319574011393 0.589444873324 0.334310245191
470324550 0.589515053688 0.334351523157 0.57386483262 0.361347312804 0.54586286757 0.349789482374
470324580 0.548178819566 0.315982828366 0.557161906099 0.278089655742 0.584181346059 0.286840584496 0.569232928627 0.322793692727
470324584 0.576321145344 0.325806984232 0.591199382413 0.289771320069 0.616534493649 0.302650045406 0.59611200786 0.335837529927
470324612 0.557442627553 0.264055147362 0.566425714085 0.224593412037 0.590427398414 0.231486832329 0.577022948979 0.269668950714
470324616 0.583549722788 0.2719805168 0.596813811496 0.233757120449 0.619903151098 0.24333360852 0.602358060215 0.27978205234
470324620 0.608533932206 0.28275406588 0.626008842726 0.246264344093 0.647905116149 0.258358788079 0.626359744543 0.292619499711
470324645 0.551617657379 0.213159415504 0.559688399186 0.161933459919 0.60067373149 0.171798893751
470324646 0.600533370763 0.171757615785 0.584462067514 0.221043506976 0.551547477016 0.213118137538
470324649 0.595831286406 0.224799801866 0.611832409292 0.175472632709 0.65071233069 0.191612317345
470324650 0.650642150326 0.191571039379 0.627061548179 0.237719805168 0.595761106043 0.2247585239
470324653 0.6377991438 0.243044662759 0.661309565584 0.196854619004 0.697241911713 0.218855774787
470324654 0.697101550986 0.218773218856 0.666573092849 0.260670354165 0.637728963436 0.243003384793
470324676 0.583128640606 0.158920168414 0.597445434767 0.0958061586725 0.632746157625 0.10600181623 0.611270966384 0.167010649715
470324680 0.620745315461 0.170354164947 0.642080145975 0.10926277553 0.675977261562 0.12329728391 0.647834935785 0.18158177165
470324684 0.656958383044 0.185957236027 0.684960348095 0.127631470321 0.717102954593 0.145380995625 0.682574215734 0.20015685627
470324708 0.587900905327 0.0806571452159 0.601936978034 0.0101131016264 0.631903993263 0.0173367456452 0.612323671837 0.0865186163626
470324712 0.62053477437 0.0888301824486 0.639974735069 0.0196070337654 0.669310127026 0.0291422438702 0.644396097972 0.0965904400231
470324716 0.652466839778 0.0995624535623 0.677240508106 0.0321142574094 0.705803916064 0.0439197556344 0.675626359745 0.109180219599
470324720 0.683346199733 0.112730124659 0.713383395326 0.0474283827293 0.740894097831 0.0614216131429 0.705733735701 0.124122843226
470324724 0.713172854235 0.128291917774 0.748192855639 0.0655494097251 0.774510491964 0.0816478163956 0.73450768475 0.141418310906
470324773 0.602007158397 0.445884586808 0.628044073268 0.430694295385 0.639623833251 0.458433088417
470324774 0.639623833251 0.458433088417 0.610498982385 0.466275901924 0.602007158397 0.445884586808
470324805 0.638571127798 0.426194997111 0.665520387396 0.410468092132 0.680328444101 0.446132254602
470324806 0.680398624465 0.446214810534 0.650221068145 0.454264013869 0.638571127798 0.426277553042
470324836 0.664257140852 0.403987451498 0.69738227244 0.383513580451 0.71029545933 0.4088169735 0.674292932837 0.423718319161
470324840 0.677240508106 0.430859407248 0.713172854235 0.415834227689 0.722015580041 0.442830017337 0.684118183732 0.451911169818
470324868 0.707488244789 0.373813258483 0.741736262194 0.352224882358 0.753807284722 0.374060926278 0.717313495684 0.391604061752
470324872 0.720331251316 0.397837034591 0.75675485999 0.380211343185 0.766299389431 0.403285726079 0.728121271668 0.41661850904
470324876 0.730367043301 0.42314042764 0.768545161064 0.409683810782 0.775493017054 0.43370758689 0.735981472384 0.442706183439
470324901 0.73927994947 0.333814909601 0.7811776265 0.303269214893 0.803144080286 0.339181045158
470324902 0.803144080286 0.339057211261 0.756895220717 0.362544373813 0.739209769107 0.333691075704
470324905 0.762299108709 0.373276644927 0.808477787915 0.349665648477 0.824619271528 0.388590770247
470324906 0.824549091164 0.388466936349 0.7752122956 0.404441509122 0.762299108709 0.373152811029
470324909 0.778931854867 0.415875505655 0.828198470068 0.399777098985 0.838023720963 0.44072484108
470324910 0.838023720963 0.440601007182 0.786792055583 0.448691488483 0.778861674503 0.415751671758
470324932 0.799985963927 0.317633946999 0.854726647484 0.283084289606 0.872482279458 0.315239824981 0.814162397361 0.343267563774
470324936 0.8185135799 0.352348716255 0.876763281634 0.324155865599 0.890869534704 0.358086353504 0.829742438066 0.379427061834
470324940 0.833040915152 0.388920993973 0.894097831427 0.367456451746 0.904273984139 0.402749112524 0.841181837322 0.41711384463
470324964 0.858656747842 0.265706265995 0.91838023721 0.225707917114 0.934451540459 0.252001981342 0.871710295459 0.287088252291
470324968 0.875921117271 0.294600842071 0.938592181908 0.259390737224 0.952628254614 0.286881862462 0.887290336164 0.31693222158
470324972 0.890869534704 0.324692479155 0.956137272791 0.294518286139 0.967927573865 0.323041360522 0.900484244508 0.347890695947
470324976 0.903431819777 0.355898621316 0.97080496877 0.330925451994 0.98034949821 0.360274085693 0.911151659766 0.379757285561
470324980 0.913467611762 0.388012878725 0.982665450207 0.36840584496 0.989823847288 0.398414926112 0.919362762299 0.412408156526
470325029 0.610358621658 0.533847931974 0.639483472524 0.541525633617 0.628044073268 0.569346982581
470325030 0.628044073268 0.569346982581 0.601936978034 0.554280525056 0.610288441294 0.53388920994
470325061 0.650080707418 0.545653430199 0.680258263738 0.553578799637 0.665590567759 0.589284240073
470325062 0.665520387396 0.589366796004 0.638500947435 0.573763724924 0.650010527055 0.545735986131
470325092 0.684048003369 0.54821266408 0.721945399677 0.557169982663 0.713243034599 0.584207050277 0.677240508106 0.569305704615
470325096 0.674222752474 0.576405514736 0.71029545933 0.5911830265 0.697452452804 0.616527697515 0.664186960488 0.596136382399
470325124 0.736051652748 0.55750020639 0.775563197417 0.566374969042 0.768685521791 0.59039874515 0.730437223665 0.577024684224
470325128 0.728121271668 0.583505324858 0.766369569794 0.596796829852 0.756895220717 0.619871212747 0.720401431679 0.602328077272
470325132 0.717383676047 0.60847849418 0.753877465085 0.625939073722 0.741876622921 0.647816395608 0.707558425153 0.626310575415
470325157 0.786721875219 0.551556179311 0.837883360236 0.559564104681 0.828128289705 0.600511846776
470325158 0.828128289705 0.600388012879 0.778861674503 0.58437216214 0.786721875219 0.551432345414
470325161 0.775071934873 0.595764880707 0.824408730437 0.611656897548 0.808337427188 0.650582019318
470325162 0.808407607551 0.650499463386 0.762228928346 0.626929744902 0.775142115236 0.595641046809
470325165 0.75675485999 0.637579460084 0.802933539196 0.661025344671 0.78096708541 0.696978452902
470325166 0.781037265773 0.696854619004 0.739139588743 0.666391480228 0.75675485999 0.637496904153
470325188 0.841181837322 0.583051267234 0.904273984139 0.597292165442 0.894097831427 0.632626104186 0.833040915152 0.61124411789
470325192 0.829742438066 0.620696772063 0.890799354341 0.641913646496 0.876833461997 0.675885412367 0.8185135799 0.647775117642
470325196 0.814092216998 0.656856270123 0.872482279458 0.684801452984 0.854726647484 0.71695698836 0.799915783564 0.682531164864
470325220 0.919292581936 0.587756955337 0.989823847288 0.601626351853 0.982665450207 0.631635433006 0.913467611762 0.612152233138
470325224 0.911081479402 0.620366548336 0.980279317847 0.639767192273 0.97080496877 0.669115825972 0.903361639413 0.644225212582
470325228 0.900343883781 0.652274415917 0.967857393501 0.67704119541 0.956067092428 0.705564269793 0.890799354341 0.675472632709
470325232 0.887149975437 0.683191612317 0.952487893887 0.713159415504 0.938522001544 0.740691818707 0.875780756544 0.705522991827
470325236 0.871569934732 0.712994303641 0.934381360095 0.747998018658 0.918239876483 0.774333360852 0.858516387115 0.734376289936
470325285 0.554144150467 0.601915297614 0.56930310899 0.627961694048 0.541581865394 0.639519524478
470325286 0.541581865394 0.639519524478 0.533791845042 0.610418558573 0.554144150467 0.601915297614
470325317 0.57386483262 0.638487575332 0.589515053688 0.665442087014 0.553863429013 0.68030215471
470325318 0.553793248649 0.68030215471 0.545722506843 0.65016923966 0.573794652256 0.638528853298
470325348 0.59611200786 0.664121192108 0.616534493649 0.697267398663 0.591199382413 0.710187401965 0.576321145344 0.674193015768
470325352 0.569232928627 0.677123751342 0.584181346059 0.713076859572 0.557161906099 0.721869066292 0.548108639203 0.684017171634
470325380 0.626219383816 0.707421778255 0.647834935785 0.741682489887 0.626008842726 0.753776933873 0.608463751842 0.717287212086
470325384 0.602217699488 0.720259225625 0.619832970735 0.756707669446 0.596743631132 0.766284157517 0.58340936206 0.728060761166
470325388 0.576952768615 0.730331049286 0.59035721805 0.768471889705 0.566355533722 0.775406587963 0.557372447189 0.735944852638
470325413 0.666292371394 0.73908197804 0.696820829532 0.780937835383 0.660888483402 0.802980269132
470325414 0.661028844129 0.802897713201 0.637518422345 0.756707669446 0.666362551758 0.738999422108
470325417 0.626780826725 0.762156360935 0.650361428872 0.808305126723 0.611481507474 0.824403533394
470325418 0.611621868201 0.824362255428 0.595620745315 0.775076364237 0.626921187452 0.762073805003
470325421 0.584181346059 0.778750103195 0.600252649309 0.828035994386 0.559267317005 0.837860150252
470325422 0.559407677732 0.837818872286 0.551336935925 0.786634194667 0.584251526423 0.778708825229
470325444 0.682433855007 0.79984314373 0.716962593866 0.85457772641 0.684819987368 0.872368529679 0.656818022317 0.814042763973
470325448 0.647694575058 0.81841822835 0.675836900835 0.876661438124 0.641939785248 0.890695946504 0.620604954734 0.829645835053
470325452 0.611060425293 0.832948072319 0.632535616534 0.89399818377 0.597234893677 0.904152563362 0.582918099516 0.841079831586
470325476 0.734297143659 0.858457855197 0.774370131237 0.918145793775 0.748052494912 0.934285478412 0.712962313145 0.871542970362
470325480 0.705453014247 0.87571204491 0.740683556741 0.938413274994 0.713172854235 0.952406505407 0.683135658643 0.887104763477
470325484 0.67534563829 0.890695946504 0.70552319461 0.955915132502 0.676959786652 0.967761908693 0.652186118324 0.900272434574
470325488 0.644185556881 0.903203170148 0.669099585936 0.970610088335 0.639764193979 0.980186576406 0.62032423328 0.910963427722
470325492 0.611972770019 0.913316271774 0.631553091445 0.982456864526 0.601515895852 0.989680508545 0.587550003509 0.919177742921
470327589 0.525931644326 0.612441178899 0.533862025405 0.641542144803 0.504035370903 0.645504829522
470327590 0.504035370903 0.645504829522 0.504035370903 0.615371914472 0.525931644326 0.612441178899
470327593 0.495964629097 0.615371914472 0.49603480946 0.645504829522 0.466208154958 0.641583422769
470327594 0.466208154958 0.641583422769 0.474068355674 0.612482456865 0.495964629097 0.615371914472
470327621 0.53554635413 0.652769751507 0.5436872763 0.682902666557 0.505438978174 0.687979856353
470327622 0.505298617447 0.687979856353 0.50536879781 0.656773714191 0.535476173767 0.652811029472
470327625 0.494701382553 0.656814992157 0.49484174328 0.688021134319 0.456523264791 0.682985222488
470327626 0.456453084427 0.682943944522 0.464594006597 0.652852307438 0.49463120219 0.656814992157
470327652 0.540669520668 0.685709568232 0.549863148291 0.723561462891 0.521791002877 0.7280194832 0.518773247245 0.689218195327
470327656 0.511053407257 0.689796086849 0.514211523616 0.728597374721 0.485788476384 0.728597374721 0.48887641238 0.689796086849
470327660 0.481226752755 0.689176917362 0.478279177486 0.7280194832 0.450207032072 0.723561462891 0.459330479332 0.685709568232
470327684 0.55063513229 0.737389581441 0.559758579549 0.776851316767 0.535055091585 0.781020391315 0.530563548319 0.740815652605
470327688 0.523756053056 0.741558655989 0.528317776686 0.781804672666 0.503403747631 0.783208123504 0.503403747631 0.742714439032
470327692 0.496526072005 0.742714439032 0.496526072005 0.783166845538 0.47161204295 0.7817633947 0.47617376658 0.741558655989
470327696 0.469366271317 0.740774374639 0.464874728051 0.781020391315 0.440241420451 0.776810038801 0.449294687346 0.737389581441
470327717 0.539546634852 0.788574259061 0.547687557022 0.83975893668 0.505719699628 0.84301989598
470327718 0.505860060355 0.84301989598 0.505930240719 0.791216048873 0.539686995579 0.788532981095
470327721 0.493929398554 0.791133492941 0.493999578918 0.842978618014 0.452031721524 0.839676380748
470327722 0.452101901888 0.839676380748 0.460313004421 0.788491703129 0.494069759281 0.791174770907
470327748 0.573163028984 0.843391397672 0.587620183873 0.906422851482 0.551407116289 0.912573268389 0.544248719208 0.848303475605
470327752 0.534212927223 0.849417980682 0.541511685031 0.913687773467 0.504877535266 0.915751671758 0.504947715629 0.851027821349
470327756 0.494911923644 0.851027821349 0.494982104007 0.915751671758 0.458277773879 0.913687773467 0.46564671205 0.849376702716
470327760 0.455610920065 0.848262197639 0.448452522984 0.912573268389 0.4122394554 0.906381573516 0.426766790652 0.843350119706
470327780 0.579198540248 0.920952695451 0.593304793319 0.991414183109 0.562776335181 0.99624370511 0.554424871921 0.924874102204
470327784 0.545933047933 0.925864773384 0.554424871921 0.99723437629 0.523615692329 0.999669776273 0.520878658151 0.927804837778
470327788 0.512386834164 0.928135061504 0.515264229069 1.0 0.484384869114 0.999958722034 0.487262264019 0.928135061504
470327792 0.478770440031 0.927804837778 0.47596322549 0.999628498308 0.445224226261 0.997193098324 0.453716050249 0.925823495418
470327796 0.445224226261 0.924832824238 0.436802582637 0.996202427144 0.406344304863 0.991372905143 0.420450557934 0.92087013952
470327845 0.438767632816 0.597952612895 0.423678854656 0.624040287295 0.399887711418 0.60571287047
470327846 0.399887711418 0.60571287047 0.421292722296 0.584454718071 0.438767632816 0.597952612895
470327849 0.415467752123 0.578717080822 0.394132921609 0.600016511186 0.37588602709 0.576116568975
470327850 0.37588602709 0.576116568975 0.402063302688 0.561173945348 0.415467752123 0.578717080822
470327877 0.416941539757 0.633245273673 0.401361499053 0.660282341286 0.370762860552 0.636753900768
470327878 0.370692680188 0.636712622802 0.392869675065 0.614711467019 0.416871359394 0.633203995707
470327881 0.385290195803 0.607198877239 0.363253561653 0.629282588954 0.339743139869 0.598613060348
470327882 0.339743139869 0.598530504417 0.366832760194 0.583051267234 0.38522001544 0.607116321308
470327908 0.397361218331 0.660075951457 0.377008912906 0.693304713944 0.35405993403 0.676587137786 0.379395045266 0.647032114257
470327912 0.373499894729 0.642037480393 0.348234963857 0.671675059853 0.328163379886 0.651572690498 0.357849673661 0.626351853381
470327916 0.35286686785 0.6205316602 0.323250754439 0.645835053249 0.306547827918 0.62280194832 0.339883500597 0.602575745067
470327940 0.367885465647 0.703665483365 0.346410274405 0.737967472963 0.325987788617 0.723478906959 0.351322899853 0.691901263106
470327944 0.34591901186 0.68760835466 0.320724261352 0.719268554446 0.302126465015 0.702592256254 0.330760053337 0.674069181871
470327948 0.32584742789 0.669157103938 0.297213839568 0.697762734252 0.28058109341 0.679105093701 0.312302617728 0.653966812515
470327952 0.308021615552 0.648600676959 0.276370271598 0.673821514076 0.26191311671 0.65343019896 0.296301494842 0.632006934698
470327973 0.323812197347 0.731982167919 0.293353919573 0.773920581194 0.261351673802 0.746512011888
470327974 0.261492034529 0.74659456782 0.298196364657 0.710063568067 0.323952558074 0.73206472385
470327977 0.28970454067 0.701601585074 0.253000210541 0.738215140758 0.225700049126 0.706142161314
470327978 0.22577022949 0.706265995212 0.267808267247 0.675885412367 0.289774721033 0.701684141006
470328004 0.308933960278 0.794477008173 0.274545582146 0.849252868819 0.244578566917 0.82799471642 0.285002456313 0.777470486254
470328008 0.277142255597 0.771237513415 0.236858726928 0.821844299513 0.20948838515 0.797325187815 0.255316162538 0.751671757616
470328012 0.248157765457 0.744571947494 0.202400168433 0.790307933625 0.177977401923 0.762899364319 0.228647624395 0.722653347643
470328016 0.22240157204 0.714810534137 0.171801529932 0.755139106745 0.150536879781 0.725171303558 0.205417924065 0.69086931396
470328036 0.258404098533 0.853628333196 0.218471471682 0.913398827706 0.193487262264 0.89527780071 0.238121973472 0.838892099397
470328040 0.231384658573 0.833608519772 0.186890308092 0.890076777016 0.163450066671 0.870015685627 0.212295599691 0.817303723273
470328044 0.205979366973 0.811483530092 0.157204014317 0.864278048378 0.135377921258 0.842442004458 0.188293915362 0.793734004788
470328048 0.182468945189 0.787459753983 0.129693311811 0.836250309585 0.109621727841 0.812763147032 0.166187100849 0.768389333774
470328052 0.160853393221 0.761661025345 0.104428380939 0.806158672501 0.0863218471472 0.781185503178 0.146185697242 0.74135226616
470328101 0.387395606709 0.52588128457 0.358270755843 0.533641542145 0.354481016212 0.503797572856
470328102 0.354481016212 0.503797572856 0.384588392168 0.503962684719 0.387395606709 0.52588128457
470328105 0.384518211804 0.495872203418 0.354410835848 0.495789647486 0.35841111657 0.465986956163
470328106 0.35841111657 0.465986956163 0.387535967436 0.473953603566 0.384518211804 0.495830925452
470328133 0.347041897677 0.535416494675 0.316864341357 0.543506975976 0.311881535546 0.505201023694
470328134 0.311881535546 0.505118467762 0.343111797319 0.505283579625 0.346971717313 0.535375216709
470328137 0.343111797319 0.494633864443 0.311881535546 0.494633864443 0.317074882448 0.456369190126
470328138 0.317074882448 0.456286634195 0.347182258404 0.464500949393 0.343111797319 0.494551308512
470328164 0.314127307179 0.540534962437 0.276229910871 0.549616114918 0.271878728332 0.521505820193 0.310688469366 0.518657640551
470328168 0.310056846094 0.510979938909 0.271176924696 0.513993230414 0.27124710506 0.485593989928 0.310127026458 0.488813671262
470328172 0.310618289003 0.481135969619 0.271808547968 0.478040122183 0.276300091234 0.449971105424 0.314197487543 0.459217369768
470328196 0.262685100709 0.550565508132 0.223243736403 0.559522826715 0.219103094954 0.534879881119 0.259316443259 0.530504416742
470328200 0.25854445926 0.523652274416 0.218260930592 0.528192850656 0.216927503684 0.503219681334 0.257421573444 0.503343515232
470328204 0.25735139308 0.496408816973 0.216927503684 0.496367539008 0.218331110955 0.471435647651 0.25854445926 0.476100057789
470328208 0.259316443259 0.469206637497 0.219103094954 0.464624783291 0.223313916766 0.439981837695 0.262755281072 0.449145546107
470328229 0.211313074602 0.539461735326 0.160081409222 0.547510938661 0.156853112499 0.50553124742
470328230 0.156923292863 0.505655081318 0.208716401151 0.505820193181 0.211313074602 0.539585569223
470328233 0.208716401151 0.493849583093 0.156853112499 0.493808305127 0.160291950312 0.45178733592
470328234 0.160291950312 0.451952447783 0.211453435329 0.460208040948 0.208716401151 0.493932139024
470328260 0.156782932136 0.57310327747 0.0936907853183 0.587509287542 0.0875850936908 0.551267233551 0.151870306688 0.544208701395
470328264 0.150747420872 0.534136877735 0.0864622078742 0.541360521753 0.0844269773317 0.504664410138 0.14913327251 0.504870799967
470328268 0.149063092147 0.494840254272 0.0843567969682 0.494840254272 0.0864622078742 0.458144142657 0.150747420872 0.465574176505
470328272 0.151870306688 0.455502352844 0.0875850936908 0.448237430859 0.0937609656818 0.412036654834 0.156853112499 0.426607776769
470328292 0.0790932697031 0.579212416412 0.00856200435118 0.593246924792 0.00371955926732 0.562742508049 0.0751631693452 0.554445636919
470328296 0.0741104638922 0.54594237596 0.00273703417784 0.554363080987 0.000350901817671 0.52361099645 0.0722155940768 0.520927928672
470328300 0.0717945118956 0.512383389747 0.0 0.515190291422 0.0 0.484314372988 0.0718646922591 0.487286386527
470328304 0.0721454137132 0.478741847602 0.000350901817671 0.47589366796 0.00280721454137 0.445100305457 0.0741806442557 0.453727400314
470328308 0.0751631693452 0.44526541732 0.00371955926732 0.436803434327 0.00863218471472 0.406299017584 0.0790932697031 0.420498637827
470328357 0.402133483051 0.438660942789 0.376026387817 0.423553207298 0.394483823426 0.399735821019
470328358 0.394483823426 0.399735821019 0.415678293214 0.421200363246 0.402133483051 0.438660942789
470328361 0.421292722296 0.415421448031 0.400028072145 0.394080739701 0.423959576111 0.375835878808
470328362 0.423959576111 0.375835878808 0.438907993543 0.402047387105 0.421292722296 0.415421448031
470328389 0.366832760194 0.416866176835 0.339813320233 0.401263105754 0.363393922381 0.37067613308
470328390 0.363464102744 0.370593577149 0.38543055653 0.392801122761 0.366832760194 0.416783620903
470328393 0.392869675065 0.385164699084 0.370762860552 0.363122265335 0.401431679416 0.339676380748
470328394 0.40150185978 0.339635102782 0.417011720121 0.366713448361 0.392869675065 0.385123421118
470328420 0.339883500597 0.397176587138 0.306688188645 0.376785272022 0.32346129553 0.353834723025 0.353007228577 0.379261949971
470328424 0.357919854025 0.37344175679 0.328303740613 0.348138363741 0.348445504948 0.328077272352 0.373640255457 0.357797407744
470328428 0.37946522563 0.352720217948 0.354200294758 0.323082638488 0.377219453997 0.306447618261 0.397431398695 0.339717658714
470328452 0.296371675205 0.367786675473 0.262123657801 0.346239577314 0.276580812689 0.325889540163 0.308161976279 0.351234211178
470328456 0.312442978455 0.34578551969 0.280861814864 0.320523404607 0.297564741385 0.301907042021 0.32605796898 0.330636506233
470328460 0.330900414064 0.325765706266 0.302266825742 0.297118797986 0.320934802442 0.280525055725 0.346059372588 0.312226533476
470328464 0.35146326058 0.307892347065 0.326198329707 0.276273425246 0.346620815496 0.261826137208 0.368025826374 0.296169404772
470328485 0.267948627974 0.323701807975 0.22598077058 0.293197391233 0.253421292722 0.261206967721
470328486 0.253351112359 0.261289523652 0.28991508176 0.2980681912 0.26787844761 0.323784363907
470328489 0.298406905748 0.289606208206 0.261772755983 0.252951374556 0.293845182118 0.225625361182
470328490 0.293704821391 0.225707917114 0.324092918801 0.26772888632 0.298266545021 0.289688764138
470328516 0.205558284792 0.308883018245 0.150817601235 0.274457194749 0.172082251386 0.244530669529 0.222541932767 0.284983076034
470328520 0.228858165485 0.277098984562 0.178258123377 0.236770411954 0.202751070251 0.209403120614 0.248368306548 0.255262940642
470328524 0.255456523265 0.248163130521 0.20969892624 0.20242714439 0.237139448382 0.177990588624 0.277352796687 0.228679930653
470328528 0.285283177767 0.222323123916 0.244929468735 0.171716337819 0.274896483964 0.150499463386 0.309214681732 0.205357879964
470328548 0.146326057969 0.258358788079 0.0865323882378 0.218401717163 0.104709102393 0.193428547841 0.161063934311 0.238050028895
470328552 0.16639764194 0.231321720466 0.109902449295 0.18682407331 0.129974033265 0.163378188723 0.18267948628 0.212292578222
470328556 0.188504456453 0.206018327417 0.135658642712 0.15718649385 0.157554916134 0.135391727896 0.206260088427 0.188268802113
470328560 0.212506140782 0.182448608933 0.163730788125 0.129654090646 0.187171029546 0.109634277223 0.231595199663 0.166185090399
470328564 0.238332514562 0.160860232808 0.193838164082 0.104391975563 0.2188223735 0.0862709485677 0.258614639624 0.146123999009
470328613 0.474068355674 0.387434987204 0.466208154958 0.358292743334 0.49603480946 0.354412614546
470328614 0.49603480946 0.354412614546 0.495964629097 0.384545529596 0.474068355674 0.387434987204
470328617 0.504105551267 0.384545529596 0.504035370903 0.354371336581 0.533862025405 0.358334021299
470328618 0.533862025405 0.358334021299 0.526001824689 0.387434987204 0.504105551267 0.384545529596
470328645 0.464523826233 0.347023858664 0.456453084427 0.316890943614 0.494701382553 0.311855031784
470328646 0.49484174328 0.311855031784 0.494701382553 0.343061173945 0.46466418696 0.347023858664
470328649 0.505298617447 0.343061173945 0.505228437083 0.311855031784 0.543546915573 0.316890943614
470328650 0.543617095937 0.316890943614 0.535476173767 0.347023858664 0.505438978174 0.343061173945
470328676 0.459400659695 0.314084041938 0.450277212436 0.276190869314 0.47834935785 0.271774126971 0.481296933118 0.310616692809
470328680 0.488946592743 0.309997523322 0.485858656748 0.27119623545 0.514281703979 0.27119623545 0.51112358762 0.310038801288
470328684 0.518843427609 0.310616692809 0.521791002877 0.271815404937 0.549863148291 0.27623214728 0.540739701032 0.314084041938
470328708 0.44936486771 0.262486584661 0.440311600814 0.223066127301 0.464944908415 0.218897052753 0.469436451681 0.259101791464
470328712 0.476314127307 0.258317510113 0.471752403677 0.218112771403 0.496736613096 0.216709320565 0.496666432732 0.257203005036
470328716 0.503544108358 0.257203005036 0.503544108358 0.216709320565 0.528458137413 0.218154049368 0.523896413783 0.258358788079
470328720 0.530633728683 0.259101791464 0.535125271949 0.218897052753 0.559758579549 0.223066127301 0.550705312654 0.262527862627
470328741 0.460453365148 0.211260629076 0.452312442978 0.160034673491 0.494280300372 0.156773714191
470328742 0.494210120008 0.156773714191 0.494069759281 0.208618839264 0.460313004421 0.211260629076
470328745 0.506140781809 0.208618839264 0.506070601446 0.156773714191 0.548108639203 0.160117229423
470328746 0.547968278476 0.160075951457 0.539757175942 0.211260629076 0.506000421082 0.208618839264
470328772 0.426907151379 0.156567324362 0.412449996491 0.0934945925865 0.448663064075 0.0873854536448 0.455751280792 0.151696524395
470328776 0.465787072777 0.150540741352 0.458488314969 0.0862709485677 0.495192645098 0.0842070502766 0.495052284371 0.148930900685
470328780 0.505088076356 0.148930900685 0.505088076356 0.0842483282424 0.541722226121 0.0863122265335 0.534423468314 0.150582019318
470328784 0.544389079935 0.151696524395 0.551547477016 0.0874267316107 0.587830724963 0.0935771485181 0.573303389712 0.156649880294
470328804 0.420731279388 0.0790473045488 0.406695206681 0.00854453892512 0.437153484455 0.00371501692397 0.445504947716 0.0751258977958
470328808 0.453996771703 0.074135226616 0.445504947716 0.00272434574424 0.476314127307 0.000330223726574 0.479051161485 0.0721538842566
470328812 0.487542985473 0.07182366053 0.484665590568 0.0 0.515544950523 0.0 0.512667555618 0.07182366053
470328816 0.521229559969 0.0721951622224 0.523966594147 0.000330223726574 0.554775773739 0.00276562371006 0.546213769387 0.074135226616
470328820 0.554705593375 0.0751671757616 0.563127236999 0.00375629488979 0.593585514773 0.00858581689094 0.579479261703 0.0790885825147
470328869 0.561232367184 0.402088665071 0.57625096498 0.375959712705 0.600112288582 0.394204573599
470328870 0.600112288582 0.394245851564 0.578777458067 0.415545281929 0.561232367184 0.402088665071
470328873 0.584462067514 0.421324197144 0.605726717664 0.399900932882 0.62411397291 0.423718319161
470328874 0.62411397291 0.423718319161 0.598006877676 0.438784776686 0.584532247877 0.421324197144
470328901 0.583058460243 0.366796004293 0.598568320584 0.339717658714 0.629237139448 0.363163543301
470328902 0.629307319812 0.363246099232 0.607200505299 0.385288532981 0.583128640606 0.366837282259
470328905 0.614709804197 0.392842400726 0.636676257983 0.37067613308 0.660256860131 0.401263105754
470328906 0.660327040494 0.401345661686 0.63323742017 0.416948732766 0.61477998456 0.392883678692
470328932 0.602708962032 0.339882770577 0.622991087094 0.306612730125 0.646010246333 0.323289028317 0.620675135097 0.352885329811
470328936 0.626500105271 0.357921241641 0.651694855779 0.328242384215 0.671836620114 0.348303475605 0.642220506702 0.373565590688
470328940 0.64713313215 0.3794683398 0.676679065198 0.35408239082 0.693452172082 0.377074217783 0.660186679767 0.397382976967
470328964 0.632184714717 0.296293238669 0.653659905958 0.261991249071 0.674012211383 0.276438537109 0.648747280511 0.308057458928
470328968 0.654151168503 0.31239164534 0.679345919012 0.280690167589 0.697943715348 0.297325187815 0.669310127026 0.325930818129
470328972 0.674222752474 0.330801618096 0.702786160432 0.302154709816 0.71941890659 0.320771072402 0.687767562636 0.345991909519
470328976 0.692048564812 0.351399323041 0.723629728402 0.326095929993 0.73808688329 0.346445967143 0.703838865885 0.367951787336
470328997 0.676187802653 0.267976554115 0.706575900063 0.225996862875 0.738648326198 0.253364154214
470328998 0.738507965471 0.253281598283 0.701873815706 0.289895153967 0.676117622289 0.26793527615
470329001 0.71029545933 0.298398414926 0.746929609095 0.26170230331 0.774299950874 0.293734004788
470329002 0.774159590147 0.293610170891 0.732261913117 0.324073309667 0.710225278967 0.298315858994
470329028 0.691136220086 0.205522991827 0.725454417854 0.15066457525 0.755421433083 0.171922727648 0.715067724051 0.22248823578
470329032 0.722927924767 0.228762486585 0.763141273072 0.178114422521 0.790581795214 0.202592256254 0.744754017826 0.248286964418
470329036 0.751842234543 0.255428052506 0.797529651204 0.209609510443 0.822022598077 0.236976801783 0.771422555969 0.277264096425
470329040 0.777668608323 0.285189465863 0.828198470068 0.244737059358 0.849463120219 0.274704862544 0.794652256299 0.309089408074
470329060 0.74166608183 0.146330388838 0.781528528318 0.0865186163626 0.806512737736 0.104639643358 0.761948206892 0.161066622637
470329064 0.768685521791 0.166391480228 0.813109691908 0.109881945018 0.836549933329 0.129901758441 0.787704400309 0.182654998762
470329068 0.794020633027 0.188475191943 0.84272580532 0.135639395691 0.864551898379 0.157434161645 0.811776265001 0.206224717246
470329072 0.817531054811 0.212498968051 0.870306688189 0.163625856518 0.890308091796 0.18711301907 0.833812899151 0.231569388261
470329076 0.839146606779 0.23829769669 0.895501438697 0.193717493602 0.913678152853 0.218690662924 0.853884483122 0.258606455874
470329125 0.612464032564 0.47411871543 0.64158888343 0.466152068026 0.645589164152 0.495954759349
470329126 0.645589164152 0.495996037315 0.615411607832 0.495996037315 0.612464032564 0.47411871543
470329129 0.615411607832 0.504127796582 0.645518983788 0.503962684719 0.641659063794 0.533806654008
470329130 0.641659063794 0.533806654008 0.612534212927 0.526005118468 0.615411607832 0.504127796582
470329157 0.652817741596 0.464583505325 0.682925117552 0.456369190126 0.688118464454 0.494633864443
470329158 0.688118464454 0.494716420375 0.656888202681 0.494716420375 0.652887921959 0.464666061257
470329161 0.656818022317 0.505366135557 0.687978103727 0.505201023694 0.683065478279 0.543506975976
470329162 0.683065478279 0.543589531908 0.652887921959 0.535499050607 0.656818022317 0.505448691488
470329188 0.685802512457 0.459382481631 0.723629728402 0.450177495253 0.728121271668 0.478246512012 0.689311530634 0.481259803517
470329192 0.689872973542 0.488978783126 0.728682714576 0.485800379757 0.72875289494 0.514199620243 0.689872973542 0.511145050772
470329196 0.68924135027 0.518822752415 0.728121271668 0.521712210022 0.723699908766 0.549822504747 0.685802512457 0.5407000743
470329220 0.737455260018 0.449393213902 0.776896624325 0.440270783456 0.781107446137 0.464913729051 0.740894097831 0.469454305292
470329224 0.74166608183 0.476265169652 0.781809249772 0.47164203748 0.783283037406 0.496573928837 0.742788967647 0.496573928837
470329228 0.742788967647 0.503508627095 0.783212857043 0.503426071163 0.781879430135 0.52835796252 0.74166608183 0.523817386279
470329232 0.740823917468 0.530669528606 0.781107446137 0.535086270949 0.776896624325 0.559729216544 0.737455260018 0.550730619995
470329253 0.788546564671 0.460496986708 0.839778230051 0.45228267151 0.843076707137 0.494262362751
470329254 0.843076707137 0.494138528853 0.791213418486 0.494138528853 0.788546564671 0.460373152811
470329257 0.791213418486 0.506067860976 0.843076707137 0.505944027078 0.839778230051 0.547964996285
470329258 0.839778230051 0.547799884422 0.788616745035 0.539709403121 0.791213418486 0.505944027078
470329284 0.843287248228 0.426772888632 0.906309214682 0.412243044663 0.912485086673 0.448443820689 0.848199873675 0.455667464707
470329288 0.849322759492 0.465739288368 0.913607972489 0.458350532486 0.915713383395 0.495046644101 0.851007088217 0.495005366136
470329292 0.850936907853 0.50503591183 0.915643203032 0.504912077933 0.913678152853 0.541566911583 0.849322759492 0.534301989598
470329296 0.848199873675 0.544332535293 0.912485086673 0.551432345414 0.906379395045 0.58763312144 0.843287248228 0.573227111368
470329316 0.920906730297 0.42066374969 0.991437995649 0.406546685379 0.996280440733 0.437009824156 0.924907011018 0.445430529184
470329320 0.925819355744 0.453892512177 0.997262965822 0.445306695286 0.999649098182 0.476058779823 0.927854586287 0.478906959465
470329324 0.928135307741 0.487492776356 1.0 0.484562040783 1.0 0.515396681252 0.928205488104 0.512589779576
470329328 0.927784405923 0.521134318501 0.999649098182 0.523858664245 0.997262965822 0.554610748782 0.925889536108 0.546148765789
470329332 0.924836830655 0.554610748782 0.996280440733 0.562907619912 0.991437995649 0.593412036655 0.920906730297 0.579377528275
470329381 0.597866516949 0.561173945348 0.624043792547 0.576116568975 0.605796898028 0.600016511186
470329382 0.605796898028 0.600016511186 0.584462067514 0.578717080822 0.597866516949 0.561173945348
470329385 0.578707277704 0.584454718071 0.600112288582 0.605671592504 0.57625096498 0.624040287295
470329386 0.57625096498 0.624040287295 0.561232367184 0.597911334929 0.578707277704 0.584454718071
470329413 0.63323742017 0.582968711302 0.660397220858 0.598447948485 0.636956979437 0.629158755057
470329414 0.636886799074 0.629200033022 0.614850164924 0.607157599274 0.63323742017 0.583051267234
470329417 0.607270685662 0.614628911087 0.629377500175 0.636588788904 0.598849042038 0.660158507389
470329418 0.598778861675 0.660199785355 0.583128640606 0.633203995707 0.607200505299 0.614670189053
470329444 0.660186679767 0.602658300999 0.693452172082 0.622884504252 0.676819425925 0.64591760918 0.647203312513 0.620614216131
470329448 0.642080145975 0.626475687278 0.671836620114 0.651655246429 0.651765036143 0.671798893751 0.626429924907 0.64216131429
470329452 0.620604954734 0.647114670189 0.646010246333 0.676628415752 0.622991087094 0.693387269875 0.602708962032 0.660158507389
470329476 0.703768685522 0.63208949063 0.73808688329 0.653554032857 0.723699908766 0.673945347973 0.692048564812 0.648724510856
470329480 0.687697382272 0.654090646413 0.71941890659 0.679228927598 0.702786160432 0.69788656815 0.67415257211 0.669280937835
470329484 0.669239946663 0.674110459837 0.697943715348 0.702674812185 0.679275738648 0.719351110377 0.65408098814 0.687690910592
470329488 0.648677100147 0.691942541072 0.674012211383 0.723520184925 0.653589725595 0.738008750929 0.632114534353 0.703748039297
470329509 0.731981191663 0.675967968299 0.773949049056 0.706348551143 0.746648887641 0.738380252621
470329510 0.746719068005 0.73829769669 0.71008491824 0.70164286304 0.732051372026 0.675885412367
470329513 0.701522913889 0.710022290102 0.738227244017 0.74659456782 0.706224998245 0.77396185916
470329514 0.706365358973 0.773920581194 0.675907081199 0.731940889953 0.701593094252 0.70993973417
470329540 0.794511895572 0.690910591926 0.849392939855 0.725212581524 0.828198470068 0.755180384711 0.77759842796 0.714851812103
470329544 0.771282195242 0.722694625609 0.821952417714 0.762899364319 0.797529651204 0.790307933625 0.751772054179 0.744571947494
470329548 0.744613657099 0.751671757616 0.79051161485 0.797283909849 0.763141273072 0.821803021547 0.72278756404 0.77119623545
470329552 0.71485718296 0.777470486254 0.755281072356 0.82799471642 0.725314057127 0.849252868819 0.690925678995 0.794477008173
470329572 0.853744122395 0.741476100058 0.913607972489 0.781309337076 0.895501438697 0.806282506398 0.839006246052 0.761784859242
470329576 0.833672538424 0.768471889705 0.890237911432 0.81288698093 0.870236507825 0.836374143482 0.817390694084 0.787542309915
470329580 0.81156572391 0.793857838686 0.864411537652 0.842565838355 0.842585444593 0.864401882275 0.793810091936 0.811607363989
470329584 0.787564039582 0.817345001238 0.836409572602 0.870056963593 0.812969331181 0.890118054982 0.7684749807 0.833649797738
470329588 0.761737665801 0.838933377363 0.806302196645 0.895319078676 0.781388167591 0.913481383637 0.74145554074 0.853710889127
