# Xscale/Yscale
# 142.51/242.2554
470126917 0.453933057329 0.650071783746 0.445933618693 0.680225910341 0.410216826889 0.665410967103
470126918 0.410357167918 0.665452245853 0.426005192618 0.638468327228 0.454003227844 0.65009242312
470126948 0.423408883587 0.674129039022 0.408602905059 0.710132364439 0.383271349379 0.697216243683 0.403690969055 0.664052896241
470126952 0.451617430356 0.683961637181 0.442565434005 0.72184727358 0.41554978598 0.713046644161 0.430566276051 0.67709698112
470126980 0.391270788015 0.717108473124 0.373728159427 0.753582376286 0.351905129465 0.741479446898 0.37344747737 0.70725523559
470126984 0.416251491123 0.727919377649 0.402919093397 0.766126988294 0.379832994176 0.756546190508 0.397445793278 0.720117693971
470126988 0.442284751947 0.735861409075 0.43330292611 0.775323893709 0.409304610203 0.768384935898 0.422777348958 0.730210348252
470127013 0.362220195074 0.756682410382 0.338783243281 0.802889842703 0.302855939934 0.780863501907
470127014 0.302715598905 0.780789200158 0.333309943162 0.738916036547 0.36215002456 0.756628748007
470127017 0.404111992141 0.775072093336 0.388113114869 0.824383687629 0.349238649919 0.808243696529
470127018 0.349098308891 0.808185906279 0.372745772227 0.762052775707 0.403971651112 0.775034942462
470127021 0.448319416181 0.786692061353 0.440249807031 0.837894222379 0.399270226651 0.82803685697
470127022 0.399129885622 0.82799557822 0.415269103923 0.778733518427 0.448179075153 0.786671421979
470127044 0.342782962599 0.813874117976 0.314714756859 0.872176223936 0.282576661287 0.854376827101 0.317100554347 0.799670100233
470127048 0.378920777489 0.829506380456 0.357588941127 0.89058241839 0.323626412182 0.876489853271 0.35183495895 0.818262049061
470127052 0.416532173181 0.840994256475 0.402147217739 0.90407644164 0.366921619535 0.893868206859 0.388393796927 0.83285408705
470127076 0.286506210091 0.871334137443 0.251420952916 0.934057197487 0.225107010034 0.917904822761 0.265174373728 0.85821162294
470127080 0.316328678689 0.886941632674 0.286225528033 0.952223975193 0.258718686408 0.938185072448 0.293944284612 0.875532186279
470127084 0.347273875518 0.900159088301 0.322363342923 0.9676044373 0.293874114097 0.955761564035 0.324047435268 0.890537011765
470127088 0.379131289032 0.910912202576 0.359623886043 0.98009951481 0.33022244053 0.970531100648 0.355273314153 0.903139414023
470127092 0.411690407691 0.919130801625 0.397656304821 0.989634905971 0.367693495193 0.982398741163 0.387341239211 0.91325270768
470127173 0.361307978387 0.57353685408 0.334292330363 0.58918562806 0.319556522349 0.553508404766
470127174 0.319556522349 0.55359509014 0.34972984352 0.54558288484 0.361378148902 0.573607027955
470127204 0.322714195495 0.568975552248 0.286786892148 0.583943226859 0.278015577854 0.55691390161 0.315907655603 0.547894494818
470127208 0.33569574065 0.595860401873 0.302505087362 0.616264487809 0.289663883236 0.590939974919 0.325661357098 0.576108520182
470127236 0.269595116132 0.576624504552 0.231422356326 0.590027714552 0.224475475405 0.566011738025 0.263981474984 0.557074888733
470127240 0.279629499684 0.601940761692 0.243211002737 0.619537892654 0.233597642271 0.596446560118 0.271840572591 0.583146546991
470127244 0.292400533296 0.625977377594 0.258157322293 0.647537268519 0.246087993825 0.625663659097 0.282576661287 0.608165597134
470127269 0.221107290716 0.584091830358 0.171847589643 0.600165775458 0.162023717634 0.559204872213
470127270 0.161953547119 0.559072780215 0.213178022595 0.551056447039 0.221037120202 0.583984505609
470127273 0.237667532103 0.626687372087 0.191565504175 0.650269921744 0.175426285875 0.611352316605
470127274 0.17535611536 0.611224352481 0.224685986948 0.595299010879 0.237667532103 0.626584175213
470127277 0.260753631324 0.666162240346 0.218861834257 0.696675492063 0.196828292751 0.660754724146
470127278 0.196758122237 0.660639143648 0.243000491194 0.637192813865 0.26068346081 0.666071427097
470127300 0.166865483124 0.61074964686 0.10581713564 0.632156806412 0.0957125815732 0.596846963989 0.158795873974 0.582572772372
470127304 0.181390779594 0.647351514146 0.12307908217 0.675462342635 0.1090449793 0.6415064432 0.170163497298 0.620260270772
470127308 0.199845624868 0.682104093448 0.145112623676 0.716555337879 0.127359483545 0.684390936177 0.185741351484 0.656436966937
470127332 0.086450073679 0.611612372727 0.0173321170444 0.631137221296 0.0101045540664 0.601119314575 0.080625920988 0.587216631704
470127336 0.0964844572311 0.643714856305 0.0290505929408 0.668605942324 0.0195775735036 0.639248495596 0.0887657006526 0.619851611151
470127340 0.1090449793 0.674929846765 0.0437864009543 0.705034438861 0.0319977545435 0.676510822875 0.0994316188338 0.65174770098
470127344 0.123991298856 0.70506746186 0.0612588590274 0.74019980566 0.0472247561575 0.712691646915 0.112623675532 0.682706763193
470127348 0.141183074872 0.733937819343 0.0814679671602 0.773883265347 0.0653287488597 0.747555678841 0.128131359203 0.712543043416
470127429 0.349940355063 0.45393580494 0.319767033892 0.445902960264 0.33457301242 0.410238120595
470127430 0.334502841906 0.410320678094 0.361518489931 0.425985963574 0.349940355063 0.454005978814
470127460 0.325871868641 0.423426681098 0.289874394779 0.408570459111 0.30278576942 0.38325420197 0.335906252193 0.403678927281
470127464 0.316047996632 0.451607683461 0.278155918883 0.44257176517 0.286927233177 0.415546567796 0.322924707038 0.430526626032
470127492 0.282857343344 0.391258151521 0.246438846397 0.373722938684 0.258508174865 0.351861712886 0.292751385868 0.373458754686
470127496 0.272051084134 0.416248306539 0.233878324328 0.402915270413 0.24342151428 0.379832193627 0.279910181742 0.397462347589
470127500 0.264121816013 0.442295197548 0.224685986948 0.433321197381 0.231632867869 0.409313476604 0.269805627675 0.422749709604
470127525 0.243351343765 0.362243318415 0.197108974809 0.338755709883 0.219142516315 0.302847325591
470127526 0.219212686829 0.302740000842 0.261104483896 0.333290403434 0.243351343765 0.362144249416
470127529 0.224966669006 0.404095842652 0.175636797418 0.388125094425 0.191776015718 0.349215745036
470127530 0.191776015718 0.349096036662 0.23794821416 0.372715737193 0.224966669006 0.403988517903
470127533 0.213318363624 0.448305383492 0.162093888148 0.440251899442 0.171987930672 0.399295124072
470127534 0.171987930672 0.399167159948 0.221247631745 0.415278255923 0.213318363624 0.448193930868
470127556 0.186092204056 0.342747364971 0.127850677145 0.314706710356 0.145603817276 0.282567075904 0.200336818469 0.317100877834
470127560 0.17051434987 0.378882782386 0.109395831871 0.357545796709 0.123500105256 0.323614664523 0.181741632166 0.351803922637
470127564 0.159006385517 0.416533129912 0.0959230931163 0.402176380795 0.106097817697 0.366878921997 0.167146165181 0.388368639048
470127588 0.128692723318 0.286509196493 0.0659602834889 0.251389236318 0.0820995017893 0.225086417062 0.141814609501 0.265135059941
470127592 0.113044698618 0.316300070091 0.0477861202723 0.286211989495 0.0618202231422 0.258724470125 0.124482492457 0.293960010799
470127596 0.0998526419199 0.347226109304 0.0324187776296 0.322351534785 0.0442074240404 0.293848558175 0.109466002386 0.324060475019
470127600 0.0891165532243 0.379093304009 0.0199284260754 0.359589094815 0.0294716160269 0.330244031712 0.0968353098028 0.355246570355
470127604 0.0809066030454 0.411703516206 0.0103852361238 0.397689380711 0.0176127991018 0.36768798549 0.0867307557364 0.387320158808
470127685 0.426426215704 0.361298035049 0.410778191004 0.3342852213 0.446494982808 0.319556963436
470127686 0.446424812294 0.319585858561 0.45442425093 0.349752368781 0.42635604519 0.361335185924
470127716 0.430987299137 0.322718915657 0.41604097958 0.286744485365 0.443126798119 0.277989262572 0.452108623956 0.31589141047
470127720 0.404111992141 0.335696954536 0.383762542979 0.302504711969 0.40909409866 0.289621614214 0.423900077188 0.32564970688
470127748 0.423338713073 0.2695766534 0.410006315346 0.231377298504 0.434004631254 0.224487875193 0.442916286576 0.263966871327
470127752 0.398007157392 0.279611517432 0.380464528805 0.243149997895 0.403550628026 0.233610478858 0.416812855238 0.271842856754
470127756 0.374008841485 0.292412057688 0.352466493579 0.258150695506 0.374359694057 0.246084916993 0.39183215213 0.282587715279
470127781 0.415900638552 0.221082378349 0.399831590766 0.171791836219 0.440811171146 0.161990197123
470127782 0.440951512175 0.161966668235 0.44895095081 0.213181625673 0.415970809066 0.22104935535
470127785 0.373307136341 0.237672307821 0.34972984352 0.191502439161 0.388674478984 0.175408680261
470127786 0.388814820013 0.175365337573 0.404673356256 0.224698396816 0.373377306856 0.237622773321
470127789 0.333801136762 0.260726489482 0.303347133534 0.218812047121 0.339274436882 0.196823682774
470127790 0.339344607396 0.196760939075 0.362781559189 0.242997266521 0.333941477791 0.260660443482
470127812 0.389235843099 0.16685242104 0.367833836222 0.105788766731 0.40312960494 0.0956585487878 0.417374219353 0.15876921629
470127816 0.352606834608 0.181351169055 0.324538628868 0.123066400171 0.358501157813 0.109044008926 0.379692653147 0.170161738397
470127820 0.317872430005 0.199854781359 0.283418707459 0.145083246854 0.315626973546 0.127344942569 0.343554838257 0.185700710903
470127844 0.388393796927 0.0864571027106 0.368886393937 0.0172648370274 0.398919374079 0.0100955437939 0.412742965406 0.0806306072022
470127848 0.356255701354 0.096491553955 0.331415339274 0.0290429026556 0.360746614273 0.0195392961313 0.380113676233 0.0887678871142
470127852 0.325029822469 0.109011811501 0.294996842327 0.0437232771695 0.323486071153 0.0319439731787 0.348256262718 0.0994384438902
470127856 0.294926671813 0.123943986388 0.259771244123 0.0612184496197 0.287348256263 0.0472365115494 0.31731106589 0.112580772193
470127860 0.2660164199 0.14119313749 0.226089397235 0.0814173801699 0.252473510631 0.0653190806067 0.287418426777 0.128109425012
470127941 0.546066942671 0.349880332905 0.554136551821 0.319738589934 0.589783173111 0.334598939797
470127942 0.589642832082 0.334557661047 0.573994807382 0.361520940297 0.545926601642 0.34985969353
470127972 0.576520945899 0.325839589128 0.591467265455 0.289848647337 0.616728650621 0.302797791092 0.596238860431 0.335936371284
470127976 0.548382569644 0.316006990969 0.557434565995 0.27812961032 0.58445021402 0.286959134863 0.569433723949 0.322892286405
470128004 0.608729211985 0.282851899277 0.626271840573 0.246394507615 0.648094870535 0.258522204252 0.626482352116 0.292725776185
470128008 0.583748508877 0.272049250502 0.597080906603 0.233849895606 0.620167005824 0.243451332767 0.602484036208 0.279863317804
470128012 0.557645077538 0.264107219075 0.56669707389 0.224652990191 0.590695389797 0.231608459502 0.577222651042 0.269770663523
470128037 0.637709634412 0.243282089894 0.661286927233 0.197095296947 0.697144060066 0.219150532867
470128038 0.69721423058 0.219224834617 0.666690056838 0.261073230979 0.63784997544 0.243331624393
470128041 0.595888007859 0.224896534814 0.611886885131 0.175596498571 0.650761350081 0.191762495284
470128042 0.650901691109 0.191820285533 0.627254227773 0.237936491818 0.595958178373 0.224933685689
470128045 0.551680583819 0.213284822547 0.559750192969 0.162088027759 0.600729773349 0.171966032543
470128046 0.600799943864 0.17200442178 0.584660725563 0.221259876973 0.551750754333 0.213305461922
470128068 0.657217037401 0.186085428849 0.685285243141 0.127802723902 0.717423338713 0.145624824049 0.682829275139 0.20030637088
470128072 0.621079222511 0.170458119819 0.642481229387 0.10939611666 0.676373587818 0.123507257217 0.64816504105 0.18171813714
470128076 0.583397656305 0.158973133313 0.597852782261 0.095900029473 0.633148550979 0.106122711816 0.611606203073 0.167130227025
470128100 0.713423619395 0.128633252344 0.748579047084 0.065933308401 0.774892989966 0.0820993051135 0.734825626272 0.14177186556
470128104 0.683671321311 0.113031123352 0.713774471967 0.047764466757 0.741281313592 0.0618169914891 0.705985544874 0.124452127796
470128108 0.652726124482 0.0998132549367 0.677636657077 0.0323831790746 0.706125885903 0.0442355464522 0.675882394218 0.109446063947
470128112 0.620868710968 0.0890638557489 0.640446284471 0.0198856248406 0.66977755947 0.0294647714767 0.644726685847 0.0968490279267
470128116 0.588239421795 0.0808464950626 0.602343695179 0.0103473441665 0.632306504807 0.0175942414493 0.612658760789 0.086736147058
470128197 0.638692021613 0.42639049532 0.665707669637 0.41080776734 0.680373307136 0.446526269383
470128198 0.680373307136 0.446439584009 0.650199985966 0.454377487561 0.638621851098 0.426324449321
470128228 0.677285804505 0.430964180778 0.713283278366 0.416074935791 0.721984422146 0.443124900415 0.684092344397 0.452061749707
470128232 0.66430425935 0.404083459027 0.697494912638 0.383745419091 0.710336116764 0.409094699231 0.674268472388 0.423855980094
470128260 0.730404883868 0.423319356349 0.768577643674 0.409978064472 0.77545435408 0.434006424625 0.736018525016 0.442877227917
470128264 0.720370500316 0.398003099209 0.756859167778 0.380467886371 0.766332187215 0.403575730407 0.728089256894 0.416813825409
470128268 0.70752929619 0.373970611181 0.741842677707 0.352460254756 0.753912006175 0.374354503553 0.717353168199 0.391794775266
470128293 0.778892709284 0.415856158418 0.828222580872 0.399852387191 0.837976282366 0.440825674061
470128294 0.837976282366 0.440953638185 0.786751806891 0.448899797486 0.778962879798 0.415963483167
470128297 0.762332467897 0.373260616688 0.808504666339 0.349739985156 0.824573714125 0.38867822967
470128298 0.824573714125 0.388802065919 0.775243842537 0.404665489397 0.762332467897 0.373359685687
470128301 0.739246368676 0.333785748429 0.781208336257 0.303326159087 0.803171707249 0.339275822128
470128302 0.803241877763 0.339391402627 0.756929338292 0.362775814285 0.73931653919 0.333876561678
470128324 0.833134516876 0.389190086165 0.89418286436 0.367853100488 0.904287418427 0.403175326536 0.841204126026 0.417375216404
470128328 0.818609220406 0.35258821888 0.87692091783 0.324547564265 0.890884850186 0.358515847325 0.829766332187 0.379695973753
470128332 0.800084204617 0.317839767452 0.854887376324 0.283446313271 0.872640516455 0.315631354348 0.814258648516 0.343523405464
470128356 0.913479755807 0.388339743923 0.98273805347 0.368880941354 0.989825275419 0.39890297595 0.919303908498 0.412739612822
470128360 0.903445372255 0.356237260346 0.970949407059 0.331408092451 0.980422426496 0.360777922804 0.911164128833 0.380108761249
470128364 0.8909550207 0.325022269885 0.95628376956 0.294975468039 0.968002245456 0.323511467649 0.900498210652 0.34821267142
470128368 0.876008701144 0.294888782665 0.938741140973 0.25981010124 0.952705073328 0.28733064361 0.887376324468 0.317257737082
470128372 0.858746754614 0.266018425183 0.91853203284 0.226122513678 0.93467125114 0.252462483808 0.871868640797 0.287425584734
470128453 0.650129815452 0.546024567461 0.680232966108 0.554123458136 0.665356817065 0.589755274805
470128454 0.66542698758 0.589672717306 0.638481510069 0.573949641577 0.650129815452 0.545954393586
470128484 0.674128131359 0.576537819178 0.710125605221 0.591451831414 0.697144060066 0.61674744918 0.664023577293 0.59626493362
470128488 0.683952003368 0.548348561064 0.721844081117 0.55745465323 0.713002596309 0.584463339104 0.677075292962 0.569413106994
470128516 0.717142656656 0.608702220879 0.753561153603 0.626282840341 0.741421654621 0.648131682514 0.707248614132 0.626485106214
470128520 0.727948915866 0.583707937986 0.766121675672 0.597094636487 0.756508315206 0.620165329648 0.720089818258 0.602485641187
470128524 0.735878183987 0.557656919103 0.775314013052 0.566688709519 0.768367132131 0.590688174546 0.730194372325 0.577194151297
470128549 0.756718826749 0.63772943761 0.802891025191 0.661266580642 0.780787313171 0.697150197684
470128550 0.780717142657 0.697257522433 0.738895516104 0.666661713217 0.756648656235 0.637828506609
470128553 0.775103501509 0.595872785498 0.824363202582 0.6118971961 0.808223984282 0.650790033989
470128554 0.808153813767 0.650909742363 0.76205178584 0.627232251582 0.775033330994 0.595975982372
470128557 0.786681636376 0.551654988908 0.837906111852 0.559774518958 0.828012069328 0.600718910703
470128558 0.827941898814 0.600846874827 0.778682197741 0.584673860727 0.786681636376 0.551766441532
470128580 0.813907795944 0.657208879554 0.872149322855 0.685299068669 0.85432601221 0.717426319496 0.799663181531 0.682842983067
470128584 0.82948565013 0.62107346214 0.890604168129 0.642464110191 0.87642972423 0.676382858752 0.818258367834 0.648135810389
470128588 0.840993614483 0.583414858864 0.904076906884 0.59783765398 0.893832011789 0.633122729153 0.832853834819 0.611571093978
470128612 0.871307276682 0.713455303783 0.934039716511 0.748620670582 0.917830327696 0.774911106213 0.858185390499 0.734821184585
470128616 0.886955301382 0.683660302309 0.952213879728 0.713802045279 0.938109606343 0.741277181025 0.875517507543 0.705992105852
470128620 0.90014735808 0.652734263096 0.96758122237 0.67766249999 0.955722405445 0.70615722085 0.890533997614 0.675891641631
470128624 0.910883446776 0.620862940516 0.980071573925 0.640429067835 0.970458213459 0.669761747313 0.903094519683 0.644705546295
470128628 0.919093396955 0.588248600444 0.989614763876 0.602324654063 0.982387200898 0.63232192141 0.913199073749 0.612627829968
470128709 0.573573784296 0.638682976726 0.589151638482 0.665708174101 0.553505017192 0.680411664714
470128710 0.553575187706 0.680386897464 0.54557574907 0.650212131494 0.57364395481 0.638649953727
470128740 0.569012700863 0.677266223993 0.583888849905 0.71324478216 0.556873201881 0.721991749204 0.547891376044 0.68408547343
470128744 0.595888007859 0.664288185114 0.616237457021 0.697492811306 0.59090590134 0.710355269686 0.576099922812 0.674318921271
470128772 0.576661286927 0.730396102626 0.589993684654 0.768599585396 0.565995368746 0.775484880832 0.557083713424 0.736001756824
470128776 0.601992842608 0.720365366469 0.619535471195 0.756835141755 0.596449371974 0.766362277167 0.583187144762 0.728125771397
470128780 0.625991158515 0.707560698337 0.647533506421 0.741834444144 0.625640305943 0.753891966908 0.60816784787 0.717376784996
470128805 0.584099361448 0.778906889176 0.600168409234 0.828201971968 0.559188828854 0.837997419253
470128806 0.559048487825 0.838018058627 0.55104904919 0.786799386102 0.584029190934 0.778939912175
470128809 0.626692863659 0.76231283183 0.65027015648 0.808495496901 0.611325521016 0.824573569877
470128810 0.611185179987 0.824614848627 0.595326643744 0.775274359209 0.626622693144 0.762362366329
470128813 0.666198863238 0.739262778043 0.696652866466 0.781193731904 0.660725563118 0.803162282451
470128814 0.66058522209 0.803224200575 0.637218440811 0.756971361629 0.666058522209 0.739328824043
470128836 0.610764156901 0.833122398923 0.632166163778 0.894190181106 0.596800224546 0.904315858387 0.582625780647 0.841200650223
470128840 0.647393165392 0.818625302057 0.675461371132 0.876919152267 0.641498842187 0.890929159887 0.620307346853 0.829807715329
470128844 0.682127569995 0.800120038604 0.716511122027 0.854905195096 0.684373026454 0.872630290181 0.656445161743 0.814262138223
470128868 0.611606203073 0.913525147427 0.631113606063 0.982716587535 0.601080625921 0.989886706344 0.587257034594 0.919349578998
470128872 0.643744298646 0.903490283395 0.668584660726 0.970943888144 0.639183215213 0.980442128431 0.619886323767 0.911209409574
470128876 0.674970177531 0.890970438636 0.705003157673 0.956265164781 0.676513928847 0.968037864171 0.651743737282 0.900534724923
470128880 0.705073328187 0.876035787025 0.740158585362 0.938775358568 0.712651743737 0.952748215313 0.68268893411 0.887395698919
470128884 0.7339835801 0.85878539756 0.77384043225 0.91857766638 0.747526489369 0.934663995106 0.712511402709 0.871862505438
470131013 0.494351273595 0.656891033182 0.494351273595 0.688097767893 0.456108343274 0.68300397019
470131014 0.456178513789 0.683024609565 0.464388463967 0.652907633844 0.494421444109 0.656891033182
470131017 0.535190512946 0.653006702843 0.543260122097 0.683148445814 0.504947021262 0.688122535143
470131018 0.505017191776 0.688118407268 0.505157532805 0.656911672557 0.535260683461 0.652990191344
470131044 0.481018875868 0.689278340132 0.477931373237 0.728113387772 0.449933338011 0.723638771313 0.459125675391 0.685790285789
470131048 0.510841344467 0.689922288626 0.513928847098 0.728753208391 0.485509788787 0.728720185391 0.488667461932 0.689897521376
470131052 0.540383131008 0.685889354788 0.549505297874 0.723758479687 0.521437092134 0.728167050146 0.518489930531 0.689327874631
470131076 0.469089888429 0.740847882029 0.464528804996 0.781065767781 0.439898954459 0.77685533532 0.449021121325 0.737417617935
470131080 0.496245877482 0.742792111136 0.496245877482 0.783265925135 0.471335344888 0.781837680398 0.475896428321 0.741632178271
470131084 0.52347203705 0.741689968521 0.527962949968 0.781903726398 0.503052417374 0.78327830876 0.503122587889 0.74280449476
470131088 0.550347344046 0.737541454184 0.559399340397 0.776999810943 0.534699319346 0.781152453155 0.530278576942 0.740922183778
470131109 0.49378990948 0.791257491061 0.49378990948 0.843091216955 0.451827941899 0.839755893986
470131110 0.45168760087 0.839735254611 0.459967721563 0.788561988711 0.493649568451 0.791253363186
470131113 0.539400743807 0.788640418335 0.547540523472 0.839834323611 0.505578555891 0.84310360058
470131114 0.505438214862 0.843107728455 0.505578555891 0.791269874686 0.539330573293 0.788656929835
470131140 0.455266297102 0.848205654033 0.448038734124 0.912497306562 0.411830748719 0.906305494119 0.42635604519 0.843264587704
470131144 0.494491614624 0.851024992632 0.494561785138 0.915721176907 0.457862606133 0.913620088551 0.46523051014 0.849349075397
470131148 0.533857273174 0.849431632897 0.541084836152 0.913723285425 0.504455827661 0.915737688407 0.50459616869 0.851041504132
470131152 0.572801908638 0.843442086327 0.58718686408 0.906516015742 0.550908708161 0.912625270685 0.543891656726 0.848317106657
470131172 0.444881060978 0.924773606698 0.436390428742 0.996161076286 0.405936425514 0.991302567456 0.420110869413 0.920823230359
470131176 0.478352396323 0.927791083295 0.475545575749 0.999624363378 0.444740719949 0.997164149901 0.453371693215 0.925797319688
470131180 0.511964072697 0.928170847791 0.514770893271 1.0 0.483966037471 0.999962849125 0.486913199074 0.928137824792
470131184 0.54557574907 0.925908772312 0.553996210792 0.997300369775 0.523191354993 0.999682153628 0.520524875447 0.927844745669
470131188 0.578836572872 0.921021368358 0.592800505228 0.991529600579 0.562346502 0.996317935534 0.554066381307 0.924913954446
470131269 0.385095782752 0.606935490396 0.363062241246 0.629040260816 0.339555118939 0.598390789225
470131270 0.339625289453 0.598469218849 0.366640937478 0.582927769618 0.385095782752 0.606993280645
470131273 0.41667251421 0.633040171654 0.401094660024 0.660090136278 0.370500315767 0.636557121121
470131274 0.370570486282 0.63662316712 0.392674198302 0.614609209949 0.416742684724 0.633081450403
470131300 0.352747175637 0.620392362771 0.323135218581 0.645733387161 0.306434636166 0.622736995749 0.339695459968 0.602456746062
470131304 0.373377306856 0.641948125821 0.34811592169 0.671606907421 0.328047154586 0.651504156357 0.357729282156 0.626270456716
470131308 0.397094940706 0.660011706653 0.376815662059 0.69325348372 0.353869903866 0.676535590125 0.379201459547 0.646975877524
470131332 0.307838046453 0.648433017386 0.276191144481 0.673695612151 0.261736018525 0.653308037716 0.296049400042 0.63183896004
470131336 0.325661357098 0.66901872982 0.297031787243 0.697657926304 0.280401375342 0.679016442977 0.312118447828 0.653844661461
470131340 0.345659953687 0.687478586649 0.320468739036 0.719139387605 0.301873552733 0.702475156385 0.330503122588 0.673914389524
470131344 0.367623324679 0.703577298999 0.346151147288 0.737859300556 0.325731527612 0.723386970941 0.351063083292 0.691792215984
470131365 0.289663883236 0.701558768143 0.253034874746 0.738247320803 0.225738544664 0.706210883225
470131366 0.225598203635 0.706103558476 0.26763034173 0.675718270883 0.289593712722 0.701476210644
470131369 0.32376675321 0.731981206611 0.293382920497 0.773945183472 0.261314995439 0.746577372475
470131370 0.261244824925 0.746486559226 0.29794400393 0.709905331316 0.323696582696 0.731915160611
470131396 0.222159848432 0.714573957897 0.171566907585 0.754940447148 0.150375412252 0.724959691301 0.205178583959 0.690652922494
470131400 0.247912427198 0.744331808496 0.202161251842 0.790105813947 0.177741912848 0.762692596326 0.228405024209 0.722458199074
470131404 0.27682267911 0.771022647999 0.236544803873 0.821626267154 0.209178303277 0.797123201382 0.254999649147 0.75147303218
470131408 0.308609922111 0.794303862783 0.274226370079 0.8491014029 0.244263560452 0.827813951722 0.284681776717 0.77732178519
470131428 0.160690477861 0.761375804213 0.10420321381 0.8058908078 0.0860992211073 0.780904780657 0.145954669848 0.741074915152
470131432 0.182232825767 0.787195662099 0.129464598976 0.835999527771 0.109395831871 0.812516047114 0.165953266437 0.768112496151
470131436 0.205739948074 0.811244661626 0.156971440601 0.864036054511 0.135148410638 0.842195468089 0.187986807943 0.79349479929
470131440 0.231071503754 0.833374199295 0.186583397656 0.889831145147 0.163076275349 0.869769672833 0.211985123851 0.817069093197
470131444 0.258016981264 0.853448055234 0.218089958599 0.913223812555 0.193179426005 0.895061162723 0.237737702617 0.838686774371
470131525 0.343133815171 0.49435182869 0.311907936285 0.494405491064 0.316960213318 0.456123578669
470131526 0.316960213318 0.456214391919 0.347063363974 0.464354561343 0.343133815171 0.494430258314
470131529 0.34699319346 0.535147616937 0.316890042804 0.543275402736 0.311837765771 0.504993490341
470131530 0.311837765771 0.50508430359 0.343063644657 0.505146221715 0.34699319346 0.535221918686
470131556 0.310715037541 0.480989897439 0.271910743106 0.477997188092 0.27633148551 0.449927638352 0.314223563259 0.459099776517
470131560 0.310083502912 0.510830305537 0.271279208477 0.513950979008 0.271279208477 0.485530559897 0.310083502912 0.488663616993
470131564 0.31408322223 0.540406529638 0.276261314995 0.549562156303 0.271840572591 0.521492606563 0.310644867027 0.518512280841
470131588 0.259139709494 0.469076850299 0.218932004772 0.464581594466 0.223142235633 0.439946436694 0.262578064697 0.449023633735
470131592 0.257245105607 0.496234139672 0.216756718827 0.496271290547 0.218160129114 0.471322414278 0.258367833836 0.475924994861
470131596 0.258297663322 0.523440963545 0.218089958599 0.528010521128 0.216686548312 0.503061644859 0.257174935092 0.503131818733
470131600 0.262437723669 0.550354708295 0.223001894604 0.559398882337 0.218861834257 0.53475959669 0.25906953898 0.530297363856
470131621 0.208757280191 0.493798693445 0.156901270086 0.493856483694 0.160269454775 0.451863611709
470131622 0.160269454775 0.45173151971 0.211423759736 0.459933607259 0.208757280191 0.493683112946
470131625 0.211353589222 0.539432351147 0.160199284261 0.547601415696 0.156901270086 0.50560854371
470131626 0.156901270086 0.505476451712 0.208687109677 0.505567264961 0.211353589222 0.539320898523
470131652 0.151778822539 0.455248469178 0.0875026313943 0.448045327369 0.0936776366571 0.41183148033 0.156760929058 0.426349216571
470131656 0.148972001965 0.494516943688 0.0842747877342 0.494558222438 0.0863799031647 0.457877925528 0.150656094309 0.465246182335
470131660 0.150585923795 0.533851464199 0.0863097326503 0.541137163506 0.0842747877342 0.504456866596 0.148972001965 0.504580702845
470131664 0.156550417515 0.572760813588 0.0935372956284 0.587200120204 0.0873622903656 0.55097388954 0.15163848151 0.543857433106
470131684 0.0752227913831 0.444870991524 0.00385937828924 0.436433615102 0.00870114377938 0.40595751426 0.0791523401867 0.420099613879
470131688 0.072205459266 0.478368696838 0.000421023086099 0.475561741864 0.002806820574 0.444796689775 0.0742404041822 0.453366158195
470131692 0.0718546066943 0.511998494151 0.0 0.51483434425 7.01705143514e-05 0.483970223161 0.0718546066943 0.486913398009
470131696 0.0741000631535 0.545553989715 0.00273665005964 0.554020261261 0.000350852571751 0.523251081297 0.0721352887517 0.520547323197
470131700 0.079011999158 0.578828789781 0.00849063223633 0.592867692526 0.00371903726054 0.562383335934 0.0750824503544 0.554053284261
470131781 0.393025050874 0.385074594828 0.370991509368 0.363031742533 0.401585853624 0.339560645501
470131782 0.40151568311 0.339606052125 0.417093537296 0.366676656124 0.393025050874 0.385128257203
470131785 0.366921619535 0.41667347766 0.339905971511 0.401103133305 0.363413093818 0.370490812589
470131786 0.363342923304 0.370556858588 0.385376464809 0.392678140508 0.366921619535 0.416735395785
470131812 0.379622482633 0.352728566628 0.354290926952 0.323135831028 0.377236685145 0.306446832558 0.397515963792 0.339713376874
470131816 0.358009964213 0.373372069312 0.328398007157 0.348113602421 0.348466774261 0.328027362858 0.373728159427 0.357710911707
470131820 0.339976142025 0.397140373342 0.306715318223 0.37683122853 0.323486071153 0.353847220743 0.353027857694 0.379213012383
470131844 0.351554276893 0.307833798545 0.326292891727 0.276201892713 0.346712511403 0.261758458222 0.368184688794 0.296077610654
470131848 0.330994316188 0.325662090504 0.302364746334 0.297060044895 0.320959932636 0.280420580924 0.346151147288 0.312118532755
470131852 0.312539470914 0.345682284069 0.280892568943 0.320469223803 0.297522980843 0.30184837985 0.326082380184 0.330524727209
470131856 0.296400252614 0.367642578865 0.262157041611 0.34613222244 0.276612167567 0.325761159504 0.308188899025 0.351056777269
470131877 0.29843519753 0.289675276588 0.261736018525 0.253052769928 0.293803943583 0.225709726182
470131878 0.293874114097 0.225631296557 0.324257946811 0.267628296418 0.298505368044 0.289596846964
470131881 0.268051364817 0.323796291022 0.226089397235 0.293369724679 0.253455897832 0.261345670726
470131882 0.253526068346 0.261250729602 0.290084906322 0.297976433136 0.268051364817 0.323705477773
470131908 0.285383481861 0.222143242215 0.24503543611 0.171575122784 0.275068416251 0.150343397918 0.309311627254 0.205201617797
470131912 0.255631183777 0.247913565601 0.20988000842 0.202185379562 0.237316679531 0.177728545989 0.277524384254 0.228401100657
470131916 0.228966388324 0.276858224832 0.178373447477 0.236541270081 0.202862956985 0.209168092847 0.248543961827 0.255013510535
470131920 0.205669777559 0.308601583288 0.150936776367 0.274212256982 0.172198442215 0.244264524134 0.222651042032 0.284709443009
470131940 0.238649919304 0.160663910897 0.194091642692 0.104208203408 0.2190723458 0.086092198564 0.258929197951 0.145940606484
470131944 0.212827170023 0.18221761001 0.163988492036 0.129429519425 0.187495614343 0.109408087498 0.231913549926 0.165945939698
470131948 0.188758683601 0.205729573004 0.13599045681 0.156933963082 0.157813486773 0.135130940322 0.206511823732 0.188009844156
470131952 0.166654971581 0.231055324257 0.110167707529 0.18655518102 0.130236474633 0.163104723362 0.18293453091 0.211996925559
470131956 0.146586204477 0.258039242882 0.0868009262508 0.218106180502 0.104975089467 0.193154827508 0.16132201249 0.23776312107
470132037 0.505648726405 0.343094106468 0.505578555891 0.311887371757 0.543891656726 0.31700593671
470132038 0.543821486211 0.316985297335 0.535611536033 0.347098145181 0.505508385376 0.343094106468
470132041 0.464809487054 0.346990820432 0.456739877903 0.316849077461 0.495052978738 0.311874988132
470132042 0.49491263771 0.311874988132 0.494842467195 0.343085850718 0.464739316539 0.347007331932
470132068 0.518981124132 0.310719183143 0.521998456249 0.271884135503 0.550066661989 0.276375263462 0.540874324609 0.314219621111
470132072 0.489158655533 0.310079362524 0.486071152902 0.271248442759 0.514490211213 0.271285593634 0.511332538068 0.310108257649
470132076 0.459546698477 0.314116424237 0.450424531612 0.276247299338 0.478492737352 0.271834601004 0.481439898954 0.310677904393
470132100 0.530910111571 0.259145513371 0.53540102449 0.218927627619 0.560030875026 0.223150443705 0.550908708161 0.26257990534
470132104 0.503754122518 0.257201284264 0.503754122518 0.216727470265 0.528664655112 0.218163970752 0.524033401165 0.258369472879
470132108 0.47652796295 0.258307554754 0.471966879517 0.218089669002 0.496947582626 0.21672334239 0.496807241597 0.257193028515
470132112 0.449652655954 0.262456069091 0.440600659603 0.222997712332 0.46523051014 0.218840942245 0.469651252544 0.259071211622
470132133 0.506139920006 0.208744160089 0.506139920006 0.156909195832 0.548172058101 0.160254838489
470132134 0.548242228616 0.160272588351 0.540032278437 0.211447918189 0.506280261034 0.208745811239
470132137 0.460529085678 0.21136536069 0.452389306014 0.160171868202 0.494421444109 0.15690300402
470132138 0.494561785138 0.156900527295 0.494421444109 0.208735078764 0.460669426707 0.21134884919
470132164 0.544733702898 0.151786090217 0.551961265876 0.0874960888385 0.588169251281 0.0937006976934 0.573573784296 0.156736650659
470132168 0.505438214862 0.148967989981 0.505438214862 0.0842705673434 0.542137393867 0.0863794986613 0.534699319346 0.150650924603
470132172 0.466142726826 0.150565064804 0.458844993334 0.0862750634248 0.495544172339 0.084261073231 0.49540383131 0.148958495868
470132176 0.427198091362 0.15655502416 0.41281313592 0.0934810947455 0.449021121325 0.0873701886521 0.456108343274 0.151678765468
470132196 0.555118939022 0.0752226782148 0.563539400744 0.00383768535191 0.594063574486 0.00870692665674 0.579889130587 0.0791800719406
470132200 0.521577433163 0.0722093294928 0.524454424251 0.000379351708982 0.555189109536 0.00284121633615 0.546628306785 0.0742101104867
470132204 0.487965756789 0.0718320417213 0.485158936215 0.0 0.516033962529 3.96275996324e-05 0.513086800926 0.071864239146
470132208 0.45442425093 0.0740961811378 0.446003789208 0.00270540924991 0.476738474493 0.000321974247014 0.479404954038 0.0721593822057
470132212 0.421163427128 0.0789839978799 0.407129324258 0.00847494008389 0.437653498 0.00368371561583 0.445933618693 0.0750901734285
470132293 0.614904217248 0.39301249838 0.637007929268 0.370957262459 0.660444881061 0.401660396425
470132294 0.660374710547 0.4015819668 0.633288892008 0.417065625782 0.614834046734 0.39295470813
470132297 0.58332748579 0.366916072872 0.598905339976 0.339895003372 0.629499684233 0.363481680904
470132298 0.629429513718 0.363419762779 0.607255631184 0.3853924412 0.583257315276 0.366874794122
470132324 0.647252824363 0.379572137504 0.676864781419 0.354284775489 0.69349519332 0.3773141899 0.660234369518 0.397532521463
470132328 0.626622693144 0.358020502329 0.65188407831 0.328407127354 0.671952845414 0.348542901417 0.642270717844 0.373727066559
470132332 0.60283488878 0.339965177247 0.623184337941 0.306752295305 0.646130096134 0.3235032119 0.620728369939 0.353025773626
470132356 0.692161953547 0.35153148289 0.723808855519 0.326318422623 0.738193810961 0.346726636434 0.703880429444 0.36814617961
470132360 0.674338642902 0.33094989833 0.702968212757 0.302347852721 0.719528454144 0.321014103298 0.687811381657 0.346144606065
470132364 0.654269875798 0.312498297252 0.679531260964 0.28086639142 0.698126447267 0.29755538989 0.669426706898 0.326079005876
470132368 0.632306504807 0.296399584901 0.653848852712 0.262142350594 0.674198301874 0.276639447459 0.648866746193 0.308201179416
470132389 0.710265946249 0.298409860007 0.746965125254 0.261762586097 0.774261455336 0.293832046675
470132390 0.774331625851 0.293939371424 0.732299487755 0.324275124517 0.710406287278 0.298492417506
470132393 0.676163076275 0.267995677289 0.706617079503 0.226060595553 0.738614834047 0.253461429549
470132394 0.738755175075 0.253552242798 0.701985825556 0.290096319834 0.67623324679 0.268061723289
470132420 0.777840151568 0.285390542378 0.828433092415 0.245077715502 0.849624587748 0.275074982849 0.794751245527 0.309332217156
470132424 0.752017402288 0.255632691779 0.797838748158 0.209904092953 0.822258087152 0.237342077824 0.771524805277 0.277526940576
470132428 0.723107150375 0.228950108026 0.763455196127 0.178380337446 0.790821696723 0.202907344893 0.744930180338 0.24852036322
470132432 0.691390077889 0.20567095718 0.725773629921 0.150900661038 0.755736439548 0.172209577165 0.715248052768 0.222675738085
470132452 0.839309522139 0.238596951812 0.89579678619 0.194131895512 0.913900778893 0.219129893493 0.853975159638 0.258914352374
470132456 0.817767174233 0.212781221801 0.870535401024 0.164020286029 0.890533997614 0.187521103761 0.833976563048 0.231880899249
470132460 0.794260051926 0.188733460637 0.843028559399 0.135978393051 0.864851589362 0.157836729336 0.811943021542 0.20649859611
470132464 0.768928496246 0.166607225267 0.813416602344 0.110182064053 0.836853554137 0.130262937379 0.787944705635 0.182927604503
470132468 0.741912848221 0.146535433266 0.781910041401 0.0867881582825 0.806820573995 0.104967732401 0.762192126868 0.161310336116
470132549 0.656936355343 0.50560854371 0.688092063715 0.505637438835 0.682969616167 0.54390283973
470132550 0.682969616167 0.543816154356 0.652866465511 0.535597555307 0.656936355343 0.505534241961
470132553 0.65300680654 0.464804499714 0.68318012771 0.456755143539 0.688092063715 0.495053567433
470132554 0.688092063715 0.494962754184 0.656866184829 0.494814150686 0.65300680654 0.464730197965
470132580 0.689284962459 0.518978730711 0.728089256894 0.522053997558 0.723598343976 0.550111163673 0.685776436741 0.540864723758
470132584 0.689916497088 0.489134194738 0.728720791523 0.486096078766 0.728650621009 0.514516497878 0.689846326574 0.511296755408
470132588 0.685846607256 0.459553842763 0.723738685005 0.450480773597 0.728159427409 0.478558579086 0.689284962459 0.481456347309
470132612 0.740860290506 0.530891777851 0.781067995228 0.535453079684 0.776787593853 0.560079981705 0.737421935303 0.55094086654
470132616 0.742754894393 0.503730360603 0.783243281173 0.503759255728 0.781769700372 0.528708131996 0.741632166164 0.52403537754
470132620 0.741702336678 0.476519408855 0.781910041401 0.472020025147 0.783243281173 0.496973029291 0.742754894393 0.496832681542
470132624 0.737492105817 0.449605664105 0.776998105396 0.440631663938 0.781138165743 0.46527507746 0.740860290506 0.469667136419
470132645 0.791242719809 0.50617406258 0.843098729914 0.506186446205 0.839730545225 0.548175190316
470132646 0.839660374711 0.548307282314 0.788506069749 0.540030893016 0.791242719809 0.506285515204
470132649 0.788646410778 0.460532149129 0.839800715739 0.452441514204 0.843028559399 0.494438514064
470132650 0.843028559399 0.494570606063 0.791242719809 0.494401363189 0.788646410778 0.460643601753
470132676 0.848221177461 0.544716031098 0.912497368606 0.551993474655 0.906252192829 0.588203193819 0.843239070942 0.57361115583
470132680 0.851027998035 0.505447556587 0.915725212266 0.505476451712 0.913549926321 0.542156748621 0.849343905691 0.534714190066
470132684 0.849414076205 0.466108908202 0.91369026735 0.458897510644 0.915725212266 0.495581935428 0.851027998035 0.495379669555
470132688 0.843449582485 0.427195430938 0.906532874886 0.412830426071 0.91256753912 0.449064912485 0.848291347976 0.45610706717
470132708 0.924777208617 0.555101764501 0.996140621711 0.563605186923 0.991228685706 0.59407715989 0.920777489299 0.579869014272
470132712 0.927794540734 0.521604059187 0.999578976914 0.524481188035 0.997123008912 0.55524211225 0.925759595818 0.54660659783
470132716 0.928145393306 0.487970133999 1.0 0.485204457775 0.999929829486 0.516068578863 0.928075222791 0.513055230141
470132720 0.925899936847 0.454414638435 0.99726334994 0.446018540763 0.999649147428 0.476791848603 0.927794540734 0.479421304953
470132724 0.920988000842 0.421135710494 0.991509367764 0.407166981624 0.996280962739 0.437659593966 0.924847379131 0.445919471764
470132805 0.606974949126 0.614922928447 0.629008490632 0.636994675867 0.598343975861 0.660428622025
470132806 0.598414146376 0.6603832154 0.582906462704 0.633291972026 0.607045119641 0.614873393947
470132809 0.633078380465 0.58331991774 0.660094028489 0.59893566872 0.636516735668 0.629506710686
470132810 0.636586906182 0.629440664687 0.614553364676 0.607278104017 0.633078380465 0.58325387174
470132836 0.620377517367 0.647273084522 0.645709073048 0.676890587372 0.622693144341 0.693554818592 0.602413865694 0.660267634901
470132840 0.641990035787 0.626621326088 0.671601992843 0.651921071728 0.651463055224 0.671978416167 0.626271840573 0.642261844318
470132844 0.660023857975 0.602848894184 0.693214511262 0.623207573495 0.676443758333 0.646166814032 0.646972142306 0.620755615767
470132868 0.648445723107 0.692159596855 0.673636937759 0.723808014187 0.653287488597 0.738234937178 0.631815311206 0.703903401121
470132872 0.669005683812 0.674327177021 0.697635253666 0.702958117755 0.678969896849 0.719576942351 0.653848852712 0.68785422327
470132876 0.687460529086 0.654302855581 0.719107431057 0.679553066722 0.702406848642 0.698157399175 0.673917619816 0.669448028816
470132880 0.703599747386 0.63233843291 0.737842958389 0.653890068085 0.723317661918 0.674244619521 0.691811100975 0.648907723006
470132901 0.70156480247 0.710326374562 0.738193810961 0.746977776347 0.706125885903 0.774296052843
470132902 0.706055715388 0.774370354593 0.675671882675 0.732348587482 0.701494631956 0.710400676311
470132905 0.731948635183 0.676205360128 0.773910602765 0.706673205221 0.746544102168 0.738668364049
470132906 0.74640376114 0.738759177298 0.709915093678 0.701996322889 0.731948635183 0.676292045502
470132932 0.714546347625 0.777850153185 0.754894393376 0.828441388716 0.724931583749 0.849654538144 0.690618202231 0.794778568403
470132936 0.744368816223 0.75207157405 0.790049821065 0.797833195875 0.762613149954 0.822270215648 0.722475615746 0.771571655369
470132940 0.771033611676 0.723126914818 0.821626552523 0.763481020444 0.7970668725 0.790836447815 0.751456038173 0.744955117616
470132944 0.794330222441 0.691375300612 0.849063223633 0.725818289293 0.827731387271 0.755745382765 0.777278787454 0.715255057266
470132964 0.761350080696 0.839330722865 0.805838186794 0.895808308091 0.780857483685 0.913913167673 0.741070802049 0.854046597104
470132968 0.787172829977 0.81777908769 0.83594133745 0.87059111995 0.812434215143 0.890603057765 0.768086450074 0.834038787164
470132972 0.811241316399 0.794262584033 0.86400954319 0.843091216955 0.842116342713 0.864878141003 0.793488176268 0.811971167619
470132976 0.833345028419 0.768933943268 0.889762121956 0.813473714105 0.869693354852 0.836907660263 0.81706546909 0.787979958341
470132980 0.853413795523 0.741945896768 0.913199073749 0.781920237898 0.895024910533 0.806860858416 0.83867798751 0.76221376283
