# Xscale/Yscale
# 150.41/327.609
302186756 0.0 1.0 0.112672029785 1.0 0.112672029785 0.976774142347 0.0 0.976774142347
302186760 0.126760188817 1.0 0.239438867097 1.0 0.239438867097 0.976774142347 0.126760188817 0.976774142347
302186764 0.253520377634 1.0 0.366199055914 1.0 0.366199055914 0.976774142347 0.253520377634 0.976774142347
302186768 0.380280566452 1.0 0.492959244731 1.0 0.492959244731 0.976774142347 0.380280566452 0.976774142347
302186772 0.507040755269 1.0 0.619719433548 1.0 0.619719433548 0.976774142347 0.507040755269 0.976774142347
302186776 0.633800944086 1.0 0.746479622366 1.0 0.746479622366 0.976774142347 0.633800944086 0.976774142347
302186780 0.760567781398 1.0 0.873239811183 1.0 0.873239811183 0.976774142347 0.760567781398 0.976774142347
302186784 0.887327970215 1.0 1.0 1.0 1.0 0.976774142347 0.887327970215 0.976774142347
302187012 0.0 0.977283896352 0.112672029785 0.977283896352 0.112672029785 0.954058038699 0.0 0.954058038699
302187016 0.126760188817 0.977283896352 0.239438867097 0.977283896352 0.239438867097 0.954058038699 0.126760188817 0.954058038699
302187020 0.253520377634 0.977283896352 0.366199055914 0.977283896352 0.366199055914 0.954058038699 0.253520377634 0.954058038699
302187024 0.380280566452 0.977283896352 0.492959244731 0.977283896352 0.492959244731 0.954058038699 0.380280566452 0.954058038699
302187028 0.507040755269 0.977283896352 0.619719433548 0.977283896352 0.619719433548 0.954058038699 0.507040755269 0.954058038699
302187032 0.633800944086 0.977283896352 0.746479622366 0.977283896352 0.746479622366 0.954058038699 0.633800944086 0.954058038699
302187036 0.760567781398 0.977283896352 0.873239811183 0.977283896352 0.873239811183 0.954058038699 0.760567781398 0.954058038699
302187040 0.887327970215 0.977283896352 1.0 0.977283896352 1.0 0.954058038699 0.887327970215 0.954058038699
302187268 0.0 0.954567792704 0.112672029785 0.954567792704 0.112672029785 0.931341935051 0.0 0.931341935051
302187272 0.126760188817 0.954567792704 0.239438867097 0.954567792704 0.239438867097 0.931341935051 0.126760188817 0.931341935051
302187276 0.253520377634 0.954567792704 0.366199055914 0.954567792704 0.366199055914 0.931341935051 0.253520377634 0.931341935051
302187280 0.380280566452 0.954567792704 0.492959244731 0.954567792704 0.492959244731 0.931341935051 0.380280566452 0.931341935051
302187284 0.507040755269 0.954567792704 0.619719433548 0.954567792704 0.619719433548 0.931341935051 0.507040755269 0.931341935051
302187288 0.633800944086 0.954567792704 0.746479622366 0.954567792704 0.746479622366 0.931341935051 0.633800944086 0.931341935051
302187292 0.760567781398 0.954567792704 0.873239811183 0.954567792704 0.873239811183 0.931341935051 0.760567781398 0.931341935051
302187296 0.887327970215 0.954567792704 1.0 0.954567792704 1.0 0.931341935051 0.887327970215 0.931341935051
302187524 0.0 0.931851689056 0.112672029785 0.931851689056 0.112672029785 0.908625831403 0.0 0.908625831403
302187528 0.126760188817 0.931851689056 0.239438867097 0.931851689056 0.239438867097 0.908625831403 0.126760188817 0.908625831403
302187532 0.253520377634 0.931851689056 0.366199055914 0.931851689056 0.366199055914 0.908625831403 0.253520377634 0.908625831403
302187536 0.380280566452 0.931851689056 0.492959244731 0.931851689056 0.492959244731 0.908625831403 0.380280566452 0.908625831403
302187540 0.507040755269 0.931851689056 0.619719433548 0.931851689056 0.619719433548 0.908625831403 0.507040755269 0.908625831403
302187544 0.633800944086 0.931851689056 0.746479622366 0.931851689056 0.746479622366 0.908625831403 0.633800944086 0.908625831403
302187548 0.760567781398 0.931851689056 0.873239811183 0.931851689056 0.873239811183 0.908625831403 0.760567781398 0.908625831403
302187552 0.887327970215 0.931851689056 1.0 0.931851689056 1.0 0.908625831403 0.887327970215 0.908625831403
302187780 0.0 0.909138637827 0.112672029785 0.909138637827 0.112672029785 0.885909727755 0.0 0.885909727755
302187784 0.126760188817 0.909138637827 0.239438867097 0.909138637827 0.239438867097 0.885909727755 0.126760188817 0.885909727755
302187788 0.253520377634 0.909138637827 0.366199055914 0.909138637827 0.366199055914 0.885909727755 0.253520377634 0.885909727755
302187792 0.380280566452 0.909138637827 0.492959244731 0.909138637827 0.492959244731 0.885909727755 0.380280566452 0.885909727755
302187796 0.507040755269 0.909138637827 0.619719433548 0.909138637827 0.619719433548 0.885909727755 0.507040755269 0.885909727755
302187800 0.633800944086 0.909138637827 0.746479622366 0.909138637827 0.746479622366 0.885909727755 0.633800944086 0.885909727755
302187804 0.760567781398 0.909138637827 0.873239811183 0.909138637827 0.873239811183 0.885909727755 0.760567781398 0.885909727755
302187808 0.887327970215 0.909138637827 1.0 0.909138637827 1.0 0.885909727755 0.887327970215 0.885909727755
302188036 0.0 0.886422534179 0.112672029785 0.886422534179 0.112672029785 0.863193624107 0.0 0.863193624107
302188040 0.126760188817 0.886422534179 0.239438867097 0.886422534179 0.239438867097 0.863193624107 0.126760188817 0.863193624107
302188044 0.253520377634 0.886422534179 0.366199055914 0.886422534179 0.366199055914 0.863193624107 0.253520377634 0.863193624107
302188048 0.380280566452 0.886422534179 0.492959244731 0.886422534179 0.492959244731 0.863193624107 0.380280566452 0.863193624107
302188052 0.507040755269 0.886422534179 0.619719433548 0.886422534179 0.619719433548 0.863193624107 0.507040755269 0.863193624107
302188056 0.633800944086 0.886422534179 0.746479622366 0.886422534179 0.746479622366 0.863193624107 0.633800944086 0.863193624107
302188060 0.760567781398 0.886422534179 0.873239811183 0.886422534179 0.873239811183 0.863193624107 0.760567781398 0.863193624107
302188064 0.887327970215 0.886422534179 1.0 0.886422534179 1.0 0.863193624107 0.887327970215 0.863193624107
302188292 0.0 0.863706430532 0.112672029785 0.863706430532 0.112672029785 0.840477520459 0.0 0.840477520459
302188296 0.126760188817 0.863706430532 0.239438867097 0.863706430532 0.239438867097 0.840477520459 0.126760188817 0.840477520459
302188300 0.253520377634 0.863706430532 0.366199055914 0.863706430532 0.366199055914 0.840477520459 0.253520377634 0.840477520459
302188304 0.380280566452 0.863706430532 0.492959244731 0.863706430532 0.492959244731 0.840477520459 0.380280566452 0.840477520459
302188308 0.507040755269 0.863706430532 0.619719433548 0.863706430532 0.619719433548 0.840477520459 0.507040755269 0.840477520459
302188312 0.633800944086 0.863706430532 0.746479622366 0.863706430532 0.746479622366 0.840477520459 0.633800944086 0.840477520459
302188316 0.760567781398 0.863706430532 0.873239811183 0.863706430532 0.873239811183 0.840477520459 0.760567781398 0.840477520459
302188320 0.887327970215 0.863706430532 1.0 0.863706430532 1.0 0.840477520459 0.887327970215 0.840477520459
302188548 0.0 0.840990326884 0.112672029785 0.840990326884 0.112672029785 0.81776446923 0.0 0.81776446923
302188552 0.126760188817 0.840990326884 0.239438867097 0.840990326884 0.239438867097 0.81776446923 0.126760188817 0.81776446923
302188556 0.253520377634 0.840990326884 0.366199055914 0.840990326884 0.366199055914 0.81776446923 0.253520377634 0.81776446923
302188560 0.380280566452 0.840990326884 0.492959244731 0.840990326884 0.492959244731 0.81776446923 0.380280566452 0.81776446923
302188564 0.507040755269 0.840990326884 0.619719433548 0.840990326884 0.619719433548 0.81776446923 0.507040755269 0.81776446923
302188568 0.633800944086 0.840990326884 0.746479622366 0.840990326884 0.746479622366 0.81776446923 0.633800944086 0.81776446923
302188572 0.760567781398 0.840990326884 0.873239811183 0.840990326884 0.873239811183 0.81776446923 0.760567781398 0.81776446923
302188576 0.887327970215 0.840990326884 1.0 0.840990326884 1.0 0.81776446923 0.887327970215 0.81776446923
302188804 0.0 0.818274223236 0.112672029785 0.818274223236 0.112672029785 0.795048365582 0.0 0.795048365582
302188808 0.126760188817 0.818274223236 0.239438867097 0.818274223236 0.239438867097 0.795048365582 0.126760188817 0.795048365582
302188812 0.253520377634 0.818274223236 0.366199055914 0.818274223236 0.366199055914 0.795048365582 0.253520377634 0.795048365582
302188816 0.380280566452 0.818274223236 0.492959244731 0.818274223236 0.492959244731 0.795048365582 0.380280566452 0.795048365582
302188820 0.507040755269 0.818274223236 0.619719433548 0.818274223236 0.619719433548 0.795048365582 0.507040755269 0.795048365582
302188824 0.633800944086 0.818274223236 0.746479622366 0.818274223236 0.746479622366 0.795048365582 0.633800944086 0.795048365582
302188828 0.760567781398 0.818274223236 0.873239811183 0.818274223236 0.873239811183 0.795048365582 0.760567781398 0.795048365582
302188832 0.887327970215 0.818274223236 1.0 0.818274223236 1.0 0.795048365582 0.887327970215 0.795048365582
302189060 0.0 0.795558119588 0.112672029785 0.795558119588 0.112672029785 0.772332261934 0.0 0.772332261934
302189064 0.126760188817 0.795558119588 0.239438867097 0.795558119588 0.239438867097 0.772332261934 0.126760188817 0.772332261934
302189068 0.253520377634 0.795558119588 0.366199055914 0.795558119588 0.366199055914 0.772332261934 0.253520377634 0.772332261934
302189072 0.380280566452 0.795558119588 0.492959244731 0.795558119588 0.492959244731 0.772332261934 0.380280566452 0.772332261934
302189076 0.507040755269 0.795558119588 0.619719433548 0.795558119588 0.619719433548 0.772332261934 0.507040755269 0.772332261934
302189080 0.633800944086 0.795558119588 0.746479622366 0.795558119588 0.746479622366 0.772332261934 0.633800944086 0.772332261934
302189084 0.760567781398 0.795558119588 0.873239811183 0.795558119588 0.873239811183 0.772332261934 0.760567781398 0.772332261934
302189088 0.887327970215 0.795558119588 1.0 0.795558119588 1.0 0.772332261934 0.887327970215 0.772332261934
302189316 0.0 0.77284201594 0.112672029785 0.77284201594 0.112672029785 0.761209246388 0.0 0.761209246388
302189320 0.126760188817 0.77284201594 0.239438867097 0.77284201594 0.239438867097 0.761209246388 0.126760188817 0.761209246388
302189324 0.253520377634 0.77284201594 0.366199055914 0.77284201594 0.366199055914 0.761209246388 0.253520377634 0.761209246388
302189328 0.380280566452 0.77284201594 0.492959244731 0.77284201594 0.492959244731 0.761209246388 0.380280566452 0.761209246388
302189332 0.507040755269 0.77284201594 0.619719433548 0.77284201594 0.619719433548 0.761209246388 0.507040755269 0.761209246388
302189336 0.633800944086 0.77284201594 0.746479622366 0.77284201594 0.746479622366 0.761209246388 0.633800944086 0.761209246388
302189340 0.760567781398 0.77284201594 0.873239811183 0.77284201594 0.873239811183 0.761209246388 0.760567781398 0.761209246388
302189344 0.887327970215 0.77284201594 1.0 0.77284201594 1.0 0.761209246388 0.887327970215 0.761209246388
302189572 0.0 0.750128964711 0.112672029785 0.750128964711 0.112672029785 0.73849314274 0.0 0.73849314274
302189576 0.126760188817 0.750128964711 0.239438867097 0.750128964711 0.239438867097 0.73849314274 0.126760188817 0.73849314274
302189580 0.253520377634 0.750128964711 0.366199055914 0.750128964711 0.366199055914 0.73849314274 0.253520377634 0.73849314274
302189584 0.380280566452 0.750128964711 0.492959244731 0.750128964711 0.492959244731 0.73849314274 0.380280566452 0.73849314274
302189588 0.507040755269 0.750128964711 0.619719433548 0.750128964711 0.619719433548 0.73849314274 0.507040755269 0.73849314274
302189592 0.633800944086 0.750128964711 0.746479622366 0.750128964711 0.746479622366 0.73849314274 0.633800944086 0.73849314274
302189596 0.760567781398 0.750128964711 0.873239811183 0.750128964711 0.873239811183 0.73849314274 0.760567781398 0.73849314274
302189600 0.887327970215 0.750128964711 1.0 0.750128964711 1.0 0.73849314274 0.887327970215 0.73849314274
302189828 0.0 0.727412861063 0.112672029785 0.727412861063 0.112672029785 0.70418395099 0.0 0.70418395099
302189832 0.126760188817 0.727412861063 0.239438867097 0.727412861063 0.239438867097 0.70418395099 0.126760188817 0.70418395099
302189836 0.253520377634 0.727412861063 0.366199055914 0.727412861063 0.366199055914 0.70418395099 0.253520377634 0.70418395099
302189840 0.380280566452 0.727412861063 0.492959244731 0.727412861063 0.492959244731 0.70418395099 0.380280566452 0.70418395099
302189844 0.507040755269 0.727412861063 0.619719433548 0.727412861063 0.619719433548 0.70418395099 0.507040755269 0.70418395099
302189848 0.633800944086 0.727412861063 0.746479622366 0.727412861063 0.746479622366 0.70418395099 0.633800944086 0.70418395099
302189852 0.760567781398 0.727412861063 0.873239811183 0.727412861063 0.873239811183 0.70418395099 0.760567781398 0.70418395099
302189856 0.887327970215 0.727412861063 1.0 0.727412861063 1.0 0.70418395099 0.887327970215 0.70418395099
302190084 0.0 0.704696757415 0.112672029785 0.704696757415 0.112672029785 0.681467847342 0.0 0.681467847342
302190088 0.126760188817 0.704696757415 0.239438867097 0.704696757415 0.239438867097 0.681467847342 0.126760188817 0.681467847342
302190092 0.253520377634 0.704696757415 0.366199055914 0.704696757415 0.366199055914 0.681467847342 0.253520377634 0.681467847342
302190096 0.380280566452 0.704696757415 0.492959244731 0.704696757415 0.492959244731 0.681467847342 0.380280566452 0.681467847342
302190100 0.507040755269 0.704696757415 0.619719433548 0.704696757415 0.619719433548 0.681467847342 0.507040755269 0.681467847342
302190104 0.633800944086 0.704696757415 0.746479622366 0.704696757415 0.746479622366 0.681467847342 0.633800944086 0.681467847342
302190108 0.760567781398 0.704696757415 0.873239811183 0.704696757415 0.873239811183 0.681467847342 0.760567781398 0.681467847342
302190112 0.887327970215 0.704696757415 1.0 0.704696757415 1.0 0.681467847342 0.887327970215 0.681467847342
302190340 0.0 0.681980653767 0.112672029785 0.681980653767 0.112672029785 0.658754796114 0.0 0.658754796114
302190344 0.126760188817 0.681980653767 0.239438867097 0.681980653767 0.239438867097 0.658754796114 0.126760188817 0.658754796114
302190348 0.253520377634 0.681980653767 0.366199055914 0.681980653767 0.366199055914 0.658754796114 0.253520377634 0.658754796114
302190352 0.380280566452 0.681980653767 0.492959244731 0.681980653767 0.492959244731 0.658754796114 0.380280566452 0.658754796114
302190356 0.507040755269 0.681980653767 0.619719433548 0.681980653767 0.619719433548 0.658754796114 0.507040755269 0.658754796114
302190360 0.633800944086 0.681980653767 0.746479622366 0.681980653767 0.746479622366 0.658754796114 0.633800944086 0.658754796114
302190364 0.760567781398 0.681980653767 0.873239811183 0.681980653767 0.873239811183 0.658754796114 0.760567781398 0.658754796114
302190368 0.887327970215 0.681980653767 1.0 0.681980653767 1.0 0.658754796114 0.887327970215 0.658754796114
302190596 0.0 0.659264550119 0.112672029785 0.659264550119 0.112672029785 0.636038692466 0.0 0.636038692466
302190600 0.126760188817 0.659264550119 0.239438867097 0.659264550119 0.239438867097 0.636038692466 0.126760188817 0.636038692466
302190604 0.253520377634 0.659264550119 0.366199055914 0.659264550119 0.366199055914 0.636038692466 0.253520377634 0.636038692466
302190608 0.380280566452 0.659264550119 0.492959244731 0.659264550119 0.492959244731 0.636038692466 0.380280566452 0.636038692466
302190612 0.507040755269 0.659264550119 0.619719433548 0.659264550119 0.619719433548 0.636038692466 0.507040755269 0.636038692466
302190616 0.633800944086 0.659264550119 0.746479622366 0.659264550119 0.746479622366 0.636038692466 0.633800944086 0.636038692466
302190620 0.760567781398 0.659264550119 0.873239811183 0.659264550119 0.873239811183 0.636038692466 0.760567781398 0.636038692466
302190624 0.887327970215 0.659264550119 1.0 0.659264550119 1.0 0.636038692466 0.887327970215 0.636038692466
302190852 0.0 0.636548446471 0.112672029785 0.636548446471 0.112672029785 0.613322588818 0.0 0.613322588818
302190856 0.126760188817 0.636548446471 0.239438867097 0.636548446471 0.239438867097 0.613322588818 0.126760188817 0.613322588818
302190860 0.253520377634 0.636548446471 0.366199055914 0.636548446471 0.366199055914 0.613322588818 0.253520377634 0.613322588818
302190864 0.380280566452 0.636548446471 0.492959244731 0.636548446471 0.492959244731 0.613322588818 0.380280566452 0.613322588818
302190868 0.507040755269 0.636548446471 0.619719433548 0.636548446471 0.619719433548 0.613322588818 0.507040755269 0.613322588818
302190872 0.633800944086 0.636548446471 0.746479622366 0.636548446471 0.746479622366 0.613322588818 0.633800944086 0.613322588818
302190876 0.760567781398 0.636548446471 0.873239811183 0.636548446471 0.873239811183 0.613322588818 0.760567781398 0.613322588818
302190880 0.887327970215 0.636548446471 1.0 0.636548446471 1.0 0.613322588818 0.887327970215 0.613322588818
302191108 0.0 0.613832342823 0.112672029785 0.613832342823 0.112672029785 0.59060648517 0.0 0.59060648517
302191112 0.126760188817 0.613832342823 0.239438867097 0.613832342823 0.239438867097 0.59060648517 0.126760188817 0.59060648517
302191116 0.253520377634 0.613832342823 0.366199055914 0.613832342823 0.366199055914 0.59060648517 0.253520377634 0.59060648517
302191120 0.380280566452 0.613832342823 0.492959244731 0.613832342823 0.492959244731 0.59060648517 0.380280566452 0.59060648517
302191124 0.507040755269 0.613832342823 0.619719433548 0.613832342823 0.619719433548 0.59060648517 0.507040755269 0.59060648517
302191128 0.633800944086 0.613832342823 0.746479622366 0.613832342823 0.746479622366 0.59060648517 0.633800944086 0.59060648517
302191132 0.760567781398 0.613832342823 0.873239811183 0.613832342823 0.873239811183 0.59060648517 0.760567781398 0.59060648517
302191136 0.887327970215 0.613832342823 1.0 0.613832342823 1.0 0.59060648517 0.887327970215 0.59060648517
302191364 0.0 0.591116239175 0.112672029785 0.591116239175 0.112672029785 0.567890381522 0.0 0.567890381522
302191368 0.126760188817 0.591116239175 0.239438867097 0.591116239175 0.239438867097 0.567890381522 0.126760188817 0.567890381522
302191372 0.253520377634 0.591116239175 0.366199055914 0.591116239175 0.366199055914 0.567890381522 0.253520377634 0.567890381522
302191376 0.380280566452 0.591116239175 0.492959244731 0.591116239175 0.492959244731 0.567890381522 0.380280566452 0.567890381522
302191380 0.507040755269 0.591116239175 0.619719433548 0.591116239175 0.619719433548 0.567890381522 0.507040755269 0.567890381522
302191384 0.633800944086 0.591116239175 0.746479622366 0.591116239175 0.746479622366 0.567890381522 0.633800944086 0.567890381522
302191388 0.760567781398 0.591116239175 0.873239811183 0.591116239175 0.873239811183 0.567890381522 0.760567781398 0.567890381522
302191392 0.887327970215 0.591116239175 1.0 0.591116239175 1.0 0.567890381522 0.887327970215 0.567890381522
302191620 0.0 0.568403187947 0.112672029785 0.568403187947 0.112672029785 0.545174277874 0.0 0.545174277874
302191624 0.126760188817 0.568403187947 0.239438867097 0.568403187947 0.239438867097 0.545174277874 0.126760188817 0.545174277874
302191628 0.253520377634 0.568403187947 0.366199055914 0.568403187947 0.366199055914 0.545174277874 0.253520377634 0.545174277874
302191632 0.380280566452 0.568403187947 0.492959244731 0.568403187947 0.492959244731 0.545174277874 0.380280566452 0.545174277874
302191636 0.507040755269 0.568403187947 0.619719433548 0.568403187947 0.619719433548 0.545174277874 0.507040755269 0.545174277874
302191640 0.633800944086 0.568403187947 0.746479622366 0.568403187947 0.746479622366 0.545174277874 0.633800944086 0.545174277874
302191644 0.760567781398 0.568403187947 0.873239811183 0.568403187947 0.873239811183 0.545174277874 0.760567781398 0.545174277874
302191648 0.887327970215 0.568403187947 1.0 0.568403187947 1.0 0.545174277874 0.887327970215 0.545174277874
302191876 0.0 0.545687084299 0.112672029785 0.545687084299 0.112672029785 0.522458174226 0.0 0.522458174226
302191880 0.126760188817 0.545687084299 0.239438867097 0.545687084299 0.239438867097 0.522458174226 0.126760188817 0.522458174226
302191884 0.253520377634 0.545687084299 0.366199055914 0.545687084299 0.366199055914 0.522458174226 0.253520377634 0.522458174226
302191888 0.380280566452 0.545687084299 0.492959244731 0.545687084299 0.492959244731 0.522458174226 0.380280566452 0.522458174226
302191892 0.507040755269 0.545687084299 0.619719433548 0.545687084299 0.619719433548 0.522458174226 0.507040755269 0.522458174226
302191896 0.633800944086 0.545687084299 0.746479622366 0.545687084299 0.746479622366 0.522458174226 0.633800944086 0.522458174226
302191900 0.760567781398 0.545687084299 0.873239811183 0.545687084299 0.873239811183 0.522458174226 0.760567781398 0.522458174226
302191904 0.887327970215 0.545687084299 1.0 0.545687084299 1.0 0.522458174226 0.887327970215 0.522458174226
302192132 0.0 0.522970980651 0.112672029785 0.522970980651 0.112672029785 0.499745122997 0.0 0.499745122997
302192136 0.126760188817 0.522970980651 0.239438867097 0.522970980651 0.239438867097 0.499745122997 0.126760188817 0.499745122997
302192140 0.253520377634 0.522970980651 0.366199055914 0.522970980651 0.366199055914 0.499745122997 0.253520377634 0.499745122997
302192144 0.380280566452 0.522970980651 0.492959244731 0.522970980651 0.492959244731 0.499745122997 0.380280566452 0.499745122997
302192148 0.507040755269 0.522970980651 0.619719433548 0.522970980651 0.619719433548 0.499745122997 0.507040755269 0.499745122997
302192152 0.633800944086 0.522970980651 0.746479622366 0.522970980651 0.746479622366 0.499745122997 0.633800944086 0.499745122997
302192156 0.760567781398 0.522970980651 0.873239811183 0.522970980651 0.873239811183 0.499745122997 0.760567781398 0.499745122997
302192160 0.887327970215 0.522970980651 1.0 0.522970980651 1.0 0.499745122997 0.887327970215 0.499745122997
302192388 0.0 0.500254877003 0.112672029785 0.500254877003 0.112672029785 0.477029019349 0.0 0.477029019349
302192392 0.126760188817 0.500254877003 0.239438867097 0.500254877003 0.239438867097 0.477029019349 0.126760188817 0.477029019349
302192396 0.253520377634 0.500254877003 0.366199055914 0.500254877003 0.366199055914 0.477029019349 0.253520377634 0.477029019349
302192400 0.380280566452 0.500254877003 0.492959244731 0.500254877003 0.492959244731 0.477029019349 0.380280566452 0.477029019349
302192404 0.507040755269 0.500254877003 0.619719433548 0.500254877003 0.619719433548 0.477029019349 0.507040755269 0.477029019349
302192408 0.633800944086 0.500254877003 0.746479622366 0.500254877003 0.746479622366 0.477029019349 0.633800944086 0.477029019349
302192412 0.760567781398 0.500254877003 0.873239811183 0.500254877003 0.873239811183 0.477029019349 0.760567781398 0.477029019349
302192416 0.887327970215 0.500254877003 1.0 0.500254877003 1.0 0.477029019349 0.887327970215 0.477029019349
302192644 0.0 0.477538773355 0.112672029785 0.477538773355 0.112672029785 0.454312915701 0.0 0.454312915701
302192648 0.126760188817 0.477538773355 0.239438867097 0.477538773355 0.239438867097 0.454312915701 0.126760188817 0.454312915701
302192652 0.253520377634 0.477538773355 0.366199055914 0.477538773355 0.366199055914 0.454312915701 0.253520377634 0.454312915701
302192656 0.380280566452 0.477538773355 0.492959244731 0.477538773355 0.492959244731 0.454312915701 0.380280566452 0.454312915701
302192660 0.507040755269 0.477538773355 0.619719433548 0.477538773355 0.619719433548 0.454312915701 0.507040755269 0.454312915701
302192664 0.633800944086 0.477538773355 0.746479622366 0.477538773355 0.746479622366 0.454312915701 0.633800944086 0.454312915701
302192668 0.760567781398 0.477538773355 0.873239811183 0.477538773355 0.873239811183 0.454312915701 0.760567781398 0.454312915701
302192672 0.887327970215 0.477538773355 1.0 0.477538773355 1.0 0.454312915701 0.887327970215 0.454312915701
302192900 0.0 0.454822669707 0.112672029785 0.454822669707 0.112672029785 0.431596812053 0.0 0.431596812053
302192904 0.126760188817 0.454822669707 0.239438867097 0.454822669707 0.239438867097 0.431596812053 0.126760188817 0.431596812053
302192908 0.253520377634 0.454822669707 0.366199055914 0.454822669707 0.366199055914 0.431596812053 0.253520377634 0.431596812053
302192912 0.380280566452 0.454822669707 0.492959244731 0.454822669707 0.492959244731 0.431596812053 0.380280566452 0.431596812053
302192916 0.507040755269 0.454822669707 0.619719433548 0.454822669707 0.619719433548 0.431596812053 0.507040755269 0.431596812053
302192920 0.633800944086 0.454822669707 0.746479622366 0.454822669707 0.746479622366 0.431596812053 0.633800944086 0.431596812053
302192924 0.760567781398 0.454822669707 0.873239811183 0.454822669707 0.873239811183 0.431596812053 0.760567781398 0.431596812053
302192928 0.887327970215 0.454822669707 1.0 0.454822669707 1.0 0.431596812053 0.887327970215 0.431596812053
302193156 0.0 0.432106566059 0.112672029785 0.432106566059 0.112672029785 0.408880708405 0.0 0.408880708405
302193160 0.126760188817 0.432106566059 0.239438867097 0.432106566059 0.239438867097 0.408880708405 0.126760188817 0.408880708405
302193164 0.253520377634 0.432106566059 0.366199055914 0.432106566059 0.366199055914 0.408880708405 0.253520377634 0.408880708405
302193168 0.380280566452 0.432106566059 0.492959244731 0.432106566059 0.492959244731 0.408880708405 0.380280566452 0.408880708405
302193172 0.507040755269 0.432106566059 0.619719433548 0.432106566059 0.619719433548 0.408880708405 0.507040755269 0.408880708405
302193176 0.633800944086 0.432106566059 0.746479622366 0.432106566059 0.746479622366 0.408880708405 0.633800944086 0.408880708405
302193180 0.760567781398 0.432106566059 0.873239811183 0.432106566059 0.873239811183 0.408880708405 0.760567781398 0.408880708405
302193184 0.887327970215 0.432106566059 1.0 0.432106566059 1.0 0.408880708405 0.887327970215 0.408880708405
302193412 0.0 0.40939351483 0.112672029785 0.40939351483 0.112672029785 0.386164604758 0.0 0.386164604758
302193416 0.126760188817 0.40939351483 0.239438867097 0.40939351483 0.239438867097 0.386164604758 0.126760188817 0.386164604758
302193420 0.253520377634 0.40939351483 0.366199055914 0.40939351483 0.366199055914 0.386164604758 0.253520377634 0.386164604758
302193424 0.380280566452 0.40939351483 0.492959244731 0.40939351483 0.492959244731 0.386164604758 0.380280566452 0.386164604758
302193428 0.507040755269 0.40939351483 0.619719433548 0.40939351483 0.619719433548 0.386164604758 0.507040755269 0.386164604758
302193432 0.633800944086 0.40939351483 0.746479622366 0.40939351483 0.746479622366 0.386164604758 0.633800944086 0.386164604758
302193436 0.760567781398 0.40939351483 0.873239811183 0.40939351483 0.873239811183 0.386164604758 0.760567781398 0.386164604758
302193440 0.887327970215 0.40939351483 1.0 0.40939351483 1.0 0.386164604758 0.887327970215 0.386164604758
302193668 0.0 0.386677411182 0.112672029785 0.386677411182 0.112672029785 0.36344850111 0.0 0.36344850111
302193672 0.126760188817 0.386677411182 0.239438867097 0.386677411182 0.239438867097 0.36344850111 0.126760188817 0.36344850111
302193676 0.253520377634 0.386677411182 0.366199055914 0.386677411182 0.366199055914 0.36344850111 0.253520377634 0.36344850111
302193680 0.380280566452 0.386677411182 0.492959244731 0.386677411182 0.492959244731 0.36344850111 0.380280566452 0.36344850111
302193684 0.507040755269 0.386677411182 0.619719433548 0.386677411182 0.619719433548 0.36344850111 0.507040755269 0.36344850111
302193688 0.633800944086 0.386677411182 0.746479622366 0.386677411182 0.746479622366 0.36344850111 0.633800944086 0.36344850111
302193692 0.760567781398 0.386677411182 0.873239811183 0.386677411182 0.873239811183 0.36344850111 0.760567781398 0.36344850111
302193696 0.887327970215 0.386677411182 1.0 0.386677411182 1.0 0.36344850111 0.887327970215 0.36344850111
302193924 0.0 0.363961307534 0.112672029785 0.363961307534 0.112672029785 0.340735449881 0.0 0.340735449881
302193928 0.126760188817 0.363961307534 0.239438867097 0.363961307534 0.239438867097 0.340735449881 0.126760188817 0.340735449881
302193932 0.253520377634 0.363961307534 0.366199055914 0.363961307534 0.366199055914 0.340735449881 0.253520377634 0.340735449881
302193936 0.380280566452 0.363961307534 0.492959244731 0.363961307534 0.492959244731 0.340735449881 0.380280566452 0.340735449881
302193940 0.507040755269 0.363961307534 0.619719433548 0.363961307534 0.619719433548 0.340735449881 0.507040755269 0.340735449881
302193944 0.633800944086 0.363961307534 0.746479622366 0.363961307534 0.746479622366 0.340735449881 0.633800944086 0.340735449881
302193948 0.760567781398 0.363961307534 0.873239811183 0.363961307534 0.873239811183 0.340735449881 0.760567781398 0.340735449881
302193952 0.887327970215 0.363961307534 1.0 0.363961307534 1.0 0.340735449881 0.887327970215 0.340735449881
302194180 0.0 0.341245203886 0.112672029785 0.341245203886 0.112672029785 0.318019346233 0.0 0.318019346233
302194184 0.126760188817 0.341245203886 0.239438867097 0.341245203886 0.239438867097 0.318019346233 0.126760188817 0.318019346233
302194188 0.253520377634 0.341245203886 0.366199055914 0.341245203886 0.366199055914 0.318019346233 0.253520377634 0.318019346233
302194192 0.380280566452 0.341245203886 0.492959244731 0.341245203886 0.492959244731 0.318019346233 0.380280566452 0.318019346233
302194196 0.507040755269 0.341245203886 0.619719433548 0.341245203886 0.619719433548 0.318019346233 0.507040755269 0.318019346233
302194200 0.633800944086 0.341245203886 0.746479622366 0.341245203886 0.746479622366 0.318019346233 0.633800944086 0.318019346233
302194204 0.760567781398 0.341245203886 0.873239811183 0.341245203886 0.873239811183 0.318019346233 0.760567781398 0.318019346233
302194208 0.887327970215 0.341245203886 1.0 0.341245203886 1.0 0.318019346233 0.887327970215 0.318019346233
302194436 0.0 0.318529100238 0.112672029785 0.318529100238 0.112672029785 0.295303242585 0.0 0.295303242585
302194440 0.126760188817 0.318529100238 0.239438867097 0.318529100238 0.239438867097 0.295303242585 0.126760188817 0.295303242585
302194444 0.253520377634 0.318529100238 0.366199055914 0.318529100238 0.366199055914 0.295303242585 0.253520377634 0.295303242585
302194448 0.380280566452 0.318529100238 0.492959244731 0.318529100238 0.492959244731 0.295303242585 0.380280566452 0.295303242585
302194452 0.507040755269 0.318529100238 0.619719433548 0.318529100238 0.619719433548 0.295303242585 0.507040755269 0.295303242585
302194456 0.633800944086 0.318529100238 0.746479622366 0.318529100238 0.746479622366 0.295303242585 0.633800944086 0.295303242585
302194460 0.760567781398 0.318529100238 0.873239811183 0.318529100238 0.873239811183 0.295303242585 0.760567781398 0.295303242585
302194464 0.887327970215 0.318529100238 1.0 0.318529100238 1.0 0.295303242585 0.887327970215 0.295303242585
302194692 0.0 0.29581299659 0.112672029785 0.29581299659 0.112672029785 0.272587138937 0.0 0.272587138937
302194696 0.126760188817 0.29581299659 0.239438867097 0.29581299659 0.239438867097 0.272587138937 0.126760188817 0.272587138937
302194700 0.253520377634 0.29581299659 0.366199055914 0.29581299659 0.366199055914 0.272587138937 0.253520377634 0.272587138937
302194704 0.380280566452 0.29581299659 0.492959244731 0.29581299659 0.492959244731 0.272587138937 0.380280566452 0.272587138937
302194708 0.507040755269 0.29581299659 0.619719433548 0.29581299659 0.619719433548 0.272587138937 0.507040755269 0.272587138937
302194712 0.633800944086 0.29581299659 0.746479622366 0.29581299659 0.746479622366 0.272587138937 0.633800944086 0.272587138937
302194716 0.760567781398 0.29581299659 0.873239811183 0.29581299659 0.873239811183 0.272587138937 0.760567781398 0.272587138937
302194720 0.887327970215 0.29581299659 1.0 0.29581299659 1.0 0.272587138937 0.887327970215 0.272587138937
302194948 0.0 0.273096892943 0.112672029785 0.273096892943 0.112672029785 0.261464123391 0.0 0.261464123391
302194952 0.126760188817 0.273096892943 0.239438867097 0.273096892943 0.239438867097 0.261464123391 0.126760188817 0.261464123391
302194956 0.253520377634 0.273096892943 0.366199055914 0.273096892943 0.366199055914 0.261464123391 0.253520377634 0.261464123391
302194960 0.380280566452 0.273096892943 0.492959244731 0.273096892943 0.492959244731 0.261464123391 0.380280566452 0.261464123391
302194964 0.507040755269 0.273096892943 0.619719433548 0.273096892943 0.619719433548 0.261464123391 0.507040755269 0.261464123391
302194968 0.633800944086 0.273096892943 0.746479622366 0.273096892943 0.746479622366 0.261464123391 0.633800944086 0.261464123391
302194972 0.760567781398 0.273096892943 0.873239811183 0.273096892943 0.873239811183 0.261464123391 0.760567781398 0.261464123391
302194976 0.887327970215 0.273096892943 1.0 0.273096892943 1.0 0.261464123391 0.887327970215 0.261464123391
302195204 0.0 0.250383841714 0.112672029785 0.250383841714 0.112672029785 0.238751072162 0.0 0.238751072162
302195208 0.126760188817 0.250383841714 0.239438867097 0.250383841714 0.239438867097 0.238751072162 0.126760188817 0.238751072162
302195212 0.253520377634 0.250383841714 0.366199055914 0.250383841714 0.366199055914 0.238751072162 0.253520377634 0.238751072162
302195216 0.380280566452 0.250383841714 0.492959244731 0.250383841714 0.492959244731 0.238751072162 0.380280566452 0.238751072162
302195220 0.507040755269 0.250383841714 0.619719433548 0.250383841714 0.619719433548 0.238751072162 0.507040755269 0.238751072162
302195224 0.633800944086 0.250383841714 0.746479622366 0.250383841714 0.746479622366 0.238751072162 0.633800944086 0.238751072162
302195228 0.760567781398 0.250383841714 0.873239811183 0.250383841714 0.873239811183 0.238751072162 0.760567781398 0.238751072162
302195232 0.887327970215 0.250383841714 1.0 0.250383841714 1.0 0.238751072162 0.887327970215 0.238751072162
302195460 0.0 0.227667738066 0.112672029785 0.227667738066 0.112672029785 0.204438827993 0.0 0.204438827993
302195464 0.126760188817 0.227667738066 0.239438867097 0.227667738066 0.239438867097 0.204438827993 0.126760188817 0.204438827993
302195468 0.253520377634 0.227667738066 0.366199055914 0.227667738066 0.366199055914 0.204438827993 0.253520377634 0.204438827993
302195472 0.380280566452 0.227667738066 0.492959244731 0.227667738066 0.492959244731 0.204438827993 0.380280566452 0.204438827993
302195476 0.507040755269 0.227667738066 0.619719433548 0.227667738066 0.619719433548 0.204438827993 0.507040755269 0.204438827993
302195480 0.633800944086 0.227667738066 0.746479622366 0.227667738066 0.746479622366 0.204438827993 0.633800944086 0.204438827993
302195484 0.760567781398 0.227667738066 0.873239811183 0.227667738066 0.873239811183 0.204438827993 0.760567781398 0.204438827993
302195488 0.887327970215 0.227667738066 1.0 0.227667738066 1.0 0.204438827993 0.887327970215 0.204438827993
302195716 0.0 0.204951634418 0.112672029785 0.204951634418 0.112672029785 0.181722724345 0.0 0.181722724345
302195720 0.126760188817 0.204951634418 0.239438867097 0.204951634418 0.239438867097 0.181722724345 0.126760188817 0.181722724345
302195724 0.253520377634 0.204951634418 0.366199055914 0.204951634418 0.366199055914 0.181722724345 0.253520377634 0.181722724345
302195728 0.380280566452 0.204951634418 0.492959244731 0.204951634418 0.492959244731 0.181722724345 0.380280566452 0.181722724345
302195732 0.507040755269 0.204951634418 0.619719433548 0.204951634418 0.619719433548 0.181722724345 0.507040755269 0.181722724345
302195736 0.633800944086 0.204951634418 0.746479622366 0.204951634418 0.746479622366 0.181722724345 0.633800944086 0.181722724345
302195740 0.760567781398 0.204951634418 0.873239811183 0.204951634418 0.873239811183 0.181722724345 0.760567781398 0.181722724345
302195744 0.887327970215 0.204951634418 1.0 0.204951634418 1.0 0.181722724345 0.887327970215 0.181722724345
302195972 0.0 0.18223553077 0.112672029785 0.18223553077 0.112672029785 0.159009673116 0.0 0.159009673116
302195976 0.126760188817 0.18223553077 0.239438867097 0.18223553077 0.239438867097 0.159009673116 0.126760188817 0.159009673116
302195980 0.253520377634 0.18223553077 0.366199055914 0.18223553077 0.366199055914 0.159009673116 0.253520377634 0.159009673116
302195984 0.380280566452 0.18223553077 0.492959244731 0.18223553077 0.492959244731 0.159009673116 0.380280566452 0.159009673116
302195988 0.507040755269 0.18223553077 0.619719433548 0.18223553077 0.619719433548 0.159009673116 0.507040755269 0.159009673116
302195992 0.633800944086 0.18223553077 0.746479622366 0.18223553077 0.746479622366 0.159009673116 0.633800944086 0.159009673116
302195996 0.760567781398 0.18223553077 0.873239811183 0.18223553077 0.873239811183 0.159009673116 0.760567781398 0.159009673116
302196000 0.887327970215 0.18223553077 1.0 0.18223553077 1.0 0.159009673116 0.887327970215 0.159009673116
302196228 0.0 0.159519427122 0.112672029785 0.159519427122 0.112672029785 0.136293569468 0.0 0.136293569468
302196232 0.126760188817 0.159519427122 0.239438867097 0.159519427122 0.239438867097 0.136293569468 0.126760188817 0.136293569468
302196236 0.253520377634 0.159519427122 0.366199055914 0.159519427122 0.366199055914 0.136293569468 0.253520377634 0.136293569468
302196240 0.380280566452 0.159519427122 0.492959244731 0.159519427122 0.492959244731 0.136293569468 0.380280566452 0.136293569468
302196244 0.507040755269 0.159519427122 0.619719433548 0.159519427122 0.619719433548 0.136293569468 0.507040755269 0.136293569468
302196248 0.633800944086 0.159519427122 0.746479622366 0.159519427122 0.746479622366 0.136293569468 0.633800944086 0.136293569468
302196252 0.760567781398 0.159519427122 0.873239811183 0.159519427122 0.873239811183 0.136293569468 0.760567781398 0.136293569468
302196256 0.887327970215 0.159519427122 1.0 0.159519427122 1.0 0.136293569468 0.887327970215 0.136293569468
302196484 0.0 0.136803323474 0.112672029785 0.136803323474 0.112672029785 0.113577465821 0.0 0.113577465821
302196488 0.126760188817 0.136803323474 0.239438867097 0.136803323474 0.239438867097 0.113577465821 0.126760188817 0.113577465821
302196492 0.253520377634 0.136803323474 0.366199055914 0.136803323474 0.366199055914 0.113577465821 0.253520377634 0.113577465821
302196496 0.380280566452 0.136803323474 0.492959244731 0.136803323474 0.492959244731 0.113577465821 0.380280566452 0.113577465821
302196500 0.507040755269 0.136803323474 0.619719433548 0.136803323474 0.619719433548 0.113577465821 0.507040755269 0.113577465821
302196504 0.633800944086 0.136803323474 0.746479622366 0.136803323474 0.746479622366 0.113577465821 0.633800944086 0.113577465821
302196508 0.760567781398 0.136803323474 0.873239811183 0.136803323474 0.873239811183 0.113577465821 0.760567781398 0.113577465821
302196512 0.887327970215 0.136803323474 1.0 0.136803323474 1.0 0.113577465821 0.887327970215 0.113577465821
302196740 0.0 0.114087219826 0.112672029785 0.114087219826 0.112672029785 0.0908613621726 0.0 0.0908613621726
302196744 0.126760188817 0.114087219826 0.239438867097 0.114087219826 0.239438867097 0.0908613621726 0.126760188817 0.0908613621726
302196748 0.253520377634 0.114087219826 0.366199055914 0.114087219826 0.366199055914 0.0908613621726 0.253520377634 0.0908613621726
302196752 0.380280566452 0.114087219826 0.492959244731 0.114087219826 0.492959244731 0.0908613621726 0.380280566452 0.0908613621726
302196756 0.507040755269 0.114087219826 0.619719433548 0.114087219826 0.619719433548 0.0908613621726 0.507040755269 0.0908613621726
302196760 0.633800944086 0.114087219826 0.746479622366 0.114087219826 0.746479622366 0.0908613621726 0.633800944086 0.0908613621726
302196764 0.760567781398 0.114087219826 0.873239811183 0.114087219826 0.873239811183 0.0908613621726 0.760567781398 0.0908613621726
302196768 0.887327970215 0.114087219826 1.0 0.114087219826 1.0 0.0908613621726 0.887327970215 0.0908613621726
302196996 0.0 0.0913741685973 0.112672029785 0.0913741685973 0.112672029785 0.0681452585246 0.0 0.0681452585246
302197000 0.126760188817 0.0913741685973 0.239438867097 0.0913741685973 0.239438867097 0.0681452585246 0.126760188817 0.0681452585246
302197004 0.253520377634 0.0913741685973 0.366199055914 0.0913741685973 0.366199055914 0.0681452585246 0.253520377634 0.0681452585246
302197008 0.380280566452 0.0913741685973 0.492959244731 0.0913741685973 0.492959244731 0.0681452585246 0.380280566452 0.0681452585246
302197012 0.507040755269 0.0913741685973 0.619719433548 0.0913741685973 0.619719433548 0.0681452585246 0.507040755269 0.0681452585246
302197016 0.633800944086 0.0913741685973 0.746479622366 0.0913741685973 0.746479622366 0.0681452585246 0.633800944086 0.0681452585246
302197020 0.760567781398 0.0913741685973 0.873239811183 0.0913741685973 0.873239811183 0.0681452585246 0.760567781398 0.0681452585246
302197024 0.887327970215 0.0913741685973 1.0 0.0913741685973 1.0 0.0681452585246 0.887327970215 0.0681452585246
302197252 0.0 0.0686580649494 0.112672029785 0.0686580649494 0.112672029785 0.0454291548767 0.0 0.0454291548767
302197256 0.126760188817 0.0686580649494 0.239438867097 0.0686580649494 0.239438867097 0.0454291548767 0.126760188817 0.0454291548767
302197260 0.253520377634 0.0686580649494 0.366199055914 0.0686580649494 0.366199055914 0.0454291548767 0.253520377634 0.0454291548767
302197264 0.380280566452 0.0686580649494 0.492959244731 0.0686580649494 0.492959244731 0.0454291548767 0.380280566452 0.0454291548767
302197268 0.507040755269 0.0686580649494 0.619719433548 0.0686580649494 0.619719433548 0.0454291548767 0.507040755269 0.0454291548767
302197272 0.633800944086 0.0686580649494 0.746479622366 0.0686580649494 0.746479622366 0.0454291548767 0.633800944086 0.0454291548767
302197276 0.760567781398 0.0686580649494 0.873239811183 0.0686580649494 0.873239811183 0.0454291548767 0.760567781398 0.0454291548767
302197280 0.887327970215 0.0686580649494 1.0 0.0686580649494 1.0 0.0454291548767 0.887327970215 0.0454291548767
302197508 0.0 0.0459419613014 0.112672029785 0.0459419613014 0.112672029785 0.0227130512288 0.0 0.0227130512288
302197512 0.126760188817 0.0459419613014 0.239438867097 0.0459419613014 0.239438867097 0.0227130512288 0.126760188817 0.0227130512288
302197516 0.253520377634 0.0459419613014 0.366199055914 0.0459419613014 0.366199055914 0.0227130512288 0.253520377634 0.0227130512288
302197520 0.380280566452 0.0459419613014 0.492959244731 0.0459419613014 0.492959244731 0.0227130512288 0.380280566452 0.0227130512288
302197524 0.507040755269 0.0459419613014 0.619719433548 0.0459419613014 0.619719433548 0.0227130512288 0.507040755269 0.0227130512288
302197528 0.633800944086 0.0459419613014 0.746479622366 0.0459419613014 0.746479622366 0.0227130512288 0.633800944086 0.0227130512288
302197532 0.760567781398 0.0459419613014 0.873239811183 0.0459419613014 0.873239811183 0.0227130512288 0.760567781398 0.0227130512288
302197536 0.887327970215 0.0459419613014 1.0 0.0459419613014 1.0 0.0227130512288 0.887327970215 0.0227130512288
302197764 0.0 0.0232258576535 0.112672029785 0.0232258576535 0.112672029785 0.0 0.0 0.0
302197768 0.126760188817 0.0232258576535 0.239438867097 0.0232258576535 0.239438867097 0.0 0.126760188817 0.0
302197772 0.253520377634 0.0232258576535 0.366199055914 0.0232258576535 0.366199055914 0.0 0.253520377634 0.0
302197776 0.380280566452 0.0232258576535 0.492959244731 0.0232258576535 0.492959244731 0.0 0.380280566452 0.0
302197780 0.507040755269 0.0232258576535 0.619719433548 0.0232258576535 0.619719433548 0.0 0.507040755269 0.0
302197784 0.633800944086 0.0232258576535 0.746479622366 0.0232258576535 0.746479622366 0.0 0.633800944086 0.0
302197788 0.760567781398 0.0232258576535 0.873239811183 0.0232258576535 0.873239811183 0.0 0.760567781398 0.0
302197792 0.887327970215 0.0232258576535 1.0 0.0232258576535 1.0 0.0 0.887327970215 0.0
