# Xscale/Yscale
# 30.466/30.5622
352850948 0.674791242697 0.525268632494 0.837064268365 0.460817284096 0.67855478238 0.475690657086
352851972 0.831041160638 0.540142070924 0.674791242697 0.525268632494 0.837064268365 0.460817284096
352855044 0.674852294361 0.47515574795 0.81233670321 0.367741523843 0.664451519727 0.426529176565
352856068 0.828976564039 0.445544168941 0.674852294361 0.47515574795 0.81233670321 0.367741523843
352859140 0.660748047003 0.4270556439 0.762305520909 0.285380306392 0.637025536664 0.383319590867
352860164 0.800261603099 0.355357925804 0.660748047003 0.4270556439 0.762305520909 0.285380306392
352863236 0.633621085801 0.38486496391 0.691024092431 0.220406580678 0.598498654238 0.349562858695
352864260 0.747219851638 0.276889752701 0.633621085801 0.38486496391 0.691024092431 0.220406580678
352867332 0.595668614193 0.352001819241 0.604267051795 0.178083711251 0.551992056719 0.327993730818
352868356 0.674149543754 0.216496849049 0.595668614193 0.352001819241 0.604267051795 0.178083711251
352871428 0.549965863586 0.331128649116 0.509062856955 0.161840443424 0.501273111009 0.320359463651
352872452 0.586971049695 0.179071532809 0.549965863586 0.331128649116 0.509062856955 0.161840443424
352875524 0.50021503906 0.323936431278 0.413124466619 0.172993109135 0.450450994551 0.327278468173
352876548 0.492746668417 0.167644999378 0.50021503906 0.323936431278 0.413124466619 0.172993109135
352879620 0.4504467275 0.331007911734 0.324224053043 0.210637977633 0.403643405764 0.348190575286
352880644 0.399109827349 0.183145519629 0.4504467275 0.331007911734 0.324224053043 0.210637977633
352883716 0.404693100505 0.351770160525 0.249564104247 0.271725203029 0.364641567649 0.381401208028
352884740 0.313646688111 0.224315003501 0.404693100505 0.351770160525 0.249564104247 0.271725203029
352887812 0.366660867853 0.38454103435 0.195193002035 0.351305534287 0.336606052649 0.424220115044
352888836 0.243280378126 0.287818612534 0.366660867853 0.38454103435 0.195193002035 0.351305534287
352891908 0.339430512703 0.426665619622 0.165515656798 0.442932445963 0.321807588788 0.473178272507
352892932 0.193712335062 0.368512083554 0.339430512703 0.426665619622 0.165515656798 0.442932445963
352896004 0.325208757303 0.474731367506 0.162935731635 0.539182715904 0.32144521762 0.524309342914
352897028 0.168958839362 0.459857929076 0.325208757303 0.474731367506 0.162935731635 0.539182715904
352900100 0.325147705639 0.52484425205 0.18766329679 0.632258476157 0.335548480273 0.573470823435
352901124 0.171023435961 0.554455831059 0.325147705639 0.52484425205 0.18766329679 0.632258476157
352904196 0.339251952997 0.5729443561 0.237694479091 0.714619693608 0.362974463336 0.616680409133
352905220 0.199738396901 0.644642074196 0.339251952997 0.5729443561 0.237694479091 0.714619693608
352908292 0.366378914199 0.61513503609 0.308975907569 0.779593419322 0.401501345762 0.650437141305
352909316 0.252780148362 0.723110247299 0.366378914199 0.61513503609 0.308975907569 0.779593419322
352912388 0.404331385807 0.647998180759 0.395732948205 0.821916288749 0.448007943281 0.672006269182
352913412 0.325850456246 0.783503150951 0.404331385807 0.647998180759 0.395732948205 0.821916288749
352916484 0.450034136414 0.668871350884 0.490937143045 0.838159556576 0.498726888991 0.679640536349
352917508 0.413028950305 0.820928467191 0.450034136414 0.668871350884 0.490937143045 0.838159556576
352920580 0.49978496094 0.676063568722 0.586875533381 0.827006890865 0.549549005449 0.672721531827
352921604 0.507253331583 0.832355000622 0.49978496094 0.676063568722 0.586875533381 0.827006890865
352924676 0.5495532725 0.668992088266 0.675775946957 0.789362022367 0.596356594236 0.651809424714
352925700 0.600890172651 0.816854480371 0.5495532725 0.668992088266 0.675775946957 0.789362022367
352928772 0.595306899495 0.648229839475 0.750435895753 0.728274796971 0.635358432351 0.618598791972
352929796 0.686353311889 0.775684996499 0.595306899495 0.648229839475 0.750435895753 0.728274796971
352932868 0.633339132147 0.61545896565 0.804806997965 0.648694465713 0.663393947351 0.575779884956
352933892 0.756719621874 0.712181387466 0.633339132147 0.61545896565 0.804806997965 0.648694465713
352936964 0.660569487297 0.573334380378 0.834484343202 0.557067554037 0.678192411212 0.526821727493
352937988 0.806287664938 0.631487916446 0.660569487297 0.573334380378 0.834484343202 0.557067554037
352941060 0.839092759141 0.525254595546 1.0 0.460799615211 0.839092759141 0.475673969806
352942084 1.0 0.54012865566 0.839092759141 0.525254595546 1.0 0.460799615211
352945156 0.837976760979 0.462712435623 0.98426114357 0.369881749351 0.828835423095 0.413976088109
352946180 0.998880719491 0.447860101694 0.837976760979 0.462712435623 0.98426114357 0.369881749351
352949252 0.825347600604 0.401440014135 0.952028490777 0.28339484723 0.807380358432 0.355207413079
352950276 0.980778572835 0.357367270681 0.825347600604 0.401440014135 0.952028490777 0.28339484723
352953348 0.801640189063 0.34352369921 0.904404910392 0.204284377434 0.775456902777 0.301369665796
352954372 0.946300794328 0.271731092657 0.801640189063 0.34352369921 0.904404910392 0.204284377434
352957444 0.767660999147 0.290936189149 0.843011882098 0.135245499342 0.734153482571 0.254295829489
352958468 0.896622464387 0.193868896873 0.767660999147 0.290936189149 0.843011882098 0.135245499342
352961540 0.72456705836 0.245468258175 0.769935337754 0.0786232666497 0.684875927263 0.215589191878
352962564 0.833440556686 0.12643068889 0.72456705836 0.245468258175 0.769935337754 0.0786232666497
352965636 0.673825576052 0.208667896945 0.687667235607 0.0363553670874 0.629302501149 0.186568048112
352966660 0.758904024158 0.0717160413845 0.673825576052 0.208667896945 0.687667235607 0.0363553670874
352969732 0.617164708199 0.181788614694 0.59900840281 0.00987494355773 0.569326134051 0.168220874152
352970756 0.675549793212 0.0315847681122 0.617164708199 0.181788614694 0.59900840281 0.00987494355773
352973828 0.556513818683 0.165743958223 0.506977811331 8.50724097088e-05 0.506988872842 0.161169680193
352974852 0.586217750935 0.00740457166042 0.556513818683 0.165743958223 0.506977811331 8.50724097088e-05
352977924 0.493938620101 0.161084607783 0.414709512243 0.00731949925071 0.444413444496 0.165658885813
352978948 0.493949714436 0.0 0.493938620101 0.161084607783 0.414709512243 0.00731949925071
352982020 0.431569618591 0.167965656923 0.32534595943 0.0313295508831 0.383731372678 0.18153437907
352983044 0.401887678067 0.0096197263286 0.431569618591 0.167965656923 0.32534595943 0.0313295508831
352986116 0.371531215125 0.186154138118 0.241930020351 0.0713004953832 0.327008140222 0.208253986951
352987140 0.313166480667 0.0359398210862 0.371531215125 0.186154138118 0.241930020351 0.0713004953832
352990212 0.315867524453 0.215029677183 0.167301253857 0.125871174196 0.276176393357 0.244908743481
352991236 0.230808113963 0.078063751955 0.315867524453 0.215029677183 0.167301253857 0.125871174196
352994308 0.266474102278 0.253609687784 0.104004463993 0.193182427967 0.232966585702 0.290250047444
352995332 0.157615046281 0.134558376033 0.266474102278 0.253609687784 0.104004463993 0.193182427967
352998404 0.225033479945 0.300580128394 0.0541915578021 0.270941882456 0.198850193659 0.342734489009
352999428 0.0960841593908 0.203494840031 0.225033479945 0.300580128394 0.0541915578021 0.270941882456
353002500 0.19295608219 0.354341637709 0.0195595089608 0.35650116811 0.174988840018 0.400573911564
353003524 0.048306308672 0.28252907186 0.19295608219 0.354341637709 0.0195595089608 0.35650116811
353006596 0.171335258977 0.413063195712 0.00128996258124 0.446947536499 0.16219720344 0.461799543227
353007620 0.0159128208495 0.368969184156 0.171335258977 0.413063195712 0.00128996258124 0.446947536499
353010692 0.160907240859 0.474745404454 0.0 0.539200384789 0.160907240859 0.524326030194
353011716 0.0 0.45987134434 0.160907240859 0.474745404454 0.0 0.539200384789
353014788 0.162023239021 0.537287564377 0.0157388564301 0.630118250649 0.171164576905 0.586023911891
353015812 0.00111928050942 0.552139898306 0.162023239021 0.537287564377 0.0157388564301 0.630118250649
353018884 0.174652399396 0.598559985865 0.0479715092234 0.71660515277 0.192619641568 0.644792586921
353019908 0.0192214271647 0.642632729319 0.174652399396 0.598559985865 0.0479715092234 0.71660515277
353022980 0.198359810937 0.65647630079 0.0955950896081 0.795715622566 0.224543097223 0.698630334204
353024004 0.0536992056719 0.728268907343 0.198359810937 0.65647630079 0.0955950896081 0.795715622566
353027076 0.232339000853 0.709063810851 0.156988117902 0.864754500658 0.265846517429 0.745704170511
353028100 0.103377535613 0.806131103127 0.232339000853 0.709063810851 0.156988117902 0.864754500658
353031172 0.27543294164 0.754531741825 0.230064662246 0.92137673335 0.315124072737 0.784410808122
353032196 0.166559443314 0.87356931111 0.27543294164 0.754531741825 0.230064662246 0.92137673335
353035268 0.326174423948 0.791332103055 0.312332764393 0.963644632913 0.370697498851 0.813431951888
353036292 0.241095975842 0.928283958616 0.326174423948 0.791332103055 0.312332764393 0.963644632913
353039364 0.382835291801 0.818211385306 0.40099159719 0.990125056442 0.430673865949 0.831779125848
353040388 0.324450206788 0.968415231888 0.382835291801 0.818211385306 0.40099159719 0.990125056442
353043460 0.443486181317 0.834256041777 0.493022188669 0.99991492759 0.493011127158 0.838830319807
353044484 0.413782249065 0.99259542834 0.443486181317 0.834256041777 0.493022188669 0.99991492759
353047556 0.506061379899 0.838915392217 0.585290487757 0.992680500749 0.555586555504 0.834341114187
353048580 0.506050285564 1.0 0.506061379899 0.838915392217 0.585290487757 0.992680500749
353051652 0.568430381409 0.832034343077 0.67465404057 0.968670449117 0.616268627322 0.81846562093
353052676 0.598112321933 0.990380273671 0.568430381409 0.832034343077 0.67465404057 0.968670449117
353055748 0.628468784875 0.813845861882 0.758069979649 0.928699504617 0.672991859778 0.791746013049
353056772 0.686833519333 0.964060178914 0.628468784875 0.813845861882 0.758069979649 0.928699504617
353059844 0.684132475547 0.784970322817 0.832698746143 0.874128825804 0.723823606643 0.755091256519
353060868 0.769191886037 0.921936248045 0.684132475547 0.784970322817 0.832698746143 0.874128825804
353063940 0.733525897722 0.746390312216 0.895995536007 0.806817572033 0.767033414298 0.709749952556
353064964 0.842384953719 0.865441623967 0.733525897722 0.746390312216 0.895995536007 0.806817572033
353068036 0.774966520055 0.699419871606 0.945808442198 0.729058117544 0.801149806341 0.657265510991
353069060 0.903915840609 0.796505159969 0.774966520055 0.699419871606 0.945808442198 0.729058117544
353072132 0.80704391781 0.645658362291 0.980440491039 0.64349883189 0.825011159982 0.599426088436
353073156 0.951693691328 0.71747092814 0.80704391781 0.645658362291 0.980440491039 0.64349883189
353076228 0.828664741023 0.586936804288 0.998710037419 0.553052463501 0.83780279656 0.538200456773
353077252 0.984087179151 0.631030815844 0.828664741023 0.586936804288 0.998710037419 0.553052463501
