# Xscale/Yscale
# 242.2563/142.5
470094149 0.650052444457 0.453894736842 0.680210586887 0.445894736842 0.665420465845 0.410175438596
470094150 0.665461744442 0.410315789474 0.638469670345 0.425964912281 0.650077211614 0.453964912281
470094180 0.674109610359 0.423368421053 0.710121057739 0.408561403509 0.697217368547 0.383228070175 0.66404588859 0.403649122807
470094184 0.683950427708 0.451578947368 0.721840051218 0.442526315789 0.713047710214 0.41550877193 0.677094052869 0.430456140351
470094212 0.717088884789 0.391228070175 0.753570908166 0.373684210526 0.741476279461 0.351789473684 0.70724393958 0.373403508772
470094216 0.72789974915 0.416210526316 0.766115473571 0.402877192982 0.756542967097 0.379789473684 0.720110478035 0.397403508772
470094220 0.735845878931 0.442245614035 0.775312344818 0.433263157895 0.768381668506 0.409263157895 0.730207222681 0.422736842105
470094245 0.756658547167 0.362175438596 0.802874063543 0.338736842105 0.780864316016 0.302807017544
470094246 0.780785886683 0.302666666667 0.738904622914 0.333263157895 0.756604884992 0.362105263158
470094249 0.775056417521 0.404070175439 0.824367828618 0.388070175439 0.808244408917 0.349192982456
470094250 0.808186618883 0.349052631579 0.76204127612 0.372631578947 0.775019266785 0.403929824561
470094253 0.786680470229 0.448280701754 0.837882441035 0.440210526316 0.828037495826 0.399228070175
470094254 0.827996217229 0.399087719298 0.778730212589 0.415228070175 0.786659830931 0.448140350877
470094276 0.81385004229 0.342666666667 0.872160187372 0.314666666667 0.854369112382 0.282526315789 0.799654333035 0.317052631579
470094280 0.829486374555 0.378807017544 0.890566313446 0.357473684211 0.87648618426 0.323578947368 0.818250340652 0.351719298246
470094284 0.840982463614 0.41649122807 0.904064414424 0.402105263158 0.893864473287 0.366807017544 0.832842324431 0.388350877193
470094308 0.871305720429 0.286456140351 0.934036803171 0.251298245614 0.917892744172 0.225052631579 0.858187382537 0.265052631579
470094312 0.886917285536 0.316210526316 0.952203513386 0.286175438596 0.938172918516 0.258666666667 0.875512009388 0.293894736842
470094316 0.900138819919 0.347157894737 0.967583918354 0.322315789474 0.955753472665 0.293754385965 0.89052090699 0.324
470094320 0.910896022106 0.37901754386 0.980087205162 0.35950877193 0.970522954408 0.330175438596 0.903123262429 0.355157894737
470094324 0.919118718481 0.411649122807 0.989622560899 0.397614035088 0.982390550834 0.367649122807 0.913240646373 0.387228070175
470094405 0.573509543405 0.361263157895 0.589178898547 0.334315789474 0.553514191375 0.31950877193
470094406 0.553600876427 0.31950877193 0.545563933735 0.349684210526 0.573575589159 0.361333333333
470094436 0.568944130658 0.322666666667 0.583936516821 0.286736842105 0.556911419847 0.277964912281 0.547867279406 0.315859649123
470094440 0.595824752545 0.335649122807 0.616253529836 0.302526315789 0.590937366748 0.289614035088 0.576081199952 0.325614035088
470094468 0.576593054546 0.269543859649 0.590012726191 0.231368421053 0.566000966745 0.224421052632 0.557043511356 0.263929824561
470094472 0.601909217634 0.279578947368 0.61952279466 0.243157894737 0.59643567577 0.233543859649 0.583115072756 0.271789473684
470094476 0.625941616379 0.292350877193 0.647522066506 0.258105263158 0.625652666205 0.246035087719 0.608138157811 0.282526315789
470094501 0.584052096891 0.221052631579 0.600146621574 0.171789473684 0.559189998361 0.161964912281
470094502 0.559062034713 0.161894736842 0.55102509202 0.213122807018 0.58394477254 0.221052631579
470094505 0.626647480375 0.237614035088 0.650250581719 0.19150877193 0.611341376881 0.175368421053
470094506 0.611213413232 0.175298245614 0.595267491496 0.224631578947 0.626548411744 0.237614035088
470094509 0.666126329842 0.260701754386 0.696660107498 0.218807017544 0.660747728748 0.196771929825
470094510 0.660632148679 0.196701754386 0.637165266703 0.242947368421 0.66603551693 0.260631578947
470094532 0.610705686498 0.166807017544 0.632133405819 0.105754385965 0.596827822434 0.095649122807 0.582533044548 0.158736842105
470094536 0.647311545665 0.181333333333 0.675438781159 0.12301754386 0.641491263591 0.10898245614 0.620220402937 0.170105263158
470094540 0.682059867999 0.199789473684 0.716531623739 0.145052631579 0.68437146939 0.127298245614 0.656396964702 0.185614035088
470094564 0.6115642813 0.0863859649123 0.631105568772 0.0172631578947 0.601091901428 0.0100350877193 0.587168630909 0.0805614035088
470094568 0.643666645615 0.0964210526316 0.6685741506 0.0289824561404 0.639216812937 0.0195087719298 0.619807616974 0.088701754386
470094572 0.674881520109 0.10898245614 0.705006639662 0.0437192982456 0.676487257504 0.0319298245614 0.651703588307 0.0993684210526
470094576 0.705019023241 0.123859649123 0.740171875819 0.0611929824561 0.712663819269 0.0471578947368 0.682666663364 0.11249122807
470094580 0.733893401327 0.141122807018 0.77385521037 0.0814035087719 0.747531849533 0.0652631578947 0.712498704884 0.128070175439
470094661 0.45391719431 0.349894736842 0.445900890916 0.319719298246 0.410232055885 0.334526315789
470094662 0.410310485218 0.334456140351 0.425963328921 0.361473684211 0.453991495784 0.349894736842
470094692 0.423408183812 0.325824561404 0.408568528455 0.289824561404 0.383244109648 0.302736842105 0.403660503359 0.335929824561
470094696 0.451584953621 0.316 0.442569708197 0.278105263158 0.415536355504 0.286877192982 0.43050397451 0.322877192982
470094724 0.391239773744 0.282877192982 0.37371700963 0.246385964912 0.351847609329 0.258456140351 0.373436315175 0.292701754386
470094728 0.416229835922 0.272070175439 0.402905105048 0.233824561404 0.379817986158 0.243438596491 0.397435691043 0.279859649123
470094732 0.442272502304 0.264140350877 0.433310919056 0.224631578947 0.409299159609 0.231578947368 0.422722959114 0.269754385965
470094757 0.36222092057 0.243298245614 0.338741655016 0.197052631579 0.302829276266 0.219087719298
470094758 0.302721951916 0.219157894737 0.333263985292 0.261052631579 0.362121851939 0.243368421053
470094761 0.404065033603 0.224912280702 0.388110856147 0.175578947368 0.349197523449 0.191719298246
470094762 0.34907781552 0.191789473684 0.372685044723 0.237894736842 0.403961837112 0.224912280702
470094765 0.448274410201 0.213263157895 0.440237467509 0.162105263158 0.399276716436 0.171929824561
470094766 0.399148752788 0.171929824561 0.415243277471 0.221192982456 0.448162957991 0.213333333333
470094788 0.342720911696 0.186105263158 0.314688616973 0.127789473684 0.282544974063 0.145614035088 0.317074519837 0.200280701754
470094792 0.378852067005 0.170456140351 0.357527544175 0.109403508772 0.323592410187 0.123438596491 0.351773307856 0.181684210526
470094796 0.416502274657 0.158947368421 0.402153834596 0.0958596491228 0.366856506931 0.106105263158 0.388333760567 0.167087719298
470094820 0.286478824287 0.128631578947 0.251363122445 0.0658947368421 0.225060400906 0.0820350877193 0.265100639282 0.141754385965
470094824 0.31626958721 0.113052631579 0.286185746253 0.0477192982456 0.258698329001 0.0617543859649 0.293925483052 0.124421052632
470094828 0.347191383671 0.0997894736842 0.322325157282 0.032350877193 0.293822286562 0.0442105263158 0.324021707588 0.109403508772
470094832 0.379054332127 0.0890526315789 0.359562578971 0.0198596491228 0.330217624887 0.0294035087719 0.355203559206 0.0968421052632
470094836 0.411664423175 0.0808421052632 0.397662723322 0.0103157894737 0.367657311698 0.0175438596491 0.387277028502 0.0867368421053
470094917 0.361296280014 0.426385964912 0.3342753109 0.410807017544 0.319555363472 0.446456140351
470094918 0.31958425849 0.446385964912 0.349754784499 0.454385964912 0.361329302891 0.426315789474
470094948 0.322717303946 0.430947368421 0.286738879443 0.416070175439 0.277991944895 0.443087719298 0.315893951984 0.452070175439
470094952 0.335691166752 0.404070175439 0.302499047496 0.383719298246 0.289620125462 0.409052631579 0.325648084281 0.423859649123
470094980 0.269575239117 0.423298245614 0.231376026134 0.409964912281 0.224490756278 0.433964912281 0.263969605744 0.442877192982
470094984 0.279605938009 0.398035087719 0.243144553929 0.380421052632 0.233609198192 0.403578947368 0.271845561911 0.416842105263
470094988 0.29240643071 0.373964912281 0.258141067952 0.352421052632 0.246079462123 0.374315789474 0.282582124799 0.391789473684
470095013 0.221072888507 0.415859649123 0.171781703923 0.399859649123 0.161989182531 0.440771929825
470095014 0.161966066517 0.440912280702 0.213184548761 0.448912280702 0.22104399349 0.416
470095017 0.237662756345 0.373263157895 0.191490169709 0.349754385965 0.175401836815 0.388631578947
470095018 0.175358907075 0.388771929825 0.224697149259 0.404701754386 0.23761322203 0.373403508772
470095021 0.260712724499 0.333824561404 0.218798437853 0.303298245614 0.196811806339 0.339228070175
470095022 0.196749062873 0.339368421053 0.242987695263 0.362807017544 0.260646678745 0.333894736842
470095044 0.166848498883 0.389192982456 0.105781356357 0.367859649123 0.0956573678373 0.403157894737 0.158770277594 0.417403508772
470095048 0.181344303533 0.352631578947 0.123056448893 0.324561403509 0.109038237602 0.358526315789 0.170158629518 0.379719298246
470095052 0.199844544806 0.317894736842 0.145070324281 0.283438596491 0.12733456261 0.315578947368 0.185692178078 0.34350877193
470095076 0.0864530664424 0.388350877193 0.0172573427399 0.368842105263 0.0100934423584 0.398877192982 0.0806307204395 0.412771929825
470095080 0.0964850036924 0.356280701754 0.029032887896 0.331368421053 0.0195338573238 0.360771929825 0.0887646678332 0.380140350877
470095084 0.109002738009 0.325052631579 0.0437107311554 0.294947368421 0.0319351859993 0.32350877193 0.0994322954656 0.348210526316
470095088 0.12393196792 0.294877192982 0.061203361894 0.259789473684 0.0472239524834 0.287298245614 0.11257085987 0.317263157895
470095092 0.141178578225 0.266035087719 0.0814005662598 0.226105263158 0.0653039776468 0.252421052632 0.128096565497 0.287438596491
470095173 0.349874492428 0.546035087719 0.319736989296 0.554105263158 0.334626178968 0.589754385965
470095174 0.334584900372 0.589684210526 0.361535695873 0.573964912281 0.34984972527 0.545964912281
470095204 0.325833837964 0.57649122807 0.289855413461 0.591438596491 0.302821020547 0.616771929825 0.335947094049 0.596280701754
470095208 0.316005404194 0.548350877193 0.278132292122 0.557473684211 0.286978295301 0.58449122807 0.322903057629 0.569403508772
470095236 0.282854563535 0.608701754386 0.246405563034 0.626315789474 0.258545598195 0.648140350877 0.29273665948 0.626456140351
470095240 0.272047827033 0.583719298246 0.233860997629 0.597122807018 0.243474782699 0.620140350877 0.279874248884 0.602456140351
470095244 0.264109952971 0.557684210526 0.224655870663 0.566666666667 0.231623697712 0.590666666667 0.269781632098 0.577192982456
470095269 0.243280773297 0.637754385965 0.197109012232 0.661263157895 0.219182328798 0.697122807018
470095270 0.219256630271 0.697263157895 0.261088359725 0.666666666667 0.243334435472 0.637824561404
470095273 0.224895286521 0.595859649123 0.175603689151 0.611929824561 0.19178861396 0.650807017544
470095274 0.191845991208 0.650947368421 0.237951706519 0.627228070175 0.224932437258 0.596
470095277 0.213283617392 0.551649122807 0.162090315092 0.559789473684 0.171985620188 0.600701754386
470095278 0.172024009283 0.600842105263 0.221271025769 0.584701754386 0.21330425669 0.551789473684
470095300 0.186090103745 0.657192982456 0.127819586116 0.685333333333 0.145656067562 0.717473684211 0.200322138165 0.682807017544
470095304 0.170460788842 0.621052631579 0.109407681039 0.642456140351 0.123532803894 0.676421052632 0.181731909552 0.648140350877
470095308 0.158974606646 0.583438596491 0.0959075161306 0.597824561404 0.106143369646 0.633122807018 0.167142402489 0.611578947368
470095332 0.128643506897 0.713473684211 0.0659574178257 0.748631578947 0.0821332613435 0.774947368421 0.141790327021 0.734807017544
470095336 0.11304019751 0.683649122807 0.0477849286066 0.713824561404 0.0618477207817 0.741333333333 0.124469415243 0.705964912281
470095340 0.0998203142705 0.652771929825 0.0323991574213 0.677684210526 0.0442618004155 0.706175438596 0.109461343214 0.675929824561
470095344 0.0890697166596 0.620842105263 0.0198983473288 0.640421052632 0.0294877780268 0.669754385965 0.0968631156341 0.644701754386
470095348 0.0808507353576 0.588280701754 0.0103567998025 0.602315789474 0.0176131642397 0.632350877193 0.0867482084057 0.612631578947
470095429 0.426384370603 0.638666666667 0.41083059553 0.665754385965 0.446561348456 0.680350877193
470095430 0.446474663404 0.680350877193 0.454383642448 0.650175438596 0.426318324849 0.638666666667
470095460 0.430962166928 0.677263157895 0.416101872273 0.713263157895 0.443159992124 0.721964912281 0.452063785338 0.684070175439
470095464 0.404081545041 0.664280701754 0.38376834782 0.697543859649 0.409129917364 0.710315789474 0.423858120511 0.674245614035
470095492 0.423325626619 0.730385964912 0.410009151465 0.768631578947 0.434041550209 0.775438596491 0.442887553389 0.736
470095496 0.398009463531 0.720350877193 0.380499082996 0.756842105263 0.403610969044 0.766385964912 0.416824247708 0.728070175439
470095500 0.373972936927 0.707578947368 0.352487427572 0.741824561404 0.374389850749 0.753894736842 0.391805290513 0.717333333333
470095525 0.415866584275 0.778877192982 0.399891767521 0.828210526316 0.440869030031 0.837964912281
470095526 0.441001121539 0.837964912281 0.448914228443 0.786736842105 0.415973908625 0.778947368421
470095529 0.373267072931 0.762315789474 0.349775423797 0.80849122807 0.388721779372 0.824561403509
470095530 0.38884974302 0.824561403509 0.404680084687 0.775228070175 0.373370269421 0.762385964912
470095533 0.333792351324 0.739228070175 0.303357642299 0.781192982456 0.339315427504 0.803157894737
470095534 0.339435135433 0.803228070175 0.362794693059 0.756912280702 0.333883164236 0.739298245614
470095556 0.389204738948 0.833122807018 0.367896727557 0.894245614035 0.403222950239 0.904280701754 0.417393892336 0.841192982456
470095560 0.352603007641 0.818596491228 0.324587224357 0.876912280702 0.358563636942 0.890947368421 0.379710661807 0.829754385965
470095564 0.317850557447 0.800140350877 0.283481998198 0.854947368421 0.315679303283 0.872631578947 0.343542355761 0.814245614035
470095588 0.388362655584 0.913543859649 0.368928692463 0.982736842105 0.398954743385 0.989894736842 0.412762433836 0.919298245614
470095592 0.35626029127 0.90350877193 0.331460110635 0.970947368421 0.360829831876 0.980421052632 0.380131703489 0.911157894737
470095596 0.325041288916 0.890947368421 0.295023493713 0.956280701754 0.32356351517 0.968070175439 0.348235732156 0.90049122807
470095600 0.294907913644 0.876070175439 0.259854129697 0.938807017544 0.287382825545 0.952771929825 0.317280912818 0.887368421053
470095604 0.266033535557 0.858807017544 0.226162539426 0.918596491228 0.252514795281 0.934666666667 0.287448871299 0.871859649123
470095685 0.546034509732 0.650105263158 0.554149881757 0.680210526316 0.589773310333 0.665333333333
470095686 0.589694881 0.665403508772 0.573951224385 0.638456140351 0.545960208259 0.650105263158
470095716 0.57654764809 0.674105263158 0.591482244218 0.710105263158 0.616773640149 0.697122807018 0.596270561385 0.664
470095720 0.548358494702 0.684 0.557489320195 0.721824561404 0.584493777871 0.71298245614 0.569418834515 0.677052631579
470095748 0.608720186018 0.717122807018 0.626313123745 0.753543859649 0.648157756888 0.741403508772 0.626498877429 0.707228070175
470095752 0.583721868121 0.727929824561 0.597129156187 0.766105263158 0.620195635779 0.75649122807 0.602495373701 0.720070175439
470095756 0.557670946019 0.735859649123 0.566723342179 0.775298245614 0.590718590187 0.768350877193 0.577203977771 0.730175438596
470095781 0.63774729491 0.756701754386 0.661300861938 0.802877192982 0.697176089951 0.780771929825
470095782 0.697287542161 0.780701754386 0.666675335172 0.738877192982 0.637846363541 0.756631578947
470095785 0.595890798299 0.775087719298 0.611935788667 0.824350877193 0.650820226347 0.808140350877
470095786 0.650939934276 0.808140350877 0.627246020021 0.762035087719 0.59599399479 0.77501754386
470095789 0.551673165982 0.786666666667 0.559817433024 0.837894736842 0.600757544799 0.828
470095790 0.600881380587 0.827929824561 0.584683659414 0.778666666667 0.551780490332 0.786666666667
470095812 0.657230792347 0.813894736842 0.685345644262 0.872140350877 0.717464520015 0.854315789474 0.682860672767 0.799649122807
470095816 0.621095509178 0.829543859649 0.642510844919 0.890596491228 0.676425339609 0.876421052632 0.648157756888 0.818245614035
470095820 0.583437045806 0.84098245614 0.597884554499 0.904070175439 0.633165370725 0.893824561404 0.611589048458 0.832842105263
470095844 0.713485263335 0.871298245614 0.74866701093 0.934035087719 0.774953221031 0.917824561404 0.734846936901 0.858175438596
470095848 0.683690372552 0.886947368421 0.713848514982 0.952210526316 0.741323548655 0.938105263158 0.706017965271 0.87550877193
470095852 0.652764448231 0.900140350877 0.677713231813 0.967578947368 0.706203718954 0.955719298246 0.675917612875 0.890526315789
470095856 0.620893244056 0.910877192982 0.640479937983 0.980070175439 0.669812508488 0.970456140351 0.644735761258 0.903087719298
470095860 0.588279025148 0.919157894737 0.602379793632 0.989614035088 0.632372821677 0.982385964912 0.612658164101 0.913192982456
470095941 0.638688446905 0.573543859649 0.665713543879 0.589122807018 0.680416979868 0.553473684211
470095942 0.68039221271 0.553543859649 0.650217558842 0.545543859649 0.638655424028 0.573614035088
470095972 0.677271550833 0.56898245614 0.713254103196 0.583859649123 0.722001037744 0.556842105263 0.684094902795 0.547859649123
470095976 0.664297688027 0.595859649123 0.697506318721 0.616210526316 0.710368729317 0.590877192982 0.674328386919 0.576070175439
470096004 0.730405359943 0.576631578947 0.768608700785 0.589964912281 0.775493970642 0.565964912281 0.736010993316 0.557052631579
470096008 0.720378788911 0.601894736842 0.75684430085 0.61950877193 0.766375528727 0.596350877193 0.728135037149 0.583087719298
470096012 0.707578296209 0.625964912281 0.741851914687 0.64750877193 0.753905264796 0.625614035088 0.717386090682 0.608140350877
470096037 0.778915966272 0.584070175439 0.82820673807 0.600070175439 0.838002148964 0.559157894737
470096038 0.838026916121 0.55901754386 0.786808433878 0.55101754386 0.778944861289 0.583929824561
470096041 0.762326098434 0.626666666667 0.808504464074 0.650175438596 0.824582477318 0.611298245614
470096042 0.824627883774 0.611157894737 0.775283449801 0.595298245614 0.762375632749 0.626596491228
470096045 0.73927613028 0.666175438596 0.781211056224 0.696631578947 0.803175397296 0.660701754386
470096046 0.803237315191 0.660561403509 0.756984648077 0.637192982456 0.739342176034 0.666035087719
470096068 0.833135402464 0.610736842105 0.894202957777 0.632070175439 0.90432446958 0.596771929825 0.841213623753 0.582526315789
470096072 0.818642487316 0.647298245614 0.8769319931 0.675368421053 0.890946076531 0.641403508772 0.829820731184 0.620210526316
470096076 0.800137292611 0.682105263158 0.854926373432 0.71649122807 0.872647274808 0.684280701754 0.814279339691 0.656421052632
470096100 0.913537852266 0.611578947368 0.982729035323 0.631087719298 0.989894999635 0.601052631579 0.919362262199 0.587157894737
470096104 0.903507153374 0.643649122807 0.970960507529 0.668561403509 0.980458712529 0.639157894737 0.911226250876 0.619789473684
470096108 0.890987355128 0.674877192982 0.956281838697 0.70498245614 0.968054494352 0.676421052632 0.900551605882 0.651719298246
470096112 0.876056886859 0.705052631579 0.93879622532 0.740140350877 0.952769030155 0.712631578947 0.887412628691 0.682666666667
470096116 0.858806561481 0.733894736842 0.918602736028 0.773824561404 0.934689004992 0.74750877193 0.871879492917 0.71249122807
470098245 0.656879924279 0.494315789474 0.688086543054 0.494315789474 0.683013403573 0.456070175439
470098246 0.683034042871 0.456140350877 0.652908923318 0.464280701754 0.656884052138 0.494385964912
470098249 0.653003864089 0.535087719298 0.683145495081 0.543228070175 0.68812782165 0.504912280702
470098250 0.68812782165 0.50498245614 0.656917075015 0.505122807018 0.652987352651 0.535157894737
470098276 0.689271238767 0.480912280702 0.728106142131 0.477964912281 0.723643925875 0.449894736842 0.685791453102 0.45901754386
470098280 0.689919312728 0.510807017544 0.728745960373 0.513894736842 0.728725321075 0.485473684211 0.68989867343 0.488631578947
470098284 0.685890521733 0.540350877193 0.723759505945 0.549473684211 0.728172187885 0.521403508772 0.689333156661 0.518456140351
470098308 0.740840589079 0.469052631579 0.781062453278 0.46449122807 0.776856164319 0.439859649123 0.737418593448 0.44898245614
470098312 0.742788938822 0.496210526316 0.783262602459 0.496210526316 0.781842618747 0.471228070175 0.741633138127 0.475859649123
470098316 0.741686800302 0.523368421053 0.781904536642 0.527929824561 0.783283241757 0.50301754386 0.74280957812 0.503087719298
470098320 0.737546557097 0.550315789474 0.777000639405 0.559298245614 0.781157394049 0.534666666667 0.74093140199 0.530245614035
470098341 0.791250010836 0.493754385965 0.843083544164 0.493754385965 0.839756489305 0.451789473684
470098342 0.839739977866 0.451649122807 0.788558646359 0.459859649123 0.791245882976 0.493614035088
470098345 0.788641203552 0.539368421053 0.839834918638 0.54750877193 0.843108311322 0.505543859649
470098346 0.843108311322 0.505403508772 0.791274777993 0.505543859649 0.78865771499 0.539298245614
470098372 0.848197962241 0.455157894737 0.912489375921 0.448 0.906301714341 0.411719298246 0.843261042128 0.426315789474
470098376 0.851021418225 0.494456140351 0.915717362149 0.494456140351 0.913620409459 0.457824561404 0.849349635077 0.465192982456
470098380 0.849432192269 0.533824561404 0.91372360595 0.541052631579 0.915742129307 0.504350877193 0.851046185383 0.504561403509
470098384 0.843446795811 0.572701754386 0.906520490902 0.587087719298 0.912629723149 0.550877192982 0.84832179803 0.543789473684
470098404 0.92476563045 0.444771929825 0.996156962688 0.436350877193 0.991298471908 0.405894736842 0.920819396647 0.42
470098408 0.927787223697 0.478315789474 0.999616109055 0.475438596491 0.997164160437 0.444701754386 0.925793467497 0.453263157895
470098412 0.928166986782 0.511929824561 1.0 0.514736842105 0.999966977123 0.483859649123 0.928142219624 0.486877192982
470098416 0.925909047567 0.545473684211 0.997300379804 0.553894736842 0.999686282668 0.523157894737 0.927849141591 0.52049122807
470098420 0.921025789629 0.578736842105 0.991533759906 0.592771929825 0.996326204933 0.562315789474 0.924918361256 0.553964912281
470098501 0.606908055642 0.385052631579 0.62902925538 0.36301754386 0.598400536952 0.33950877193
470098502 0.598478966285 0.339578947368 0.582912807634 0.366596491228 0.606961717817 0.385052631579
470098505 0.633016767779 0.416631578947 0.660074887629 0.401052631579 0.636570854917 0.370456140351
470098506 0.636632772811 0.370526315789 0.614602385985 0.392631578947 0.633058046375 0.416701754386
470098532 0.620360750164 0.352701754386 0.645722319709 0.323087719298 0.622738397309 0.306385964912 0.602433455807 0.339649122807
470098536 0.641920560993 0.373333333333 0.671591615987 0.348070175439 0.651501323185 0.328 0.626251205851 0.357614035088
470098540 0.659988202577 0.397052631579 0.693242239727 0.376771929825 0.676536791819 0.353824561404 0.646960677596 0.379157894737
470098564 0.648401300606 0.307789473684 0.673680312958 0.276140350877 0.653301069982 0.261684210526 0.631811432768 0.296
470098568 0.668986936563 0.325614035088 0.697642538089 0.297052631579 0.679009379735 0.280350877193 0.653821180295 0.312070175439
470098572 0.687450852671 0.345614035088 0.719123919584 0.320421052632 0.702472133852 0.301824561404 0.673890833799 0.330456140351
470098576 0.703553633074 0.367578947368 0.73784376299 0.346105263158 0.723379742859 0.325684210526 0.69177684956 0.35101754386
470098597 0.701522726138 0.289614035088 0.738231781795 0.25298245614 0.706203718954 0.225614035088
470098598 0.706100522463 0.225543859649 0.675694708455 0.267578947368 0.701444296805 0.289543859649
470098601 0.731953307303 0.323719298246 0.773929511843 0.293333333333 0.7465741861 0.261263157895
470098602 0.746483373188 0.261192982456 0.7098898976 0.297894736842 0.731883133689 0.323649122807
470098628 0.71453373968 0.222105263158 0.754916590404 0.17150877193 0.724944201658 0.150315789474 0.690616921005 0.205122807018
470098632 0.744295607586 0.247859649123 0.790085954421 0.202175438596 0.762681094362 0.177684210526 0.722430335145 0.228350877193
470098636 0.770990475789 0.276771929825 0.821606290528 0.23649122807 0.797111571505 0.209122807018 0.751445060459 0.254947368421
470098640 0.794275731942 0.308561403509 0.849081324201 0.274175438596 0.827806335687 0.244210526316 0.777297845299 0.284631578947
470098660 0.761335412123 0.160561403509 0.805862633913 0.104140350877 0.780880827454 0.0860350877193 0.741034598481 0.145824561404
470098664 0.787155174086 0.182175438596 0.835971242028 0.129403508772 0.812491976473 0.109333333333 0.768072079034 0.165894736842
470098668 0.811204084269 0.205684210526 0.864011792469 0.156842105263 0.842175415046 0.135087719298 0.793458415736 0.187929824561
470098672 0.833337667586 0.230947368421 0.889806787274 0.186456140351 0.86974951735 0.16301754386 0.817036749921 0.211929824561
470098676 0.853415576809 0.257964912281 0.913199367777 0.218035087719 0.895040913281 0.193052631579 0.838658478644 0.237684210526
470098757 0.494328940052 0.343087719298 0.494403241526 0.311859649123 0.456121471351 0.316912280702
470098758 0.456208156403 0.316912280702 0.464327656288 0.34701754386 0.494407369385 0.343087719298
470098761 0.53512044888 0.346947368421 0.543272971642 0.316842105263 0.504991201467 0.311789473684
470098762 0.505086142239 0.311789473684 0.505123292975 0.34301754386 0.535194750353 0.34701754386
470098788 0.480962930582 0.310736842105 0.477990871651 0.271859649123 0.449921426192 0.276280701754 0.459068763124 0.314175438596
470098792 0.510799099961 0.310035087719 0.513944528997 0.271228070175 0.485524215469 0.271228070175 0.488636621628 0.310035087719
470098796 0.540375214184 0.314105263158 0.549555573993 0.276210526316 0.521490256394 0.271789473684 0.518485174586 0.310596491228
470098820 0.469045799841 0.259157894737 0.464571200006 0.218877192982 0.439932005896 0.223087719298 0.448992657776 0.262526315789
470098824 0.496202988323 0.257192982456 0.496260778357 0.216701754386 0.471311994776 0.218105263158 0.475893918961 0.258315789474
470098828 0.52340971112 0.258315789474 0.527999891025 0.218035087719 0.503051107443 0.216631578947 0.503100641758 0.257122807018
470098832 0.550323355884 0.262456140351 0.559384007764 0.222947368421 0.534748941514 0.218807017544 0.530266085959 0.25901754386
470098853 0.493763423284 0.208701754386 0.493837724757 0.156912280702 0.451845008778 0.160210526316
470098854 0.45171291727 0.160210526316 0.459898462909 0.211368421053 0.493647843214 0.208701754386
470098857 0.539396911453 0.211298245614 0.547586584952 0.160140350877 0.505593868973 0.156842105263
470098858 0.505461777465 0.156842105263 0.505531951078 0.208631578947 0.539285459243 0.211298245614
470098884 0.455209214373 0.151789473684 0.448022610764 0.0874385964912 0.411804770402 0.0936140350877 0.426310069129 0.156701754386
470098888 0.494473415139 0.148912280702 0.494535333034 0.0842807017544 0.457855172394 0.0863157894737 0.465206890388 0.150596491228
470098892 0.533811917378 0.150526315789 0.541114101057 0.0862456140351 0.504433940418 0.0842105263158 0.504541264768 0.148912280702
470098896 0.572721122216 0.15649122807 0.587176886628 0.0934736842105 0.550954918407 0.087298245614 0.543817849113 0.151649122807
470098916 0.444827647413 0.0752280701754 0.436406813775 0.00378947368421 0.405926698294 0.00863157894737 0.420056361795 0.0791578947368
470098920 0.478325228281 0.0722105263158 0.475530667314 0.000350877192982 0.444765729519 0.00280701754386 0.453318654665 0.0741754385965
470098924 0.511950772797 0.0717894736842 0.514803123799 0.0 0.483943245232 0.0 0.486869897708 0.0717894736842
470098928 0.5455061437 0.0740350877193 0.553988895232 0.00266666666667 0.523219829577 0.000280701754386 0.520499570083 0.0720701754386
470098932 0.578780820148 0.0789473684211 0.592836182176 0.00842105263158 0.562351938835 0.00364912280702 0.554005406671 0.0750175438596
470099013 0.385068623602 0.393052631579 0.363025853198 0.370947368421 0.339550715503 0.401614035088
470099014 0.339600249818 0.401543859649 0.366666625388 0.417052631579 0.385122285778 0.39298245614
470099017 0.416659133323 0.366947368421 0.401101230391 0.339859649123 0.370480767683 0.363368421053
470099018 0.370546813437 0.363368421053 0.392659757455 0.385333333333 0.416725179077 0.366877192982
470099044 0.35272271557 0.379578947368 0.323130089909 0.354245614035 0.30644115344 0.377263157895 0.339707574168 0.397543859649
470099048 0.373366141562 0.358035087719 0.348107768508 0.328350877193 0.328021603566 0.34849122807 0.35770091428 0.373684210526
470099052 0.397126101571 0.34 0.376829415788 0.306736842105 0.353837237669 0.323438596491 0.379194679354 0.35298245614
470099076 0.307823986414 0.35150877193 0.276196325957 0.326315789474 0.261752945125 0.346666666667 0.296067842199 0.368140350877
470099080 0.325652212141 0.330947368421 0.29705027279 0.302315789474 0.280410870636 0.32098245614 0.312104576847 0.346105263158
470099084 0.345668203469 0.31249122807 0.320459364731 0.280842105263 0.301834462097 0.297473684211 0.330506575061 0.326035087719
470099088 0.367624288821 0.296421052632 0.346126395887 0.262105263158 0.325751280772 0.276561403509 0.351042676702 0.308210526316
470099109 0.289661404058 0.298385964912 0.253039033453 0.261754385965 0.225696091288 0.293754385965
470099110 0.225617661956 0.293894736842 0.267614505794 0.324280701754 0.289582974726 0.298526315789
470099113 0.323774036011 0.268 0.293351710564 0.226035087719 0.261327775583 0.253403508772
470099114 0.261232834812 0.253473684211 0.297954274048 0.290105263158 0.323687350958 0.268070175439
470099140 0.222129620571 0.285403508772 0.171560863433 0.245052631579 0.150330043016 0.27501754386 0.205189297451 0.309333333333
470099144 0.247899848219 0.255649122807 0.202169355348 0.209894736842 0.177712612634 0.237263157895 0.228383327905 0.277543859649
470099148 0.276836144199 0.22898245614 0.236523467088 0.178385964912 0.209149978762 0.202877192982 0.254991511057 0.24849122807
470099152 0.308579384726 0.205684210526 0.274194314038 0.150877192982 0.24424256459 0.172140350877 0.284683205349 0.222666666667
470099172 0.160647215367 0.238596491228 0.104189653685 0.194105263158 0.0860749545007 0.219087719298 0.145924791223 0.258947368421
470099176 0.18219835769 0.212771929825 0.129409224858 0.164 0.109388280098 0.18750877193 0.165926747829 0.231859649123
470099180 0.205707343834 0.188771929825 0.156912327977 0.135929824561 0.13510897343 0.157824561404 0.18798726803 0.206526315789
470099184 0.231033413785 0.166596491228 0.186532197511 0.110175438596 0.163081001402 0.130245614035 0.211970958031 0.182947368421
470099188 0.258013104303 0.146526315789 0.218084318137 0.0867368421053 0.193129755552 0.104912280702 0.237732929959 0.161263157895
470099269 0.343088291202 0.505614035088 0.311877544567 0.505614035088 0.317020857662 0.543859649123
470099270 0.317000218364 0.543789473684 0.347108826478 0.535578947368 0.343084163343 0.505543859649
470099273 0.34698499069 0.464771929825 0.316839231838 0.456701754386 0.311881672427 0.49501754386
470099274 0.311881672427 0.494947368421 0.343092419062 0.494807017544 0.347001502128 0.464701754386
470099300 0.310717616012 0.518947368421 0.271882712648 0.522035087719 0.27639033536 0.550105263158 0.314230424554 0.540842105263
470099304 0.31007779777 0.489122807018 0.271242894406 0.486035087719 0.271296556581 0.514456140351 0.310119076367 0.511298245614
470099308 0.314114844485 0.459578947368 0.276241732413 0.450456140351 0.271837306192 0.478526315789 0.310680465276 0.481473684211
470099332 0.259144137841 0.530877192982 0.218930529361 0.535438596491 0.223161585478 0.560070175439 0.262590900629 0.550947368421
470099336 0.257199915957 0.503719298246 0.21672625232 0.503719298246 0.21817100319 0.528701754386 0.25837635595 0.524
470099340 0.258306182337 0.47649122807 0.218088445997 0.472 0.21672625232 0.49698245614 0.257199915957 0.496842105263
470099344 0.262450553402 0.449614035088 0.222992343233 0.440631578947 0.218843844309 0.465263157895 0.259073964227 0.469684210526
470099365 0.208740495087 0.506175438596 0.156905723401 0.506175438596 0.160267452281 0.548140350877
470099366 0.160285614863 0.548280701754 0.211459103437 0.54 0.208742559017 0.506245614035
470099369 0.211360034806 0.460561403509 0.16016425579 0.452421052632 0.156908200117 0.494385964912
470099370 0.156905723401 0.494526315789 0.208740082301 0.494385964912 0.211343523368 0.460631578947
470099396 0.151788003036 0.544701754386 0.0875007172156 0.552 0.0937180993848 0.588210526316 0.156748864735 0.573614035088
470099400 0.14896784934 0.505473684211 0.084270667058 0.505473684211 0.0863907357621 0.542175438596 0.150659446215 0.534736842105
470099404 0.150562854299 0.466105263158 0.0862710278329 0.458877192982 0.0842673647703 0.495578947368 0.148964134266 0.495368421053
470099408 0.156550314687 0.427228070175 0.0934737300949 0.412842105263 0.0873711024233 0.449052631579 0.151681091472 0.456140350877
470099428 0.0752269394026 0.555087719298 0.00384468845599 0.563578947368 0.00872340574837 0.594105263158 0.0791917485737 0.579859649123
470099432 0.0722115379456 0.521614035088 0.0003822398014 0.52449122807 0.00285276378777 0.555228070175 0.0742193288678 0.546596491228
470099436 0.0718326004319 0.488 0.0 0.485192982456 4.74703857031e-05 0.516070175439 0.0718709895264 0.513052631579
470099440 0.0740942547211 0.454385964912 0.00270168412545 0.446035087719 0.000325275338557 0.476771929825 0.0721632419879 0.479438596491
470099444 0.0789795765889 0.421122807018 0.0084678912375 0.407157894737 0.00368287635863 0.437614035088 0.0750907200349 0.445894736842
470099525 0.393002369804 0.614877192982 0.370971982978 0.63698245614 0.401695642177 0.660421052632
470099526 0.401617212844 0.660350877193 0.417071919285 0.633263157895 0.392944579769 0.614877192982
470099529 0.366906041246 0.583298245614 0.339901583571 0.598947368421 0.363517068493 0.629473684211
470099530 0.363451022739 0.629403508772 0.385402980232 0.607228070175 0.36686476265 0.583228070175
470099556 0.37956618672 0.647228070175 0.354303685807 0.676912280702 0.377349526101 0.693543859649 0.397538887534 0.660210526316
470099560 0.358014631611 0.626596491228 0.32841787809 0.651929824561 0.348574216646 0.671929824561 0.373729393209 0.642245614035
470099564 0.339955245746 0.602807017544 0.30676312649 0.623228070175 0.323530492293 0.646175438596 0.353032305042 0.620701754386
470099588 0.351533891998 0.692140350877 0.326341564698 0.723789473684 0.34676208627 0.738245614035 0.368156782713 0.703859649123
470099592 0.330952383901 0.674315789474 0.302371083848 0.702947368421 0.321045520798 0.719578947368 0.346155290905 0.687789473684
470099596 0.312496723511 0.654315789474 0.280885574493 0.679578947368 0.297582766681 0.698175438596 0.326089765261 0.669403508772
470099600 0.296398070969 0.632350877193 0.262153347508 0.653894736842 0.276662774095 0.674245614035 0.308212005219 0.648912280702
470099621 0.298412466466 0.710315789474 0.261790095861 0.74701754386 0.293875948737 0.774245614035
470099622 0.293979145228 0.774385964912 0.324294146324 0.732280701754 0.298495023659 0.710385964912
470099625 0.26799426888 0.676210526316 0.226079982234 0.706666666667 0.253501353732 0.738666666667
470099626 0.253592166643 0.738736842105 0.290111340758 0.701964912281 0.268064442493 0.676280701754
470099652 0.285401452924 0.777824561404 0.245109415111 0.82849122807 0.275123082454 0.849684210526 0.309347166617 0.794736842105
470099656 0.255639585018 0.752070175439 0.209933033733 0.797824561404 0.237382061891 0.822245614035 0.277542008195 0.771578947368
470099660 0.228952972534 0.723087719298 0.178405267479 0.76350877193 0.202945392958 0.790807017544 0.248535538601 0.744912280702
470099664 0.205674320957 0.691368421053 0.150920739729 0.725824561404 0.172243611415 0.755719298246 0.222686881621 0.715228070175
470099684 0.238612164059 0.839298245614 0.194172040108 0.895859649123 0.219178200938 0.913894736842 0.258933617 0.854035087719
470099688 0.212792402096 0.817754385965 0.164056414632 0.870596491228 0.187566226348 0.890596491228 0.231900264307 0.834035087719
470099692 0.188745968629 0.794245614035 0.13601173633 0.843087719298 0.157879072701 0.864912280702 0.20651846825 0.811929824561
470099696 0.166618164316 0.768912280702 0.110211788094 0.813473684211 0.130302493681 0.836912280702 0.182946325854 0.787929824561
470099700 0.146545208525 0.741964912281 0.0868146669457 0.781964912281 0.105004080389 0.806877192982 0.161328312205 0.762175438596
470099781 0.505614508271 0.656912280702 0.505668170446 0.688140350877 0.543929301323 0.682947368421
470099782 0.54384261627 0.682947368421 0.535599280597 0.652842105263 0.505536078938 0.656912280702
470099785 0.464802360145 0.65298245614 0.456781928891 0.683157894737 0.495084338364 0.688070175439
470099786 0.494993525452 0.688070175439 0.494816027488 0.656842105263 0.464728058672 0.65298245614
470099812 0.518984645601 0.689263157895 0.52208466818 0.728070175439 0.55014173006 0.723578947368 0.54086642948 0.685754385965
470099816 0.489136092642 0.689894736842 0.486126882975 0.728771929825 0.514547196502 0.728631578947 0.511298570976 0.689824561404
470099820 0.45955585056 0.685894736842 0.450511710119 0.723789473684 0.478593539157 0.728140350877 0.481458273737 0.689263157895
470099844 0.530905904201 0.740842105263 0.535487828387 0.781052631579 0.560114638918 0.776771929825 0.550950790547 0.737403508772
470099848 0.50374046 0.742807017544 0.503794122176 0.783228070175 0.528738777898 0.781824561404 0.524045401502 0.741614035088
470099852 0.476529609343 0.741684210526 0.472055009509 0.781894736842 0.49700792095 0.783228070175 0.496842806565 0.742736842105
470099856 0.44961596458 0.737543859649 0.44066263705 0.77698245614 0.465310086879 0.781122807018 0.469677362364 0.740912280702
470099877 0.506188280759 0.791228070175 0.506229559355 0.843087719298 0.548214019615 0.839719298246
470099878 0.548346111123 0.839649122807 0.540044985414 0.78849122807 0.506299732969 0.791228070175
470099881 0.46054653687 0.788631578947 0.45248069916 0.839859649123 0.494481670859 0.84301754386
470099882 0.494613762367 0.84301754386 0.494415625104 0.791228070175 0.46065798908 0.788631578947
470099908 0.54473423395 0.848210526316 0.552040545488 0.91249122807 0.588246002271 0.906245614035 0.573625123475 0.843228070175
470099912 0.505465905324 0.85101754386 0.505527823219 0.915719298246 0.542203855999 0.913543859649 0.534732430075 0.849333333333
470099916 0.466127403085 0.849403508772 0.458944927335 0.913754385965 0.495629215835 0.915719298246 0.495398055696 0.85101754386
470099920 0.427209942528 0.843438596491 0.412878013905 0.906526315789 0.449112365705 0.912561403509 0.45612559921 0.848280701754
470099940 0.555128184489 0.924771929825 0.563656342477 0.996140350877 0.594128202239 0.991228070175 0.579891214387 0.920771929825
470099944 0.521630603621 0.927789473684 0.524532488938 0.999578947368 0.555297426734 0.997122807018 0.546628921518 0.925754385965
470099948 0.487996803386 0.928140350877 0.485255904594 1.0 0.51611991102 0.999929824561 0.513077678475 0.928070175439
470099952 0.454437304623 0.925894736842 0.44607426102 0.997263157895 0.476847454535 0.999649122807 0.479448006099 0.927789473684
470099956 0.421162628175 0.92098245614 0.407218718357 0.99150877193 0.437715345277 0.996280701754 0.445942169512 0.924842105263
470100037 0.614932614756 0.606947368421 0.637012535897 0.62898245614 0.660438139276 0.598315789474
470100038 0.660388604961 0.598385964912 0.633297462233 0.582877192982 0.61488308044 0.60701754386
470100041 0.583329721456 0.633052631579 0.598961925861 0.660070175439 0.629520470675 0.63649122807
470100042 0.629454424921 0.636561403509 0.607279563008 0.614596491228 0.583263675702 0.633122807018
470100068 0.647286778507 0.620350877193 0.676908299186 0.645684210526 0.693568340638 0.622666666667 0.660277152751 0.602385964912
470100072 0.626635096796 0.641964912281 0.651943004165 0.671578947368 0.67199614623 0.651438596491 0.642271429061 0.626245614035
470100076 0.602862753208 0.66 0.623237868324 0.693192982456 0.646188767846 0.676421052632 0.620761152548 0.646947368421
470100100 0.692177251943 0.648421052632 0.723829679558 0.673614035088 0.738252421093 0.653263157895 0.703916884721 0.631789473684
470100104 0.674344898358 0.66898245614 0.702979860586 0.697614035088 0.719594495582 0.678947368421 0.687867766494 0.653824561404
470100108 0.65432065131 0.687438596491 0.679579024364 0.719087719298 0.69817915984 0.702385964912 0.66946164042 0.673894736842
470100112 0.632356310238 0.703578947368 0.653920248926 0.737824561404 0.674266469025 0.723298245614 0.648921410919 0.691789473684
470100133 0.710343962159 0.701543859649 0.747003483501 0.738175438596 0.774313402789 0.706105263158
470100134 0.774391832122 0.706035087719 0.732361965406 0.675649122807 0.710418263632 0.701473684211
470100137 0.676218946628 0.732 0.706703189969 0.773894736842 0.738685846354 0.746456140351
470100138 0.738780787125 0.746385964912 0.702009813573 0.709824561404 0.67630975954 0.731929824561
470100164 0.777871617787 0.714526315789 0.828466793227 0.754877192982 0.849675735987 0.724842105263 0.794795842255 0.690596491228
470100168 0.75209726228 0.744280701754 0.797862841957 0.790035087719 0.822295643085 0.762596491228 0.771593143295 0.722385964912
470100172 0.72315271058 0.77101754386 0.763519049866 0.821543859649 0.79086611989 0.797052631579 0.744976704424 0.751438596491
470100176 0.691401214334 0.794315789474 0.725856458635 0.849052631579 0.755779313066 0.827719298246 0.715276754413 0.777263157895
470100196 0.839356086921 0.761333333333 0.895837590189 0.805824561404 0.91393825465 0.780842105263 0.854067778629 0.741052631579
470100200 0.817804531812 0.787157894737 0.870624623591 0.835929824561 0.8906323592 0.812421052632 0.834060043021 0.768070175439
470100204 0.794288115521 0.811228070175 0.84312482276 0.864 0.864911665868 0.842105263158 0.811992505458 0.793473684211
470100208 0.768959568853 0.833333333333 0.813511557801 0.889754385965 0.836945416899 0.869684210526 0.788005513169 0.817052631579
470100212 0.741975750476 0.853403508772 0.781966454536 0.913192982456 0.806898726679 0.894947368421 0.762239413382 0.838666666667
