# Xscale/Yscale
# 142.7059/242.6
343999748 0.490899114893 0.71149629019 0.489340664962 0.725601813685 0.461132300767 0.722481450948 0.46269145144 0.708380049464
343999752 0.487490706411 0.791265457543 0.484205628499 0.819451772465 0.441921462252 0.814525968673 0.445206540164 0.786335531739
343999756 0.481436997349 0.892011541632 0.47804820964 0.920185490519 0.421693847276 0.913408903545 0.425082634986 0.885230832646
343999760 0.476324384626 0.985915086562 0.474601961096 1.0 0.404176701874 0.99138911789 0.405899125404 0.977304204452
344000004 0.484755710871 0.745923330585 0.480559668521 0.773990107172 0.438457695162 0.767695795548 0.442653737512 0.739629018961
344000008 0.478320097487 0.848631492168 0.47426350277 0.876718878813 0.418086428101 0.868606760099 0.422143022818 0.840519373454
344000012 0.471911813036 0.951372629843 0.467932299926 0.979472382523 0.397682926915 0.969521846661 0.401662440025 0.941422093982
344000772 0.436470391203 0.701933223413 0.431314332484 0.715152514427 0.40487394004 0.704843363561 0.41002999876 0.691619950536
344000776 0.412532347997 0.778099752679 0.402063264378 0.804480626546 0.36249517364 0.788775762572 0.372964257259 0.762399010717
344000780 0.380610051862 0.87384995878 0.370043565122 0.900189612531 0.317363893154 0.879056059357 0.327930379893 0.852716405606
344000784 0.351366691917 0.963231657049 0.346057871469 0.97638911789 0.280261012334 0.949843363561 0.285569832782 0.936685902721
344001028 0.421625174572 0.733598516076 0.410307492542 0.75962489695 0.371269162663 0.74264633141 0.382586844692 0.716624072547
344001032 0.388826951093 0.831141797197 0.377638205568 0.857221764221 0.325474980362 0.834847485573 0.336663725887 0.808763396538
344001036 0.356044844677 0.928722176422 0.344928976307 0.954835119538 0.279647863193 0.927044517725 0.290763731563 0.900931574608
344001796 0.386370150078 0.67861088211 0.377968254992 0.690045342127 0.355098142403 0.673239901072 0.36350003749 0.661805441055
344001800 0.343534499975 0.745985160758 0.326595466621 0.768759274526 0.292439906129 0.743347073372 0.309378939483 0.720577081616
344001804 0.287918719548 0.830210222589 0.270895597169 0.85291426216 0.225480516223 0.818870568838 0.242503638602 0.796162407255
344001808 0.236538923759 0.908977741138 0.228004588458 0.920317394889 0.171319475929 0.87764633141 0.17985381123 0.86631079967
344002052 0.363835692848 0.705354492993 0.346167887943 0.727563891179 0.312853217702 0.701063478978 0.330521723349 0.678854080791
344002056 0.306909525114 0.791084089035 0.289351736684 0.813380049464 0.244757224474 0.778264633141 0.262315012904 0.755968672712
344002060 0.249988262574 0.876854905194 0.23249284017 0.899200329761 0.176628997119 0.855461665293 0.194124419523 0.833116240725
344002820 0.34401450816 0.643116240725 0.332938582077 0.651986809563 0.315197199275 0.629835119538 0.326273125358 0.620964550701
344002824 0.285199841072 0.697110469909 0.262944279108 0.714719703215 0.236529113372 0.681335531739 0.258784675336 0.663726298434
344002828 0.209680889157 0.764068425392 0.187360158199 0.781595218467 0.15230484514 0.736953833471 0.174625576097 0.719427040396
344002832 0.139662760965 0.826854905194 0.12848522731 0.835593569662 0.0847764528306 0.779707337181 0.0959539864855 0.770964550701
344003076 0.31532613578 0.663116240725 0.292512082542 0.679995877988 0.267192176357 0.64577493817 0.290006229595 0.628895300907
344003080 0.238150630072 0.731191261336 0.215419965117 0.74818219291 0.181433984159 0.702720527617 0.204164649114 0.685729596043
344003084 0.160970219171 0.799307502061 0.138287204664 0.81636438582 0.0956470615441 0.759653751031 0.118330076052 0.742596867271
344003844 0.31228841975 0.597868920033 0.299293862412 0.603569661995 0.287889989131 0.577580379225 0.300884546469 0.571879637263
344003848 0.241502979204 0.634798021434 0.215447994792 0.646046990932 0.19857342969 0.606966199505 0.224628414102 0.595717230008
344003852 0.151227804877 0.679929925804 0.125131476694 0.691084089035 0.102824760574 0.638891178895 0.128921088757 0.627737015664
344003856 0.0673454986795 0.722452596867 0.0542864730891 0.728004946414 0.0265314888873 0.662708161583 0.0395905144777 0.657159934048
344004100 0.279401202053 0.609760923331 0.252995846703 0.62016075845 0.237395931072 0.580552349547 0.263801286422 0.570152514427
344004104 0.187236126888 0.655539983512 0.160881925695 0.666071723001 0.139820427887 0.613363561418 0.16617462908 0.602831821929
344004108 0.0950577376268 0.701360263809 0.0687329675928 0.711966199505 0.0422232017036 0.646154163232 0.0685479717377 0.635548227535
344004868 0.293354374276 0.545948062655 0.279327624156 0.548095630668 0.275038383136 0.520041220115 0.289065133257 0.517893652102
344004872 0.215422768085 0.563301731245 0.187344041136 0.567423742786 0.181159293344 0.525305028854 0.209238020292 0.521183017312
344004876 0.116544585753 0.58352844188 0.0884504424835 0.587547403133 0.0804115316886 0.531360263809 0.108505674958 0.527341302556
344004880 0.0245126515442 0.602897774114 0.0104613754582 0.604876339654 0.000551483855958 0.53462489695 0.014602759942 0.532642209398
344005124 0.258510685262 0.548924154988 0.230312832195 0.552135201979 0.225495231802 0.50983924155 0.253693084869 0.506628194559
344005128 0.157635388586 0.569291014015 0.129453652582 0.572642209398 0.122751056544 0.516281945589 0.150932792547 0.512930750206
344005132 0.0567376681693 0.589690849134 0.0285657425516 0.593120362737 0.0199921657058 0.522691673537 0.0481647920654 0.519262159934
344005892 0.288503839014 0.490898598516 0.274399306546 0.489340478153 0.27751690715 0.461133553174 0.291621439618 0.462691673537
344005896 0.208735588367 0.487489694971 0.180546844945 0.484204451772 0.185473761071 0.441920857378 0.213662504494 0.445206100577
344005900 0.107989928938 0.481438582028 0.079813098127 0.478050288541 0.0865906735461 0.421694146744 0.114767504357 0.425082440231
344005904 0.014084911696 0.476323165705 0.0 0.474604286892 0.0086107161652 0.404175597692 0.0226956278612 0.405898598516
344006148 0.254075689933 0.484756801319 0.226007474113 0.48056059357 0.23230223838 0.438458367683 0.2603704542 0.442654575433
344006152 0.151368653994 0.478322341303 0.12328011666 0.474262159934 0.131393306093 0.418087386645 0.15948254417 0.422143446002
344006156 0.0486286831869 0.471912613355 0.0205289339824 0.467930750206 0.0304766656459 0.397683429514 0.0585764148504 0.401661170651
344006916 0.298065461905 0.43647155812 0.284845265683 0.431314921682 0.295157383122 0.404876339654 0.308377579343 0.410028854081
344006920 0.221898323755 0.412530915087 0.195519596597 0.402065127782 0.211222521283 0.362493816983 0.237601248442 0.372963726298
344006924 0.126151056123 0.380610057708 0.0998108697678 0.370045342127 0.120943142505 0.317366034625 0.14728332886 0.327930750206
344006928 0.0367700284291 0.351368507832 0.0236107967505 0.346059356966 0.0501555997334 0.280259686727 0.063314831412 0.285568837593
344007172 0.26640103878 0.421624072547 0.240375485527 0.410309150866 0.257351658201 0.371269579555 0.283377211454 0.382588623248
344007176 0.168858470463 0.388825226711 0.142776857859 0.377638087387 0.165154348909 0.325474031327 0.191235961512 0.336665292663
344007180 0.0712773613425 0.356046990932 0.0451649160967 0.344929925804 0.0729549373922 0.279649629019 0.099067382638 0.290762572135
344007940 0.321388253744 0.386372629843 0.309953547821 0.37796784831 0.326758038736 0.355098928277 0.338192744659 0.363499587799
344007944 0.254012623164 0.343536685903 0.231242015922 0.326595218467 0.256650916325 0.292440230833 0.279421523567 0.309377576257
344007948 0.169791157899 0.287918384171 0.147083617426 0.270894476505 0.181129862185 0.22548227535 0.203837402658 0.242502061006
344007952 0.0910207636825 0.236537510305 0.07968346088 0.228004946414 0.1223537359 0.171319868096 0.133691038703 0.179854080791
344008196 0.294645140811 0.363837592745 0.272435827811 0.346166529266 0.298937885539 0.312852431987 0.321147198539 0.330523495466
344008200 0.208915679029 0.306908491344 0.186618773295 0.289352844188 0.221734350157 0.244756801319 0.244031255891 0.262316570486
344008204 0.123144172736 0.249987633965 0.10079821507 0.232493816983 0.144537822192 0.176629018961 0.166883779858 0.19412489695
344008964 0.356884333444 0.344014839242 0.348013642043 0.332938994229 0.370164092725 0.315197856554 0.379034784126 0.326273701566
344008968 0.302890770459 0.285201978566 0.285280426387 0.262943116241 0.318663068591 0.236529266282 0.336273412662 0.258784006595
344008972 0.235933482778 0.209681368508 0.218405125506 0.18736067601 0.26304588668 0.152305028854 0.280574243952 0.174625721352
344008976 0.173146309998 0.139663231657 0.164404555102 0.128485985161 0.220291522635 0.0847765869744 0.229033277531 0.0959538334707
344009220 0.336884459577 0.315325638912 0.32000428854 0.292510305029 0.354225718768 0.26719291014 0.371105889806 0.290008244023
344009224 0.268809488606 0.238149216818 0.251816498127 0.215420445177 0.297277127295 0.181434460016 0.314270117774 0.204164880462
344009228 0.200693173863 0.160970321517 0.183637116615 0.138287304204 0.240344652884 0.0956475680132 0.257400710132 0.118330585326
344009988 0.402132637824 0.312287716406 0.396430701183 0.299295136026 0.422418414375 0.287889530091 0.428120351016 0.300886232481
344009992 0.365201438763 0.241504534213 0.353951027953 0.215449299258 0.393033504571 0.198573371805 0.404283915381 0.224629018961
344009996 0.320070859018 0.151228359439 0.308917150587 0.125131904369 0.361109806953 0.102824814509 0.372263515384 0.12892126958
344010000 0.277544936825 0.0673458367683 0.271994360429 0.0542868920033 0.337290189123 0.0265317394889 0.342840765518 0.0395906842539
344010244 0.390239646714 0.279402308326 0.379839235799 0.252996702391 0.419447969565 0.237394888706 0.42984838048 0.263800494641
344010248 0.344458778509 0.187236603462 0.333928029605 0.160882522671 0.386635731249 0.139820692498 0.397166480153 0.166174773289
344010252 0.298638668759 0.0950581203627 0.2880350427 0.0687333058533 0.353846617414 0.0422234130256 0.364450243473 0.068548227535
344011012 0.454050603374 0.293355317395 0.451906333235 0.279328112119 0.479959833476 0.275037098104 0.482104804356 0.28906430338
344011016 0.436698132313 0.215424567189 0.432574967118 0.187344187964 0.47469305754 0.181159521847 0.478816222735 0.209238252267
344011020 0.416470517337 0.116544517725 0.412451061939 0.0884505358615 0.468639348478 0.0804122011542 0.472658803876 0.108506183017
344011024 0.397103413384 0.0245127782358 0.39512171536 0.0104616652927 0.465376694306 0.000551937345425 0.46735839233 0.0146030502885
344011268 0.451074552629 0.258511953833 0.447863052614 0.230313272877 0.490159832214 0.225494641385 0.493371332229 0.253693322341
344011272 0.43070749002 0.15763561418 0.427356542371 0.129453833471 0.483720014379 0.122751442704 0.487070962027 0.150933223413
344011276 0.4103067918 0.056737840066 0.406878061804 0.0285655399835 0.477308226219 0.0199925803792 0.480736956216 0.0481648804617
344012036 0.509102286591 0.28850370981 0.510657933554 0.274398186315 0.538869801459 0.277518549052 0.537307147077 0.291619950536
344012040 0.512507892105 0.208736191261 0.515794371501 0.180546990932 0.558077136264 0.185473619126 0.554790656868 0.213664468261
344012044 0.518562301909 0.107990107172 0.521953892586 0.0798132728772 0.578307554208 0.0865910964551 0.574915963531 0.11476793075
344012048 0.5236777176 0.0140849134378 0.525394535194 0.0 0.595826101093 0.00861129431162 0.59410227608 0.0226962077494
344012292 0.51524078542 0.254076669415 0.519438229253 0.226009892828 0.561538801129 0.232304204452 0.557348364714 0.260370981039
344012296 0.521680603255 0.151368507832 0.525737898713 0.123279884584 0.581916374866 0.131394064303 0.577859079407 0.159482687552
344012300 0.528085383996 0.0486290189613 0.532065597848 0.0205292662819 0.60231497086 0.0304769167354 0.598334757007 0.0585766694147
344013060 0.563528908055 0.298066776587 0.568686368258 0.284847485573 0.595125359218 0.295156636439 0.589967899015 0.308380049464
344013064 0.587466250519 0.221900247321 0.597935334138 0.195519785655 0.637506227843 0.211223000824 0.627037144225 0.237600989283
344013068 0.619392050364 0.126151277824 0.629952230426 0.0998112118714 0.682634004621 0.120943528442 0.672066817139 0.147283594394
344013072 0.648634008825 0.036769991756 0.653938624822 0.0236108821105 0.719738286924 0.0501562242374 0.714426663509 0.0633153338829
344013316 0.578370620976 0.266401483924 0.589694609683 0.24037510305 0.628732939563 0.25735366859 0.617415958275 0.283375927453
344013320 0.611172348165 0.168859027205 0.622363195916 0.142777411377 0.674526421122 0.165154575433 0.663335573372 0.191236191261
344013324 0.643953053097 0.0712774113768 0.65507382666 0.0451648804617 0.720354939775 0.0729554822754 0.709234166212 0.0990680131904
344014084 0.613631952148 0.32138911789 0.622033847234 0.309954657873 0.644899054629 0.326760098928 0.636497159543 0.338194558945
344014088 0.656461295574 0.254014839242 0.673405234121 0.231240725474 0.70755939313 0.256652926628 0.690622462001 0.279422918384
344014092 0.712079178226 0.169791426216 0.729107205799 0.147083676834 0.774522286745 0.181130255565 0.757494259172 0.203838004946
344014096 0.763457572532 0.0910210222589 0.771992608575 0.0796838417148 0.828682626296 0.122354080791 0.820147590254 0.133691261336
344014340 0.636160803443 0.294645507007 0.653833513541 0.272436108821 0.687146782298 0.298936521022 0.669481079619 0.321145919209
344014344 0.693089073402 0.208916323166 0.7106496648 0.186619126134 0.755244877752 0.221735366859 0.737684286354 0.244031327288
344014348 0.750010335943 0.123144270404 0.767507860572 0.100798845837 0.823371002881 0.144538334707 0.805873478251 0.166883759275
344015108 0.655984791098 0.356883759275 0.667063520149 0.348013190437 0.684799297016 0.370164880462 0.673727575384 0.379035449299
344015112 0.714798056703 0.302889530091 0.737053618666 0.285280296785 0.76347158737 0.318664468261 0.741216025406 0.336273701566
344015116 0.790317008617 0.235931574608 0.812635637349 0.218404781533 0.847693753377 0.263046166529 0.825375124644 0.280572959604
344015120 0.860335136809 0.17314633141 0.871511969722 0.164404369332 0.915224247911 0.220292662819 0.904047414998 0.229035449299
344015364 0.684673163478 0.336883759275 0.707489318942 0.320004122012 0.732807122901 0.35422506183 0.709990967437 0.371104699093
344015368 0.761845866219 0.268808738664 0.784577932657 0.25181780709 0.818563913615 0.297279472383 0.795831847177 0.314270403957
344015372 0.839032583796 0.200693322341 0.861715598304 0.183637262984 0.904348734005 0.240346248969 0.881665719497 0.257403132729
344016132 0.687714383218 0.402131079967 0.700706137588 0.396430338005 0.712107207901 0.422419620775 0.699115453531 0.428120362737
344016136 0.758496320054 0.365201978566 0.784549902982 0.353953009068 0.801423767342 0.393033800495 0.775370184414 0.404282769992
344016140 0.848772895865 0.320070074196 0.874868523306 0.308915910965 0.8971731372 0.361108821105 0.87107750976 0.372262984336
344016144 0.932651698353 0.277547403133 0.945713526911 0.271995053586 0.973469912596 0.337291838417 0.960408084039 0.342840065952
344016388 0.720600199431 0.390239076669 0.747004153297 0.37983924155 0.762602667444 0.419447650453 0.736198713578 0.429847485573
344016392 0.812761770887 0.344460016488 0.839116672822 0.333928276999 0.860180973597 0.386636438582 0.833826071662 0.397168178071
344016396 0.904944364599 0.298639736191 0.93126422944 0.288033800495 0.957773294587 0.353845836768 0.931453429746 0.364451772465
344017156 0.706641421273 0.454051937345 0.720670273619 0.451904369332 0.724958813896 0.479958779885 0.710936968969 0.482106347898
344017160 0.784577932657 0.436698268755 0.812656659606 0.432576257214 0.818837202947 0.474694971146 0.790758475999 0.478816982688
344017164 0.88345261128 0.41647155812 0.911552360484 0.412452596867 0.919589869795 0.468639736191 0.891490120591 0.472658697444
344017168 0.975488049198 0.397102225886 0.9895379238 0.395123660346 0.999446413918 0.46537510305 0.985396539316 0.467357790602
344017412 0.741489314738 0.451075845012 0.769687167805 0.447864798021 0.774501264489 0.49016075845 0.746303411422 0.493371805441
344017416 0.842361107705 0.430708985985 0.870544945934 0.427357790602 0.877251045682 0.483718054411 0.849067207453 0.487069249794
344017420 0.943260930347 0.410309150866 0.971430753739 0.406879637263 0.980007834294 0.477308326463 0.951838010902 0.480737840066
344018180 0.711497562469 0.509101401484 0.725596489003 0.510659521847 0.722485195076 0.538866446826 0.708379261124 0.537308326463
344018184 0.791263010149 0.512510305029 0.819453855797 0.515795548228 0.814527640413 0.558079142622 0.786336794765 0.554793899423
344018188 0.892008669578 0.518561417972 0.920185500389 0.521949711459 0.913409326454 0.578305853256 0.885232495643 0.574917559769
344018192 0.985915088304 0.523676834295 1.0 0.525395713108 0.991387882351 0.595824402308 0.977302970655 0.594101401484
344018436 0.745925010809 0.515243198681 0.77398972292 0.51943940643 0.767697060878 0.561541632317 0.739632348768 0.557345424567
344018440 0.84863274749 0.521677658697 0.876718481857 0.525737840066 0.868603890939 0.581912613355 0.840518156572 0.577856553998
344018444 0.951368513846 0.528087386645 0.97946826305 0.532069249794 0.969524735838 0.602316570486 0.941424986633 0.598338829349
344019204 0.70193243587 0.56352844188 0.715155435059 0.568685078318 0.704840514653 0.595123660346 0.691624522882 0.589971145919
344019208 0.778103077728 0.587469084913 0.804479001919 0.597934872218 0.788775376491 0.637506183017 0.7623994523 0.627036273702
344019212 0.873845440168 0.619389942292 0.900186327265 0.629954657873 0.879058959721 0.682633965375 0.852718072623 0.672069249794
344019216 0.963232073797 0.648631492168 0.976392006217 0.653940643034 0.949840896557 0.719740313273 0.936680964137 0.714431162407
344019460 0.73359896122 0.578375927453 0.759624514473 0.589690849134 0.742645538832 0.628730420445 0.716619985579 0.617411376752
344019464 0.831142230279 0.611174773289 0.857223842882 0.622361912613 0.834842147381 0.674525968673 0.808760534778 0.663334707337
344019468 0.928720536432 0.643953009068 0.954837186129 0.655070074196 0.92704576335 0.720350370981 0.900929113653 0.709237427865
344020228 0.678611746256 0.613627370157 0.690047853663 0.62203215169 0.67324406349 0.644901071723 0.661807956083 0.636500412201
344020232 0.745988077578 0.656463314097 0.76875518111 0.673404781533 0.743346280707 0.707559769167 0.720579177175 0.690622423743
344020236 0.830210243585 0.712081615829 0.852914280349 0.729105523495 0.818872240041 0.77451772465 0.796161195858 0.757497938994
344020240 0.908980637801 0.763462489695 0.920318641346 0.771995053586 0.877643461132 0.828680956307 0.866305457588 0.820144270404
344020484 0.705352056222 0.636162407255 0.727565573673 0.653833470734 0.701063515944 0.687147568013 0.678849998493 0.669476504534
344020488 0.791080817261 0.693091508656 0.813378423737 0.710647155812 0.77826424836 0.755243198681 0.755966641884 0.737683429514
344020492 0.876858630232 0.750012366035 0.89919828122 0.767506183017 0.855457973356 0.823371805441 0.833118322368 0.805873866447
344021252 0.643112162847 0.655985160758 0.65198355499 0.667061005771 0.629833104308 0.684802143446 0.620961712165 0.673726298434
344021256 0.697111331767 0.714798021434 0.714720975096 0.737056883759 0.681337632151 0.763470733718 0.663727988822 0.741215993405
344021260 0.764067217964 0.790317394889 0.781592772268 0.812638087387 0.736955514804 0.847695795548 0.71942295308 0.82537510305
344021264 0.826853690002 0.860338004946 0.835591941188 0.871512778236 0.779707776623 0.915222588623 0.770962518018 0.904047815334
344021508 0.66311834339 0.684674361088 0.67999220775 0.707489694971 0.645774981973 0.73280708986 0.628894110194 0.709991755977
344021512 0.731188409169 0.761850783182 0.748181399648 0.784579554823 0.702724274189 0.818565539984 0.68573128371 0.795836768343
344021516 0.799307526879 0.839031327288 0.816363584127 0.861714756801 0.759652544148 0.904352844188 0.742596486901 0.881669414674
344022276 0.597865259951 0.687712283594 0.603569298817 0.700704863974 0.577578782657 0.712110469909 0.57188175121 0.699113767519
344022280 0.634801364204 0.758495465787 0.646048271305 0.784550700742 0.606967896912 0.801426215993 0.595713982393 0.775370981039
344022284 0.679929140982 0.848771640561 0.691084951638 0.874868095631 0.638886689338 0.897176422094 0.6277378861 0.871079967024
344022288 0.722457165401 0.932654575433 0.728007041054 0.945713107997 0.662711913102 0.973466611707 0.65715503003 0.960408079143
344022532 0.609756849577 0.720597691674 0.620162866427 0.747003297609 0.580549928209 0.762605111294 0.570150918778 0.736199505359
344022536 0.655543323717 0.812761747733 0.666068466686 0.83911788953 0.613365670235 0.860177246496 0.602833519847 0.833825226711
344022540 0.701357827532 0.904942291838 0.711967059526 0.931265457543 0.646153382586 0.957778235779 0.635551158011 0.931450948063
344023300 0.545947294401 0.706644682605 0.548091564539 0.720671887881 0.520040867266 0.724962901896 0.517896597127 0.71093569662
344023304 0.563304670655 0.784575432811 0.567425032882 0.812654575433 0.525303438751 0.818841714757 0.521183076523 0.790762572135
344023308 0.58352808118 0.883454245672 0.587550339544 0.91154987634 0.531357848554 0.919587798846 0.527342597608 0.891492168178
344023312 0.602896586616 0.975486397362 0.604879686124 0.989538334707 0.534623305694 0.999447650453 0.532640206186 0.985395713108
344023556 0.548925447371 0.741488046167 0.552134845161 0.769686727123 0.50983806556 0.774505358615 0.506628667771 0.746306677659
344023560 0.569289006271 0.842366034625 0.572645559854 0.870544105523 0.516277883395 0.87724649629 0.512928337231 0.849068425392
344023564 0.589694609683 0.943260511129 0.593121237454 0.971434460016 0.522689671555 0.980008244023 0.519263043784 0.951834295136
