# Xscale/Yscale
# 273.047/316.21
436293668 0.420561295308 1.0 0.495328643054 1.0 0.495328643054 0.984851838968 0.420561295308 0.984851838968
436293672 0.336447571297 1.0 0.411214919043 1.0 0.411214919043 0.984851838968 0.336447571297 0.984851838968
436293676 0.25233750966 1.0 0.327104857406 1.0 0.327104857406 0.984851838968 0.25233750966 0.984851838968
436293680 0.168223785649 1.0 0.242991133395 1.0 0.242991133395 0.984851838968 0.168223785649 0.984851838968
436293684 0.0841137240109 1.0 0.158881071757 1.0 0.158881071757 0.984851838968 0.0841137240109 0.984851838968
436293688 0.0 1.0 0.074767347746 1.0 0.074767347746 0.984851838968 0.0 0.984851838968
436293700 0.420561295308 0.984851838968 0.495328643054 0.984851838968 0.495328643054 0.969703677936 0.420561295308 0.969703677936
436293704 0.336447571297 0.984851838968 0.411214919043 0.984851838968 0.411214919043 0.969703677936 0.336447571297 0.969703677936
436293708 0.25233750966 0.984851838968 0.327104857406 0.984851838968 0.327104857406 0.969703677936 0.25233750966 0.969703677936
436293712 0.168223785649 0.984851838968 0.242991133395 0.984851838968 0.242991133395 0.969703677936 0.168223785649 0.969703677936
436293716 0.0841137240109 0.984851838968 0.158881071757 0.984851838968 0.158881071757 0.969703677936 0.0841137240109 0.969703677936
436293720 0.0 0.984851838968 0.074767347746 0.984851838968 0.074767347746 0.969703677936 0.0 0.969703677936
436293732 0.420561295308 0.969703677936 0.495328643054 0.969703677936 0.495328643054 0.954555516903 0.420561295308 0.954555516903
436293736 0.336447571297 0.969703677936 0.411214919043 0.969703677936 0.411214919043 0.954555516903 0.336447571297 0.954555516903
436293740 0.25233750966 0.969703677936 0.327104857406 0.969703677936 0.327104857406 0.954555516903 0.25233750966 0.954555516903
436293744 0.168223785649 0.969703677936 0.242991133395 0.969703677936 0.242991133395 0.954555516903 0.168223785649 0.954555516903
436293748 0.0841137240109 0.969703677936 0.158881071757 0.969703677936 0.158881071757 0.954555516903 0.0841137240109 0.954555516903
436293752 0.0 0.969703677936 0.074767347746 0.969703677936 0.074767347746 0.954555516903 0.0 0.954555516903
436293764 0.420561295308 0.954555516903 0.495328643054 0.954555516903 0.495328643054 0.939407355871 0.420561295308 0.939407355871
436293768 0.336447571297 0.954555516903 0.411214919043 0.954555516903 0.411214919043 0.939407355871 0.336447571297 0.939407355871
436293772 0.25233750966 0.954555516903 0.327104857406 0.954555516903 0.327104857406 0.939407355871 0.25233750966 0.939407355871
436293776 0.168223785649 0.954555516903 0.242991133395 0.954555516903 0.242991133395 0.939407355871 0.168223785649 0.939407355871
436293780 0.0841137240109 0.954555516903 0.158881071757 0.954555516903 0.158881071757 0.939407355871 0.0841137240109 0.939407355871
436293784 0.0 0.954555516903 0.074767347746 0.954555516903 0.074767347746 0.939407355871 0.0 0.939407355871
436293796 0.420561295308 0.939407355871 0.495328643054 0.939407355871 0.495328643054 0.924259194839 0.420561295308 0.924259194839
436293800 0.336447571297 0.939407355871 0.411214919043 0.939407355871 0.411214919043 0.924259194839 0.336447571297 0.924259194839
436293804 0.25233750966 0.939407355871 0.327104857406 0.939407355871 0.327104857406 0.924259194839 0.25233750966 0.924259194839
436293808 0.168223785649 0.939407355871 0.242991133395 0.939407355871 0.242991133395 0.924259194839 0.168223785649 0.924259194839
436293812 0.0841137240109 0.939407355871 0.158881071757 0.939407355871 0.158881071757 0.924259194839 0.0841137240109 0.924259194839
436293816 0.0 0.939407355871 0.074767347746 0.939407355871 0.074767347746 0.924259194839 0.0 0.924259194839
436293828 0.420561295308 0.924259194839 0.495328643054 0.924259194839 0.495328643054 0.909079409253 0.420561295308 0.909079409253
436293832 0.336447571297 0.924259194839 0.411214919043 0.924259194839 0.411214919043 0.909079409253 0.336447571297 0.909079409253
436293836 0.25233750966 0.924259194839 0.327104857406 0.924259194839 0.327104857406 0.909079409253 0.25233750966 0.909079409253
436293840 0.168223785649 0.924259194839 0.242991133395 0.924259194839 0.242991133395 0.909079409253 0.168223785649 0.909079409253
436293844 0.0841137240109 0.924259194839 0.158881071757 0.924259194839 0.158881071757 0.909079409253 0.0841137240109 0.909079409253
436293848 0.0 0.924259194839 0.074767347746 0.924259194839 0.074767347746 0.909079409253 0.0 0.909079409253
436293860 0.420561295308 0.909079409253 0.495328643054 0.909079409253 0.495328643054 0.893931248221 0.420561295308 0.893931248221
436293864 0.336447571297 0.909079409253 0.411214919043 0.909079409253 0.411214919043 0.893931248221 0.336447571297 0.893931248221
436293868 0.25233750966 0.909079409253 0.327104857406 0.909079409253 0.327104857406 0.893931248221 0.25233750966 0.893931248221
436293872 0.168223785649 0.909079409253 0.242991133395 0.909079409253 0.242991133395 0.893931248221 0.168223785649 0.893931248221
436293876 0.0841137240109 0.909079409253 0.158881071757 0.909079409253 0.158881071757 0.893931248221 0.0841137240109 0.893931248221
436293880 0.0 0.909079409253 0.074767347746 0.909079409253 0.074767347746 0.893931248221 0.0 0.893931248221
436293892 0.420561295308 0.893931248221 0.495328643054 0.893931248221 0.495328643054 0.878783087189 0.420561295308 0.878783087189
436293896 0.336447571297 0.893931248221 0.411214919043 0.893931248221 0.411214919043 0.878783087189 0.336447571297 0.878783087189
436293900 0.25233750966 0.893931248221 0.327104857406 0.893931248221 0.327104857406 0.878783087189 0.25233750966 0.878783087189
436293904 0.168223785649 0.893931248221 0.242991133395 0.893931248221 0.242991133395 0.878783087189 0.168223785649 0.878783087189
436293908 0.0841137240109 0.893931248221 0.158881071757 0.893931248221 0.158881071757 0.878783087189 0.0841137240109 0.878783087189
436293912 0.0 0.893931248221 0.074767347746 0.893931248221 0.074767347746 0.878783087189 0.0 0.878783087189
436293924 0.420561295308 0.878783087189 0.495328643054 0.878783087189 0.495328643054 0.863634926157 0.420561295308 0.863634926157
436293928 0.336447571297 0.878783087189 0.411214919043 0.878783087189 0.411214919043 0.863634926157 0.336447571297 0.863634926157
436293932 0.25233750966 0.878783087189 0.327104857406 0.878783087189 0.327104857406 0.863634926157 0.25233750966 0.863634926157
436293936 0.168223785649 0.878783087189 0.242991133395 0.878783087189 0.242991133395 0.863634926157 0.168223785649 0.863634926157
436293940 0.0841137240109 0.878783087189 0.158881071757 0.878783087189 0.158881071757 0.863634926157 0.0841137240109 0.863634926157
436293944 0.0 0.878783087189 0.074767347746 0.878783087189 0.074767347746 0.863634926157 0.0 0.863634926157
436293956 0.420561295308 0.863634926157 0.495328643054 0.863634926157 0.495328643054 0.848486765124 0.420561295308 0.848486765124
436293960 0.336447571297 0.863634926157 0.411214919043 0.863634926157 0.411214919043 0.848486765124 0.336447571297 0.848486765124
436293964 0.25233750966 0.863634926157 0.327104857406 0.863634926157 0.327104857406 0.848486765124 0.25233750966 0.848486765124
436293968 0.168223785649 0.863634926157 0.242991133395 0.863634926157 0.242991133395 0.848486765124 0.168223785649 0.848486765124
436293972 0.0841137240109 0.863634926157 0.158881071757 0.863634926157 0.158881071757 0.848486765124 0.0841137240109 0.848486765124
436293976 0.0 0.863634926157 0.074767347746 0.863634926157 0.074767347746 0.848486765124 0.0 0.848486765124
436293988 0.420561295308 0.848486765124 0.495328643054 0.848486765124 0.495328643054 0.833338604092 0.420561295308 0.833338604092
436293992 0.336447571297 0.848486765124 0.411214919043 0.848486765124 0.411214919043 0.833338604092 0.336447571297 0.833338604092
436293996 0.25233750966 0.848486765124 0.327104857406 0.848486765124 0.327104857406 0.833338604092 0.25233750966 0.833338604092
436294000 0.168223785649 0.848486765124 0.242991133395 0.848486765124 0.242991133395 0.833338604092 0.168223785649 0.833338604092
436294004 0.0841137240109 0.848486765124 0.158881071757 0.848486765124 0.158881071757 0.833338604092 0.0841137240109 0.833338604092
436294008 0.0 0.848486765124 0.074767347746 0.848486765124 0.074767347746 0.833338604092 0.0 0.833338604092
436294020 0.420561295308 0.833338604092 0.495328643054 0.833338604092 0.495328643054 0.81819044306 0.420561295308 0.81819044306
436294024 0.336447571297 0.833338604092 0.411214919043 0.833338604092 0.411214919043 0.81819044306 0.336447571297 0.81819044306
436294028 0.25233750966 0.833338604092 0.327104857406 0.833338604092 0.327104857406 0.81819044306 0.25233750966 0.81819044306
436294032 0.168223785649 0.833338604092 0.242991133395 0.833338604092 0.242991133395 0.81819044306 0.168223785649 0.81819044306
436294036 0.0841137240109 0.833338604092 0.158881071757 0.833338604092 0.158881071757 0.81819044306 0.0841137240109 0.81819044306
436294040 0.0 0.833338604092 0.074767347746 0.833338604092 0.074767347746 0.81819044306 0.0 0.81819044306
436294052 0.420561295308 0.81819044306 0.495328643054 0.81819044306 0.495328643054 0.803042282028 0.420561295308 0.803042282028
436294056 0.336447571297 0.81819044306 0.411214919043 0.81819044306 0.411214919043 0.803042282028 0.336447571297 0.803042282028
436294060 0.25233750966 0.81819044306 0.327104857406 0.81819044306 0.327104857406 0.803042282028 0.25233750966 0.803042282028
436294064 0.168223785649 0.81819044306 0.242991133395 0.81819044306 0.242991133395 0.803042282028 0.168223785649 0.803042282028
436294068 0.0841137240109 0.81819044306 0.158881071757 0.81819044306 0.158881071757 0.803042282028 0.0841137240109 0.803042282028
436294072 0.0 0.81819044306 0.074767347746 0.81819044306 0.074767347746 0.803042282028 0.0 0.803042282028
436294084 0.420561295308 0.803042282028 0.495328643054 0.803042282028 0.495328643054 0.787894120996 0.420561295308 0.787894120996
436294088 0.336447571297 0.803042282028 0.411214919043 0.803042282028 0.411214919043 0.787894120996 0.336447571297 0.787894120996
436294092 0.25233750966 0.803042282028 0.327104857406 0.803042282028 0.327104857406 0.787894120996 0.25233750966 0.787894120996
436294096 0.168223785649 0.803042282028 0.242991133395 0.803042282028 0.242991133395 0.787894120996 0.168223785649 0.787894120996
436294100 0.0841137240109 0.803042282028 0.158881071757 0.803042282028 0.158881071757 0.787894120996 0.0841137240109 0.787894120996
436294104 0.0 0.803042282028 0.074767347746 0.803042282028 0.074767347746 0.787894120996 0.0 0.787894120996
436294116 0.420561295308 0.787894120996 0.495328643054 0.787894120996 0.495328643054 0.772745959963 0.420561295308 0.772745959963
436294120 0.336447571297 0.787894120996 0.411214919043 0.787894120996 0.411214919043 0.772745959963 0.336447571297 0.772745959963
436294124 0.25233750966 0.787894120996 0.327104857406 0.787894120996 0.327104857406 0.772745959963 0.25233750966 0.772745959963
436294128 0.168223785649 0.787894120996 0.242991133395 0.787894120996 0.242991133395 0.772745959963 0.168223785649 0.772745959963
436294132 0.0841137240109 0.787894120996 0.158881071757 0.787894120996 0.158881071757 0.772745959963 0.0841137240109 0.772745959963
436294136 0.0 0.787894120996 0.074767347746 0.787894120996 0.074767347746 0.772745959963 0.0 0.772745959963
436294148 0.420561295308 0.772745959963 0.495328643054 0.772745959963 0.495328643054 0.757566174378 0.420561295308 0.757566174378
436294152 0.336447571297 0.772745959963 0.411214919043 0.772745959963 0.411214919043 0.757566174378 0.336447571297 0.757566174378
436294156 0.25233750966 0.772745959963 0.327104857406 0.772745959963 0.327104857406 0.757566174378 0.25233750966 0.757566174378
436294160 0.168223785649 0.772745959963 0.242991133395 0.772745959963 0.242991133395 0.757566174378 0.168223785649 0.757566174378
436294164 0.0841137240109 0.772745959963 0.158881071757 0.772745959963 0.158881071757 0.757566174378 0.0841137240109 0.757566174378
436294168 0.0 0.772745959963 0.074767347746 0.772745959963 0.074767347746 0.757566174378 0.0 0.757566174378
436294180 0.420561295308 0.757566174378 0.495328643054 0.757566174378 0.495328643054 0.742418013346 0.420561295308 0.742418013346
436294184 0.336447571297 0.757566174378 0.411214919043 0.757566174378 0.411214919043 0.742418013346 0.336447571297 0.742418013346
436294188 0.25233750966 0.757566174378 0.327104857406 0.757566174378 0.327104857406 0.742418013346 0.25233750966 0.742418013346
436294192 0.168223785649 0.757566174378 0.242991133395 0.757566174378 0.242991133395 0.742418013346 0.168223785649 0.742418013346
436294196 0.0841137240109 0.757566174378 0.158881071757 0.757566174378 0.158881071757 0.742418013346 0.0841137240109 0.742418013346
436294200 0.0 0.757566174378 0.074767347746 0.757566174378 0.074767347746 0.742418013346 0.0 0.742418013346
436294212 0.420561295308 0.742418013346 0.495328643054 0.742418013346 0.495328643054 0.727269852313 0.420561295308 0.727269852313
436294216 0.336447571297 0.742418013346 0.411214919043 0.742418013346 0.411214919043 0.727269852313 0.336447571297 0.727269852313
436294220 0.25233750966 0.742418013346 0.327104857406 0.742418013346 0.327104857406 0.727269852313 0.25233750966 0.727269852313
436294224 0.168223785649 0.742418013346 0.242991133395 0.742418013346 0.242991133395 0.727269852313 0.168223785649 0.727269852313
436294228 0.0841137240109 0.742418013346 0.158881071757 0.742418013346 0.158881071757 0.727269852313 0.0841137240109 0.727269852313
436294232 0.0 0.742418013346 0.074767347746 0.742418013346 0.074767347746 0.727269852313 0.0 0.727269852313
436294244 0.420561295308 0.727269852313 0.495328643054 0.727269852313 0.495328643054 0.712121691281 0.420561295308 0.712121691281
436294248 0.336447571297 0.727269852313 0.411214919043 0.727269852313 0.411214919043 0.712121691281 0.336447571297 0.712121691281
436294252 0.25233750966 0.727269852313 0.327104857406 0.727269852313 0.327104857406 0.712121691281 0.25233750966 0.712121691281
436294256 0.168223785649 0.727269852313 0.242991133395 0.727269852313 0.242991133395 0.712121691281 0.168223785649 0.712121691281
436294260 0.0841137240109 0.727269852313 0.158881071757 0.727269852313 0.158881071757 0.712121691281 0.0841137240109 0.712121691281
436294264 0.0 0.727269852313 0.074767347746 0.727269852313 0.074767347746 0.712121691281 0.0 0.712121691281
436294276 0.420561295308 0.712121691281 0.495328643054 0.712121691281 0.495328643054 0.696973530249 0.420561295308 0.696973530249
436294280 0.336447571297 0.712121691281 0.411214919043 0.712121691281 0.411214919043 0.696973530249 0.336447571297 0.696973530249
436294284 0.25233750966 0.712121691281 0.327104857406 0.712121691281 0.327104857406 0.696973530249 0.25233750966 0.696973530249
436294288 0.168223785649 0.712121691281 0.242991133395 0.712121691281 0.242991133395 0.696973530249 0.168223785649 0.696973530249
436294292 0.0841137240109 0.712121691281 0.158881071757 0.712121691281 0.158881071757 0.696973530249 0.0841137240109 0.696973530249
436294296 0.0 0.712121691281 0.074767347746 0.712121691281 0.074767347746 0.696973530249 0.0 0.696973530249
436294308 0.420561295308 0.696973530249 0.495328643054 0.696973530249 0.495328643054 0.681825369217 0.420561295308 0.681825369217
436294312 0.336447571297 0.696973530249 0.411214919043 0.696973530249 0.411214919043 0.681825369217 0.336447571297 0.681825369217
436294316 0.25233750966 0.696973530249 0.327104857406 0.696973530249 0.327104857406 0.681825369217 0.25233750966 0.681825369217
436294320 0.168223785649 0.696973530249 0.242991133395 0.696973530249 0.242991133395 0.681825369217 0.168223785649 0.681825369217
436294324 0.0841137240109 0.696973530249 0.158881071757 0.696973530249 0.158881071757 0.681825369217 0.0841137240109 0.681825369217
436294328 0.0 0.696973530249 0.074767347746 0.696973530249 0.074767347746 0.681825369217 0.0 0.681825369217
436294340 0.420561295308 0.681825369217 0.495328643054 0.681825369217 0.495328643054 0.666677208184 0.420561295308 0.666677208184
436294344 0.336447571297 0.681825369217 0.411214919043 0.681825369217 0.411214919043 0.666677208184 0.336447571297 0.666677208184
436294348 0.25233750966 0.681825369217 0.327104857406 0.681825369217 0.327104857406 0.666677208184 0.25233750966 0.666677208184
436294352 0.168223785649 0.681825369217 0.242991133395 0.681825369217 0.242991133395 0.666677208184 0.168223785649 0.666677208184
436294356 0.0841137240109 0.681825369217 0.158881071757 0.681825369217 0.158881071757 0.666677208184 0.0841137240109 0.666677208184
436294360 0.0 0.681825369217 0.074767347746 0.681825369217 0.074767347746 0.666677208184 0.0 0.666677208184
436294372 0.420561295308 0.666677208184 0.495328643054 0.666677208184 0.495328643054 0.651529047152 0.420561295308 0.651529047152
436294376 0.336447571297 0.666677208184 0.411214919043 0.666677208184 0.411214919043 0.651529047152 0.336447571297 0.651529047152
436294380 0.25233750966 0.666677208184 0.327104857406 0.666677208184 0.327104857406 0.651529047152 0.25233750966 0.651529047152
436294384 0.168223785649 0.666677208184 0.242991133395 0.666677208184 0.242991133395 0.651529047152 0.168223785649 0.651529047152
436294388 0.0841137240109 0.666677208184 0.158881071757 0.666677208184 0.158881071757 0.651529047152 0.0841137240109 0.651529047152
436294392 0.0 0.666677208184 0.074767347746 0.666677208184 0.074767347746 0.651529047152 0.0 0.651529047152
436294404 0.420561295308 0.651529047152 0.495328643054 0.651529047152 0.495328643054 0.63638088612 0.420561295308 0.63638088612
436294408 0.336447571297 0.651529047152 0.411214919043 0.651529047152 0.411214919043 0.63638088612 0.336447571297 0.63638088612
436294412 0.25233750966 0.651529047152 0.327104857406 0.651529047152 0.327104857406 0.63638088612 0.25233750966 0.63638088612
436294416 0.168223785649 0.651529047152 0.242991133395 0.651529047152 0.242991133395 0.63638088612 0.168223785649 0.63638088612
436294420 0.0841137240109 0.651529047152 0.158881071757 0.651529047152 0.158881071757 0.63638088612 0.0841137240109 0.63638088612
436294424 0.0 0.651529047152 0.074767347746 0.651529047152 0.074767347746 0.63638088612 0.0 0.63638088612
436294436 0.420561295308 0.63638088612 0.495328643054 0.63638088612 0.495328643054 0.621232725088 0.420561295308 0.621232725088
436294440 0.336447571297 0.63638088612 0.411214919043 0.63638088612 0.411214919043 0.621232725088 0.336447571297 0.621232725088
436294444 0.25233750966 0.63638088612 0.327104857406 0.63638088612 0.327104857406 0.621232725088 0.25233750966 0.621232725088
436294448 0.168223785649 0.63638088612 0.242991133395 0.63638088612 0.242991133395 0.621232725088 0.168223785649 0.621232725088
436294452 0.0841137240109 0.63638088612 0.158881071757 0.63638088612 0.158881071757 0.621232725088 0.0841137240109 0.621232725088
436294456 0.0 0.63638088612 0.074767347746 0.63638088612 0.074767347746 0.621232725088 0.0 0.621232725088
436294468 0.420561295308 0.621232725088 0.495328643054 0.621232725088 0.495328643054 0.606052939502 0.420561295308 0.606052939502
436294472 0.336447571297 0.621232725088 0.411214919043 0.621232725088 0.411214919043 0.606052939502 0.336447571297 0.606052939502
436294476 0.25233750966 0.621232725088 0.327104857406 0.621232725088 0.327104857406 0.606052939502 0.25233750966 0.606052939502
436294480 0.168223785649 0.621232725088 0.242991133395 0.621232725088 0.242991133395 0.606052939502 0.168223785649 0.606052939502
436294484 0.0841137240109 0.621232725088 0.158881071757 0.621232725088 0.158881071757 0.606052939502 0.0841137240109 0.606052939502
436294488 0.0 0.621232725088 0.074767347746 0.621232725088 0.074767347746 0.606052939502 0.0 0.606052939502
436294500 0.420561295308 0.606052939502 0.495328643054 0.606052939502 0.495328643054 0.59090477847 0.420561295308 0.59090477847
436294504 0.336447571297 0.606052939502 0.411214919043 0.606052939502 0.411214919043 0.59090477847 0.336447571297 0.59090477847
436294508 0.25233750966 0.606052939502 0.327104857406 0.606052939502 0.327104857406 0.59090477847 0.25233750966 0.59090477847
436294512 0.168223785649 0.606052939502 0.242991133395 0.606052939502 0.242991133395 0.59090477847 0.168223785649 0.59090477847
436294516 0.0841137240109 0.606052939502 0.158881071757 0.606052939502 0.158881071757 0.59090477847 0.0841137240109 0.59090477847
436294520 0.0 0.606052939502 0.074767347746 0.606052939502 0.074767347746 0.59090477847 0.0 0.59090477847
436294532 0.420561295308 0.59090477847 0.495328643054 0.59090477847 0.495328643054 0.575756617438 0.420561295308 0.575756617438
436294536 0.336447571297 0.59090477847 0.411214919043 0.59090477847 0.411214919043 0.575756617438 0.336447571297 0.575756617438
436294540 0.25233750966 0.59090477847 0.327104857406 0.59090477847 0.327104857406 0.575756617438 0.25233750966 0.575756617438
436294544 0.168223785649 0.59090477847 0.242991133395 0.59090477847 0.242991133395 0.575756617438 0.168223785649 0.575756617438
436294548 0.0841137240109 0.59090477847 0.158881071757 0.59090477847 0.158881071757 0.575756617438 0.0841137240109 0.575756617438
436294552 0.0 0.59090477847 0.074767347746 0.59090477847 0.074767347746 0.575756617438 0.0 0.575756617438
436294564 0.420561295308 0.575756617438 0.495328643054 0.575756617438 0.495328643054 0.560608456406 0.420561295308 0.560608456406
436294568 0.336447571297 0.575756617438 0.411214919043 0.575756617438 0.411214919043 0.560608456406 0.336447571297 0.560608456406
436294572 0.25233750966 0.575756617438 0.327104857406 0.575756617438 0.327104857406 0.560608456406 0.25233750966 0.560608456406
436294576 0.168223785649 0.575756617438 0.242991133395 0.575756617438 0.242991133395 0.560608456406 0.168223785649 0.560608456406
436294580 0.0841137240109 0.575756617438 0.158881071757 0.575756617438 0.158881071757 0.560608456406 0.0841137240109 0.560608456406
436294584 0.0 0.575756617438 0.074767347746 0.575756617438 0.074767347746 0.560608456406 0.0 0.560608456406
436294596 0.420561295308 0.560608456406 0.495328643054 0.560608456406 0.495328643054 0.545460295373 0.420561295308 0.545460295373
436294600 0.336447571297 0.560608456406 0.411214919043 0.560608456406 0.411214919043 0.545460295373 0.336447571297 0.545460295373
436294604 0.25233750966 0.560608456406 0.327104857406 0.560608456406 0.327104857406 0.545460295373 0.25233750966 0.545460295373
436294608 0.168223785649 0.560608456406 0.242991133395 0.560608456406 0.242991133395 0.545460295373 0.168223785649 0.545460295373
436294612 0.0841137240109 0.560608456406 0.158881071757 0.560608456406 0.158881071757 0.545460295373 0.0841137240109 0.545460295373
436294616 0.0 0.560608456406 0.074767347746 0.560608456406 0.074767347746 0.545460295373 0.0 0.545460295373
436294628 0.420561295308 0.545460295373 0.495328643054 0.545460295373 0.495328643054 0.530312134341 0.420561295308 0.530312134341
436294632 0.336447571297 0.545460295373 0.411214919043 0.545460295373 0.411214919043 0.530312134341 0.336447571297 0.530312134341
436294636 0.25233750966 0.545460295373 0.327104857406 0.545460295373 0.327104857406 0.530312134341 0.25233750966 0.530312134341
436294640 0.168223785649 0.545460295373 0.242991133395 0.545460295373 0.242991133395 0.530312134341 0.168223785649 0.530312134341
436294644 0.0841137240109 0.545460295373 0.158881071757 0.545460295373 0.158881071757 0.530312134341 0.0841137240109 0.530312134341
436294648 0.0 0.545460295373 0.074767347746 0.545460295373 0.074767347746 0.530312134341 0.0 0.530312134341
436294660 0.420561295308 0.530312134341 0.495328643054 0.530312134341 0.495328643054 0.515163973309 0.420561295308 0.515163973309
436294664 0.336447571297 0.530312134341 0.411214919043 0.530312134341 0.411214919043 0.515163973309 0.336447571297 0.515163973309
436294668 0.25233750966 0.530312134341 0.327104857406 0.530312134341 0.327104857406 0.515163973309 0.25233750966 0.515163973309
436294672 0.168223785649 0.530312134341 0.242991133395 0.530312134341 0.242991133395 0.515163973309 0.168223785649 0.515163973309
436294676 0.0841137240109 0.530312134341 0.158881071757 0.530312134341 0.158881071757 0.515163973309 0.0841137240109 0.515163973309
436294680 0.0 0.530312134341 0.074767347746 0.530312134341 0.074767347746 0.515163973309 0.0 0.515163973309
436294692 0.420561295308 0.515163973309 0.495328643054 0.515163973309 0.495328643054 0.500015812277 0.420561295308 0.500015812277
436294696 0.336447571297 0.515163973309 0.411214919043 0.515163973309 0.411214919043 0.500015812277 0.336447571297 0.500015812277
436294700 0.25233750966 0.515163973309 0.327104857406 0.515163973309 0.327104857406 0.500015812277 0.25233750966 0.500015812277
436294704 0.168223785649 0.515163973309 0.242991133395 0.515163973309 0.242991133395 0.500015812277 0.168223785649 0.500015812277
436294708 0.0841137240109 0.515163973309 0.158881071757 0.515163973309 0.158881071757 0.500015812277 0.0841137240109 0.500015812277
436294712 0.0 0.515163973309 0.074767347746 0.515163973309 0.074767347746 0.500015812277 0.0 0.500015812277
436294724 0.420561295308 0.500015812277 0.495328643054 0.500015812277 0.495328643054 0.484867651244 0.420561295308 0.484867651244
436294728 0.336447571297 0.500015812277 0.411214919043 0.500015812277 0.411214919043 0.484867651244 0.336447571297 0.484867651244
436294732 0.25233750966 0.500015812277 0.327104857406 0.500015812277 0.327104857406 0.484867651244 0.25233750966 0.484867651244
436294736 0.168223785649 0.500015812277 0.242991133395 0.500015812277 0.242991133395 0.484867651244 0.168223785649 0.484867651244
436294740 0.0841137240109 0.500015812277 0.158881071757 0.500015812277 0.158881071757 0.484867651244 0.0841137240109 0.484867651244
436294744 0.0 0.500015812277 0.074767347746 0.500015812277 0.074767347746 0.484867651244 0.0 0.484867651244
436294756 0.420561295308 0.484867651244 0.495328643054 0.484867651244 0.495328643054 0.469719490212 0.420561295308 0.469719490212
436294760 0.336447571297 0.484867651244 0.411214919043 0.484867651244 0.411214919043 0.469719490212 0.336447571297 0.469719490212
436294764 0.25233750966 0.484867651244 0.327104857406 0.484867651244 0.327104857406 0.469719490212 0.25233750966 0.469719490212
436294768 0.168223785649 0.484867651244 0.242991133395 0.484867651244 0.242991133395 0.469719490212 0.168223785649 0.469719490212
436294772 0.0841137240109 0.484867651244 0.158881071757 0.484867651244 0.158881071757 0.469719490212 0.0841137240109 0.469719490212
436294776 0.0 0.484867651244 0.074767347746 0.484867651244 0.074767347746 0.469719490212 0.0 0.469719490212
436294788 0.420561295308 0.469719490212 0.495328643054 0.469719490212 0.495328643054 0.454539704627 0.420561295308 0.454539704627
436294792 0.336447571297 0.469719490212 0.411214919043 0.469719490212 0.411214919043 0.454539704627 0.336447571297 0.454539704627
436294796 0.25233750966 0.469719490212 0.327104857406 0.469719490212 0.327104857406 0.454539704627 0.25233750966 0.454539704627
436294800 0.168223785649 0.469719490212 0.242991133395 0.469719490212 0.242991133395 0.454539704627 0.168223785649 0.454539704627
436294804 0.0841137240109 0.469719490212 0.158881071757 0.469719490212 0.158881071757 0.454539704627 0.0841137240109 0.454539704627
436294808 0.0 0.469719490212 0.074767347746 0.469719490212 0.074767347746 0.454539704627 0.0 0.454539704627
436294820 0.420561295308 0.454539704627 0.495328643054 0.454539704627 0.495328643054 0.439391543594 0.420561295308 0.439391543594
436294824 0.336447571297 0.454539704627 0.411214919043 0.454539704627 0.411214919043 0.439391543594 0.336447571297 0.439391543594
436294828 0.25233750966 0.454539704627 0.327104857406 0.454539704627 0.327104857406 0.439391543594 0.25233750966 0.439391543594
436294832 0.168223785649 0.454539704627 0.242991133395 0.454539704627 0.242991133395 0.439391543594 0.168223785649 0.439391543594
436294836 0.0841137240109 0.454539704627 0.158881071757 0.454539704627 0.158881071757 0.439391543594 0.0841137240109 0.439391543594
436294840 0.0 0.454539704627 0.074767347746 0.454539704627 0.074767347746 0.439391543594 0.0 0.439391543594
436294852 0.420561295308 0.439391543594 0.495328643054 0.439391543594 0.495328643054 0.424243382562 0.420561295308 0.424243382562
436294856 0.336447571297 0.439391543594 0.411214919043 0.439391543594 0.411214919043 0.424243382562 0.336447571297 0.424243382562
436294860 0.25233750966 0.439391543594 0.327104857406 0.439391543594 0.327104857406 0.424243382562 0.25233750966 0.424243382562
436294864 0.168223785649 0.439391543594 0.242991133395 0.439391543594 0.242991133395 0.424243382562 0.168223785649 0.424243382562
436294868 0.0841137240109 0.439391543594 0.158881071757 0.439391543594 0.158881071757 0.424243382562 0.0841137240109 0.424243382562
436294872 0.0 0.439391543594 0.074767347746 0.439391543594 0.074767347746 0.424243382562 0.0 0.424243382562
436294884 0.420561295308 0.424243382562 0.495328643054 0.424243382562 0.495328643054 0.40909522153 0.420561295308 0.40909522153
436294888 0.336447571297 0.424243382562 0.411214919043 0.424243382562 0.411214919043 0.40909522153 0.336447571297 0.40909522153
436294892 0.25233750966 0.424243382562 0.327104857406 0.424243382562 0.327104857406 0.40909522153 0.25233750966 0.40909522153
436294896 0.168223785649 0.424243382562 0.242991133395 0.424243382562 0.242991133395 0.40909522153 0.168223785649 0.40909522153
436294900 0.0841137240109 0.424243382562 0.158881071757 0.424243382562 0.158881071757 0.40909522153 0.0841137240109 0.40909522153
436294904 0.0 0.424243382562 0.074767347746 0.424243382562 0.074767347746 0.40909522153 0.0 0.40909522153
436294916 0.420561295308 0.40909522153 0.495328643054 0.40909522153 0.495328643054 0.393947060498 0.420561295308 0.393947060498
436294920 0.336447571297 0.40909522153 0.411214919043 0.40909522153 0.411214919043 0.393947060498 0.336447571297 0.393947060498
436294924 0.25233750966 0.40909522153 0.327104857406 0.40909522153 0.327104857406 0.393947060498 0.25233750966 0.393947060498
436294928 0.168223785649 0.40909522153 0.242991133395 0.40909522153 0.242991133395 0.393947060498 0.168223785649 0.393947060498
436294932 0.0841137240109 0.40909522153 0.158881071757 0.40909522153 0.158881071757 0.393947060498 0.0841137240109 0.393947060498
436294936 0.0 0.40909522153 0.074767347746 0.40909522153 0.074767347746 0.393947060498 0.0 0.393947060498
436294948 0.420561295308 0.393947060498 0.495328643054 0.393947060498 0.495328643054 0.378798899466 0.420561295308 0.378798899466
436294952 0.336447571297 0.393947060498 0.411214919043 0.393947060498 0.411214919043 0.378798899466 0.336447571297 0.378798899466
436294956 0.25233750966 0.393947060498 0.327104857406 0.393947060498 0.327104857406 0.378798899466 0.25233750966 0.378798899466
436294960 0.168223785649 0.393947060498 0.242991133395 0.393947060498 0.242991133395 0.378798899466 0.168223785649 0.378798899466
436294964 0.0841137240109 0.393947060498 0.158881071757 0.393947060498 0.158881071757 0.378798899466 0.0841137240109 0.378798899466
436294968 0.0 0.393947060498 0.074767347746 0.393947060498 0.074767347746 0.378798899466 0.0 0.378798899466
436294980 0.420561295308 0.378798899466 0.495328643054 0.378798899466 0.495328643054 0.363650738433 0.420561295308 0.363650738433
436294984 0.336447571297 0.378798899466 0.411214919043 0.378798899466 0.411214919043 0.363650738433 0.336447571297 0.363650738433
436294988 0.25233750966 0.378798899466 0.327104857406 0.378798899466 0.327104857406 0.363650738433 0.25233750966 0.363650738433
436294992 0.168223785649 0.378798899466 0.242991133395 0.378798899466 0.242991133395 0.363650738433 0.168223785649 0.363650738433
436294996 0.0841137240109 0.378798899466 0.158881071757 0.378798899466 0.158881071757 0.363650738433 0.0841137240109 0.363650738433
436295000 0.0 0.378798899466 0.074767347746 0.378798899466 0.074767347746 0.363650738433 0.0 0.363650738433
436295012 0.420561295308 0.363650738433 0.495328643054 0.363650738433 0.495328643054 0.348502577401 0.420561295308 0.348502577401
436295016 0.336447571297 0.363650738433 0.411214919043 0.363650738433 0.411214919043 0.348502577401 0.336447571297 0.348502577401
436295020 0.25233750966 0.363650738433 0.327104857406 0.363650738433 0.327104857406 0.348502577401 0.25233750966 0.348502577401
436295024 0.168223785649 0.363650738433 0.242991133395 0.363650738433 0.242991133395 0.348502577401 0.168223785649 0.348502577401
436295028 0.0841137240109 0.363650738433 0.158881071757 0.363650738433 0.158881071757 0.348502577401 0.0841137240109 0.348502577401
436295032 0.0 0.363650738433 0.074767347746 0.363650738433 0.074767347746 0.348502577401 0.0 0.348502577401
436295044 0.420561295308 0.348502577401 0.495328643054 0.348502577401 0.495328643054 0.333354416369 0.420561295308 0.333354416369
436295048 0.336447571297 0.348502577401 0.411214919043 0.348502577401 0.411214919043 0.333354416369 0.336447571297 0.333354416369
436295052 0.25233750966 0.348502577401 0.327104857406 0.348502577401 0.327104857406 0.333354416369 0.25233750966 0.333354416369
436295056 0.168223785649 0.348502577401 0.242991133395 0.348502577401 0.242991133395 0.333354416369 0.168223785649 0.333354416369
436295060 0.0841137240109 0.348502577401 0.158881071757 0.348502577401 0.158881071757 0.333354416369 0.0841137240109 0.333354416369
436295064 0.0 0.348502577401 0.074767347746 0.348502577401 0.074767347746 0.333354416369 0.0 0.333354416369
436295076 0.420561295308 0.333354416369 0.495328643054 0.333354416369 0.495328643054 0.318174630783 0.420561295308 0.318174630783
436295080 0.336447571297 0.333354416369 0.411214919043 0.333354416369 0.411214919043 0.318174630783 0.336447571297 0.318174630783
436295084 0.25233750966 0.333354416369 0.327104857406 0.333354416369 0.327104857406 0.318174630783 0.25233750966 0.318174630783
436295088 0.168223785649 0.333354416369 0.242991133395 0.333354416369 0.242991133395 0.318174630783 0.168223785649 0.318174630783
436295092 0.0841137240109 0.333354416369 0.158881071757 0.333354416369 0.158881071757 0.318174630783 0.0841137240109 0.318174630783
436295096 0.0 0.333354416369 0.074767347746 0.333354416369 0.074767347746 0.318174630783 0.0 0.318174630783
436295108 0.420561295308 0.318174630783 0.495328643054 0.318174630783 0.495328643054 0.303026469751 0.420561295308 0.303026469751
436295112 0.336447571297 0.318174630783 0.411214919043 0.318174630783 0.411214919043 0.303026469751 0.336447571297 0.303026469751
436295116 0.25233750966 0.318174630783 0.327104857406 0.318174630783 0.327104857406 0.303026469751 0.25233750966 0.303026469751
436295120 0.168223785649 0.318174630783 0.242991133395 0.318174630783 0.242991133395 0.303026469751 0.168223785649 0.303026469751
436295124 0.0841137240109 0.318174630783 0.158881071757 0.318174630783 0.158881071757 0.303026469751 0.0841137240109 0.303026469751
436295128 0.0 0.318174630783 0.074767347746 0.318174630783 0.074767347746 0.303026469751 0.0 0.303026469751
436295140 0.420561295308 0.303026469751 0.495328643054 0.303026469751 0.495328643054 0.287878308719 0.420561295308 0.287878308719
436295144 0.336447571297 0.303026469751 0.411214919043 0.303026469751 0.411214919043 0.287878308719 0.336447571297 0.287878308719
436295148 0.25233750966 0.303026469751 0.327104857406 0.303026469751 0.327104857406 0.287878308719 0.25233750966 0.287878308719
436295152 0.168223785649 0.303026469751 0.242991133395 0.303026469751 0.242991133395 0.287878308719 0.168223785649 0.287878308719
436295156 0.0841137240109 0.303026469751 0.158881071757 0.303026469751 0.158881071757 0.287878308719 0.0841137240109 0.287878308719
436295160 0.0 0.303026469751 0.074767347746 0.303026469751 0.074767347746 0.287878308719 0.0 0.287878308719
436295172 0.420561295308 0.287878308719 0.495328643054 0.287878308719 0.495328643054 0.272730147687 0.420561295308 0.272730147687
436295176 0.336447571297 0.287878308719 0.411214919043 0.287878308719 0.411214919043 0.272730147687 0.336447571297 0.272730147687
436295180 0.25233750966 0.287878308719 0.327104857406 0.287878308719 0.327104857406 0.272730147687 0.25233750966 0.272730147687
436295184 0.168223785649 0.287878308719 0.242991133395 0.287878308719 0.242991133395 0.272730147687 0.168223785649 0.272730147687
436295188 0.0841137240109 0.287878308719 0.158881071757 0.287878308719 0.158881071757 0.272730147687 0.0841137240109 0.272730147687
436295192 0.0 0.287878308719 0.074767347746 0.287878308719 0.074767347746 0.272730147687 0.0 0.272730147687
436295204 0.420561295308 0.272730147687 0.495328643054 0.272730147687 0.495328643054 0.257581986654 0.420561295308 0.257581986654
436295208 0.336447571297 0.272730147687 0.411214919043 0.272730147687 0.411214919043 0.257581986654 0.336447571297 0.257581986654
436295212 0.25233750966 0.272730147687 0.327104857406 0.272730147687 0.327104857406 0.257581986654 0.25233750966 0.257581986654
436295216 0.168223785649 0.272730147687 0.242991133395 0.272730147687 0.242991133395 0.257581986654 0.168223785649 0.257581986654
436295220 0.0841137240109 0.272730147687 0.158881071757 0.272730147687 0.158881071757 0.257581986654 0.0841137240109 0.257581986654
436295224 0.0 0.272730147687 0.074767347746 0.272730147687 0.074767347746 0.257581986654 0.0 0.257581986654
436295236 0.420561295308 0.257581986654 0.495328643054 0.257581986654 0.495328643054 0.242433825622 0.420561295308 0.242433825622
436295240 0.336447571297 0.257581986654 0.411214919043 0.257581986654 0.411214919043 0.242433825622 0.336447571297 0.242433825622
436295244 0.25233750966 0.257581986654 0.327104857406 0.257581986654 0.327104857406 0.242433825622 0.25233750966 0.242433825622
436295248 0.168223785649 0.257581986654 0.242991133395 0.257581986654 0.242991133395 0.242433825622 0.168223785649 0.242433825622
436295252 0.0841137240109 0.257581986654 0.158881071757 0.257581986654 0.158881071757 0.242433825622 0.0841137240109 0.242433825622
436295256 0.0 0.257581986654 0.074767347746 0.257581986654 0.074767347746 0.242433825622 0.0 0.242433825622
436295268 0.420561295308 0.242433825622 0.495328643054 0.242433825622 0.495328643054 0.22728566459 0.420561295308 0.22728566459
436295272 0.336447571297 0.242433825622 0.411214919043 0.242433825622 0.411214919043 0.22728566459 0.336447571297 0.22728566459
436295276 0.25233750966 0.242433825622 0.327104857406 0.242433825622 0.327104857406 0.22728566459 0.25233750966 0.22728566459
436295280 0.168223785649 0.242433825622 0.242991133395 0.242433825622 0.242991133395 0.22728566459 0.168223785649 0.22728566459
436295284 0.0841137240109 0.242433825622 0.158881071757 0.242433825622 0.158881071757 0.22728566459 0.0841137240109 0.22728566459
436295288 0.0 0.242433825622 0.074767347746 0.242433825622 0.074767347746 0.22728566459 0.0 0.22728566459
436295300 0.420561295308 0.22728566459 0.495328643054 0.22728566459 0.495328643054 0.212137503558 0.420561295308 0.212137503558
436295304 0.336447571297 0.22728566459 0.411214919043 0.22728566459 0.411214919043 0.212137503558 0.336447571297 0.212137503558
436295308 0.25233750966 0.22728566459 0.327104857406 0.22728566459 0.327104857406 0.212137503558 0.25233750966 0.212137503558
436295312 0.168223785649 0.22728566459 0.242991133395 0.22728566459 0.242991133395 0.212137503558 0.168223785649 0.212137503558
436295316 0.0841137240109 0.22728566459 0.158881071757 0.22728566459 0.158881071757 0.212137503558 0.0841137240109 0.212137503558
436295320 0.0 0.22728566459 0.074767347746 0.22728566459 0.074767347746 0.212137503558 0.0 0.212137503558
436295332 0.420561295308 0.212137503558 0.495328643054 0.212137503558 0.495328643054 0.196989342526 0.420561295308 0.196989342526
436295336 0.336447571297 0.212137503558 0.411214919043 0.212137503558 0.411214919043 0.196989342526 0.336447571297 0.196989342526
436295340 0.25233750966 0.212137503558 0.327104857406 0.212137503558 0.327104857406 0.196989342526 0.25233750966 0.196989342526
436295344 0.168223785649 0.212137503558 0.242991133395 0.212137503558 0.242991133395 0.196989342526 0.168223785649 0.196989342526
436295348 0.0841137240109 0.212137503558 0.158881071757 0.212137503558 0.158881071757 0.196989342526 0.0841137240109 0.196989342526
436295352 0.0 0.212137503558 0.074767347746 0.212137503558 0.074767347746 0.196989342526 0.0 0.196989342526
436295364 0.420561295308 0.196989342526 0.495328643054 0.196989342526 0.495328643054 0.181841181493 0.420561295308 0.181841181493
436295368 0.336447571297 0.196989342526 0.411214919043 0.196989342526 0.411214919043 0.181841181493 0.336447571297 0.181841181493
436295372 0.25233750966 0.196989342526 0.327104857406 0.196989342526 0.327104857406 0.181841181493 0.25233750966 0.181841181493
436295376 0.168223785649 0.196989342526 0.242991133395 0.196989342526 0.242991133395 0.181841181493 0.168223785649 0.181841181493
436295380 0.0841137240109 0.196989342526 0.158881071757 0.196989342526 0.158881071757 0.181841181493 0.0841137240109 0.181841181493
436295384 0.0 0.196989342526 0.074767347746 0.196989342526 0.074767347746 0.181841181493 0.0 0.181841181493
436295396 0.420561295308 0.181841181493 0.495328643054 0.181841181493 0.495328643054 0.166661395908 0.420561295308 0.166661395908
436295400 0.336447571297 0.181841181493 0.411214919043 0.181841181493 0.411214919043 0.166661395908 0.336447571297 0.166661395908
436295404 0.25233750966 0.181841181493 0.327104857406 0.181841181493 0.327104857406 0.166661395908 0.25233750966 0.166661395908
436295408 0.168223785649 0.181841181493 0.242991133395 0.181841181493 0.242991133395 0.166661395908 0.168223785649 0.166661395908
436295412 0.0841137240109 0.181841181493 0.158881071757 0.181841181493 0.158881071757 0.166661395908 0.0841137240109 0.166661395908
436295416 0.0 0.181841181493 0.074767347746 0.181841181493 0.074767347746 0.166661395908 0.0 0.166661395908
436295428 0.420561295308 0.166661395908 0.495328643054 0.166661395908 0.495328643054 0.151513234876 0.420561295308 0.151513234876
436295432 0.336447571297 0.166661395908 0.411214919043 0.166661395908 0.411214919043 0.151513234876 0.336447571297 0.151513234876
436295436 0.25233750966 0.166661395908 0.327104857406 0.166661395908 0.327104857406 0.151513234876 0.25233750966 0.151513234876
436295440 0.168223785649 0.166661395908 0.242991133395 0.166661395908 0.242991133395 0.151513234876 0.168223785649 0.151513234876
436295444 0.0841137240109 0.166661395908 0.158881071757 0.166661395908 0.158881071757 0.151513234876 0.0841137240109 0.151513234876
436295448 0.0 0.166661395908 0.074767347746 0.166661395908 0.074767347746 0.151513234876 0.0 0.151513234876
436295460 0.420561295308 0.151513234876 0.495328643054 0.151513234876 0.495328643054 0.136365073843 0.420561295308 0.136365073843
436295464 0.336447571297 0.151513234876 0.411214919043 0.151513234876 0.411214919043 0.136365073843 0.336447571297 0.136365073843
436295468 0.25233750966 0.151513234876 0.327104857406 0.151513234876 0.327104857406 0.136365073843 0.25233750966 0.136365073843
436295472 0.168223785649 0.151513234876 0.242991133395 0.151513234876 0.242991133395 0.136365073843 0.168223785649 0.136365073843
436295476 0.0841137240109 0.151513234876 0.158881071757 0.151513234876 0.158881071757 0.136365073843 0.0841137240109 0.136365073843
436295480 0.0 0.151513234876 0.074767347746 0.151513234876 0.074767347746 0.136365073843 0.0 0.136365073843
436295492 0.420561295308 0.136365073843 0.495328643054 0.136365073843 0.495328643054 0.121216912811 0.420561295308 0.121216912811
436295496 0.336447571297 0.136365073843 0.411214919043 0.136365073843 0.411214919043 0.121216912811 0.336447571297 0.121216912811
436295500 0.25233750966 0.136365073843 0.327104857406 0.136365073843 0.327104857406 0.121216912811 0.25233750966 0.121216912811
436295504 0.168223785649 0.136365073843 0.242991133395 0.136365073843 0.242991133395 0.121216912811 0.168223785649 0.121216912811
436295508 0.0841137240109 0.136365073843 0.158881071757 0.136365073843 0.158881071757 0.121216912811 0.0841137240109 0.121216912811
436295512 0.0 0.136365073843 0.074767347746 0.136365073843 0.074767347746 0.121216912811 0.0 0.121216912811
436295524 0.420561295308 0.121216912811 0.495328643054 0.121216912811 0.495328643054 0.106068751779 0.420561295308 0.106068751779
436295528 0.336447571297 0.121216912811 0.411214919043 0.121216912811 0.411214919043 0.106068751779 0.336447571297 0.106068751779
436295532 0.25233750966 0.121216912811 0.327104857406 0.121216912811 0.327104857406 0.106068751779 0.25233750966 0.106068751779
436295536 0.168223785649 0.121216912811 0.242991133395 0.121216912811 0.242991133395 0.106068751779 0.168223785649 0.106068751779
436295540 0.0841137240109 0.121216912811 0.158881071757 0.121216912811 0.158881071757 0.106068751779 0.0841137240109 0.106068751779
436295544 0.0 0.121216912811 0.074767347746 0.121216912811 0.074767347746 0.106068751779 0.0 0.106068751779
436295556 0.420561295308 0.106068751779 0.495328643054 0.106068751779 0.495328643054 0.0909205907467 0.420561295308 0.0909205907467
436295560 0.336447571297 0.106068751779 0.411214919043 0.106068751779 0.411214919043 0.0909205907467 0.336447571297 0.0909205907467
436295564 0.25233750966 0.106068751779 0.327104857406 0.106068751779 0.327104857406 0.0909205907467 0.25233750966 0.0909205907467
436295568 0.168223785649 0.106068751779 0.242991133395 0.106068751779 0.242991133395 0.0909205907467 0.168223785649 0.0909205907467
436295572 0.0841137240109 0.106068751779 0.158881071757 0.106068751779 0.158881071757 0.0909205907467 0.0841137240109 0.0909205907467
436295576 0.0 0.106068751779 0.074767347746 0.106068751779 0.074767347746 0.0909205907467 0.0 0.0909205907467
436295588 0.420561295308 0.0909205907467 0.495328643054 0.0909205907467 0.495328643054 0.0757724297144 0.420561295308 0.0757724297144
436295592 0.336447571297 0.0909205907467 0.411214919043 0.0909205907467 0.411214919043 0.0757724297144 0.336447571297 0.0757724297144
436295596 0.25233750966 0.0909205907467 0.327104857406 0.0909205907467 0.327104857406 0.0757724297144 0.25233750966 0.0757724297144
436295600 0.168223785649 0.0909205907467 0.242991133395 0.0909205907467 0.242991133395 0.0757724297144 0.168223785649 0.0757724297144
436295604 0.0841137240109 0.0909205907467 0.158881071757 0.0909205907467 0.158881071757 0.0757724297144 0.0841137240109 0.0757724297144
436295608 0.0 0.0909205907467 0.074767347746 0.0909205907467 0.074767347746 0.0757724297144 0.0 0.0757724297144
436295620 0.420561295308 0.0757724297144 0.495328643054 0.0757724297144 0.495328643054 0.0606242686822 0.420561295308 0.0606242686822
436295624 0.336447571297 0.0757724297144 0.411214919043 0.0757724297144 0.411214919043 0.0606242686822 0.336447571297 0.0606242686822
436295628 0.25233750966 0.0757724297144 0.327104857406 0.0757724297144 0.327104857406 0.0606242686822 0.25233750966 0.0606242686822
436295632 0.168223785649 0.0757724297144 0.242991133395 0.0757724297144 0.242991133395 0.0606242686822 0.168223785649 0.0606242686822
436295636 0.0841137240109 0.0757724297144 0.158881071757 0.0757724297144 0.158881071757 0.0606242686822 0.0841137240109 0.0606242686822
436295640 0.0 0.0757724297144 0.074767347746 0.0757724297144 0.074767347746 0.0606242686822 0.0 0.0606242686822
436295652 0.420561295308 0.0606242686822 0.495328643054 0.0606242686822 0.495328643054 0.04547610765 0.420561295308 0.04547610765
436295656 0.336447571297 0.0606242686822 0.411214919043 0.0606242686822 0.411214919043 0.04547610765 0.336447571297 0.04547610765
436295660 0.25233750966 0.0606242686822 0.327104857406 0.0606242686822 0.327104857406 0.04547610765 0.25233750966 0.04547610765
436295664 0.168223785649 0.0606242686822 0.242991133395 0.0606242686822 0.242991133395 0.04547610765 0.168223785649 0.04547610765
436295668 0.0841137240109 0.0606242686822 0.158881071757 0.0606242686822 0.158881071757 0.04547610765 0.0841137240109 0.04547610765
436295672 0.0 0.0606242686822 0.074767347746 0.0606242686822 0.074767347746 0.04547610765 0.0 0.04547610765
436295684 0.420561295308 0.04547610765 0.495328643054 0.04547610765 0.495328643054 0.0303279466178 0.420561295308 0.0303279466178
436295688 0.336447571297 0.04547610765 0.411214919043 0.04547610765 0.411214919043 0.0303279466178 0.336447571297 0.0303279466178
436295692 0.25233750966 0.04547610765 0.327104857406 0.04547610765 0.327104857406 0.0303279466178 0.25233750966 0.0303279466178
436295696 0.168223785649 0.04547610765 0.242991133395 0.04547610765 0.242991133395 0.0303279466178 0.168223785649 0.0303279466178
436295700 0.0841137240109 0.04547610765 0.158881071757 0.04547610765 0.158881071757 0.0303279466178 0.0841137240109 0.0303279466178
436295704 0.0 0.04547610765 0.074767347746 0.04547610765 0.074767347746 0.0303279466178 0.0 0.0303279466178
436295716 0.420561295308 0.0303279466178 0.495328643054 0.0303279466178 0.495328643054 0.0151481610322 0.420561295308 0.0151481610322
436295720 0.336447571297 0.0303279466178 0.411214919043 0.0303279466178 0.411214919043 0.0151481610322 0.336447571297 0.0151481610322
436295724 0.25233750966 0.0303279466178 0.327104857406 0.0303279466178 0.327104857406 0.0151481610322 0.25233750966 0.0151481610322
436295728 0.168223785649 0.0303279466178 0.242991133395 0.0303279466178 0.242991133395 0.0151481610322 0.168223785649 0.0151481610322
436295732 0.0841137240109 0.0303279466178 0.158881071757 0.0303279466178 0.158881071757 0.0151481610322 0.0841137240109 0.0151481610322
436295736 0.0 0.0303279466178 0.074767347746 0.0303279466178 0.074767347746 0.0151481610322 0.0 0.0151481610322
436295748 0.420561295308 0.0151481610322 0.495328643054 0.0151481610322 0.495328643054 0.0 0.420561295308 0.0
436295752 0.336447571297 0.0151481610322 0.411214919043 0.0151481610322 0.411214919043 0.0 0.336447571297 0.0
436295756 0.25233750966 0.0151481610322 0.327104857406 0.0151481610322 0.327104857406 0.0 0.25233750966 0.0
436295760 0.168223785649 0.0151481610322 0.242991133395 0.0151481610322 0.242991133395 0.0 0.168223785649 0.0
436295764 0.0841137240109 0.0151481610322 0.158881071757 0.0151481610322 0.158881071757 0.0 0.0841137240109 0.0
436295768 0.0 0.0151481610322 0.074767347746 0.0151481610322 0.074767347746 0.0 0.0 0.0
436297764 0.504671356946 1.0 0.579438704692 1.0 0.579438704692 0.984851838968 0.504671356946 0.984851838968
436297768 0.588785080957 1.0 0.663552428703 1.0 0.663552428703 0.984851838968 0.588785080957 0.984851838968
436297772 0.672898804968 1.0 0.74766249034 1.0 0.74766249034 0.984851838968 0.672898804968 0.984851838968
436297776 0.757008866605 1.0 0.831776214351 1.0 0.831776214351 0.984851838968 0.757008866605 0.984851838968
436297780 0.841122590616 1.0 0.915886275989 1.0 0.915886275989 0.984851838968 0.841122590616 0.984851838968
436297784 0.925232652254 1.0 1.0 1.0 1.0 0.984851838968 0.925232652254 0.984851838968
436297796 0.504671356946 0.984851838968 0.579438704692 0.984851838968 0.579438704692 0.969703677936 0.504671356946 0.969703677936
436297800 0.588785080957 0.984851838968 0.663552428703 0.984851838968 0.663552428703 0.969703677936 0.588785080957 0.969703677936
436297804 0.672898804968 0.984851838968 0.74766249034 0.984851838968 0.74766249034 0.969703677936 0.672898804968 0.969703677936
436297808 0.757008866605 0.984851838968 0.831776214351 0.984851838968 0.831776214351 0.969703677936 0.757008866605 0.969703677936
436297812 0.841122590616 0.984851838968 0.915886275989 0.984851838968 0.915886275989 0.969703677936 0.841122590616 0.969703677936
436297816 0.925232652254 0.984851838968 1.0 0.984851838968 1.0 0.969703677936 0.925232652254 0.969703677936
436297828 0.504671356946 0.969703677936 0.579438704692 0.969703677936 0.579438704692 0.954555516903 0.504671356946 0.954555516903
436297832 0.588785080957 0.969703677936 0.663552428703 0.969703677936 0.663552428703 0.954555516903 0.588785080957 0.954555516903
436297836 0.672898804968 0.969703677936 0.74766249034 0.969703677936 0.74766249034 0.954555516903 0.672898804968 0.954555516903
436297840 0.757008866605 0.969703677936 0.831776214351 0.969703677936 0.831776214351 0.954555516903 0.757008866605 0.954555516903
436297844 0.841122590616 0.969703677936 0.915886275989 0.969703677936 0.915886275989 0.954555516903 0.841122590616 0.954555516903
436297848 0.925232652254 0.969703677936 1.0 0.969703677936 1.0 0.954555516903 0.925232652254 0.954555516903
436297860 0.504671356946 0.954555516903 0.579438704692 0.954555516903 0.579438704692 0.939407355871 0.504671356946 0.939407355871
436297864 0.588785080957 0.954555516903 0.663552428703 0.954555516903 0.663552428703 0.939407355871 0.588785080957 0.939407355871
436297868 0.672898804968 0.954555516903 0.74766249034 0.954555516903 0.74766249034 0.939407355871 0.672898804968 0.939407355871
436297872 0.757008866605 0.954555516903 0.831776214351 0.954555516903 0.831776214351 0.939407355871 0.757008866605 0.939407355871
436297876 0.841122590616 0.954555516903 0.915886275989 0.954555516903 0.915886275989 0.939407355871 0.841122590616 0.939407355871
436297880 0.925232652254 0.954555516903 1.0 0.954555516903 1.0 0.939407355871 0.925232652254 0.939407355871
436297892 0.504671356946 0.939407355871 0.579438704692 0.939407355871 0.579438704692 0.924259194839 0.504671356946 0.924259194839
436297896 0.588785080957 0.939407355871 0.663552428703 0.939407355871 0.663552428703 0.924259194839 0.588785080957 0.924259194839
436297900 0.672898804968 0.939407355871 0.74766249034 0.939407355871 0.74766249034 0.924259194839 0.672898804968 0.924259194839
436297904 0.757008866605 0.939407355871 0.831776214351 0.939407355871 0.831776214351 0.924259194839 0.757008866605 0.924259194839
436297908 0.841122590616 0.939407355871 0.915886275989 0.939407355871 0.915886275989 0.924259194839 0.841122590616 0.924259194839
436297912 0.925232652254 0.939407355871 1.0 0.939407355871 1.0 0.924259194839 0.925232652254 0.924259194839
436297924 0.504671356946 0.924259194839 0.579438704692 0.924259194839 0.579438704692 0.909079409253 0.504671356946 0.909079409253
436297928 0.588785080957 0.924259194839 0.663552428703 0.924259194839 0.663552428703 0.909079409253 0.588785080957 0.909079409253
436297932 0.672898804968 0.924259194839 0.74766249034 0.924259194839 0.74766249034 0.909079409253 0.672898804968 0.909079409253
436297936 0.757008866605 0.924259194839 0.831776214351 0.924259194839 0.831776214351 0.909079409253 0.757008866605 0.909079409253
436297940 0.841122590616 0.924259194839 0.915886275989 0.924259194839 0.915886275989 0.909079409253 0.841122590616 0.909079409253
436297944 0.925232652254 0.924259194839 1.0 0.924259194839 1.0 0.909079409253 0.925232652254 0.909079409253
436297956 0.504671356946 0.909079409253 0.579438704692 0.909079409253 0.579438704692 0.893931248221 0.504671356946 0.893931248221
436297960 0.588785080957 0.909079409253 0.663552428703 0.909079409253 0.663552428703 0.893931248221 0.588785080957 0.893931248221
436297964 0.672898804968 0.909079409253 0.74766249034 0.909079409253 0.74766249034 0.893931248221 0.672898804968 0.893931248221
436297968 0.757008866605 0.909079409253 0.831776214351 0.909079409253 0.831776214351 0.893931248221 0.757008866605 0.893931248221
436297972 0.841122590616 0.909079409253 0.915886275989 0.909079409253 0.915886275989 0.893931248221 0.841122590616 0.893931248221
436297976 0.925232652254 0.909079409253 1.0 0.909079409253 1.0 0.893931248221 0.925232652254 0.893931248221
436297988 0.504671356946 0.893931248221 0.579438704692 0.893931248221 0.579438704692 0.878783087189 0.504671356946 0.878783087189
436297992 0.588785080957 0.893931248221 0.663552428703 0.893931248221 0.663552428703 0.878783087189 0.588785080957 0.878783087189
436297996 0.672898804968 0.893931248221 0.74766249034 0.893931248221 0.74766249034 0.878783087189 0.672898804968 0.878783087189
436298000 0.757008866605 0.893931248221 0.831776214351 0.893931248221 0.831776214351 0.878783087189 0.757008866605 0.878783087189
436298004 0.841122590616 0.893931248221 0.915886275989 0.893931248221 0.915886275989 0.878783087189 0.841122590616 0.878783087189
436298008 0.925232652254 0.893931248221 1.0 0.893931248221 1.0 0.878783087189 0.925232652254 0.878783087189
436298020 0.504671356946 0.878783087189 0.579438704692 0.878783087189 0.579438704692 0.863634926157 0.504671356946 0.863634926157
436298024 0.588785080957 0.878783087189 0.663552428703 0.878783087189 0.663552428703 0.863634926157 0.588785080957 0.863634926157
436298028 0.672898804968 0.878783087189 0.74766249034 0.878783087189 0.74766249034 0.863634926157 0.672898804968 0.863634926157
436298032 0.757008866605 0.878783087189 0.831776214351 0.878783087189 0.831776214351 0.863634926157 0.757008866605 0.863634926157
436298036 0.841122590616 0.878783087189 0.915886275989 0.878783087189 0.915886275989 0.863634926157 0.841122590616 0.863634926157
436298040 0.925232652254 0.878783087189 1.0 0.878783087189 1.0 0.863634926157 0.925232652254 0.863634926157
436298052 0.504671356946 0.863634926157 0.579438704692 0.863634926157 0.579438704692 0.848486765124 0.504671356946 0.848486765124
436298056 0.588785080957 0.863634926157 0.663552428703 0.863634926157 0.663552428703 0.848486765124 0.588785080957 0.848486765124
436298060 0.672898804968 0.863634926157 0.74766249034 0.863634926157 0.74766249034 0.848486765124 0.672898804968 0.848486765124
436298064 0.757008866605 0.863634926157 0.831776214351 0.863634926157 0.831776214351 0.848486765124 0.757008866605 0.848486765124
436298068 0.841122590616 0.863634926157 0.915886275989 0.863634926157 0.915886275989 0.848486765124 0.841122590616 0.848486765124
436298072 0.925232652254 0.863634926157 1.0 0.863634926157 1.0 0.848486765124 0.925232652254 0.848486765124
436298084 0.504671356946 0.848486765124 0.579438704692 0.848486765124 0.579438704692 0.833338604092 0.504671356946 0.833338604092
436298088 0.588785080957 0.848486765124 0.663552428703 0.848486765124 0.663552428703 0.833338604092 0.588785080957 0.833338604092
436298092 0.672898804968 0.848486765124 0.74766249034 0.848486765124 0.74766249034 0.833338604092 0.672898804968 0.833338604092
436298096 0.757008866605 0.848486765124 0.831776214351 0.848486765124 0.831776214351 0.833338604092 0.757008866605 0.833338604092
436298100 0.841122590616 0.848486765124 0.915886275989 0.848486765124 0.915886275989 0.833338604092 0.841122590616 0.833338604092
436298104 0.925232652254 0.848486765124 1.0 0.848486765124 1.0 0.833338604092 0.925232652254 0.833338604092
436298116 0.504671356946 0.833338604092 0.579438704692 0.833338604092 0.579438704692 0.81819044306 0.504671356946 0.81819044306
436298120 0.588785080957 0.833338604092 0.663552428703 0.833338604092 0.663552428703 0.81819044306 0.588785080957 0.81819044306
436298124 0.672898804968 0.833338604092 0.74766249034 0.833338604092 0.74766249034 0.81819044306 0.672898804968 0.81819044306
436298128 0.757008866605 0.833338604092 0.831776214351 0.833338604092 0.831776214351 0.81819044306 0.757008866605 0.81819044306
436298132 0.841122590616 0.833338604092 0.915886275989 0.833338604092 0.915886275989 0.81819044306 0.841122590616 0.81819044306
436298136 0.925232652254 0.833338604092 1.0 0.833338604092 1.0 0.81819044306 0.925232652254 0.81819044306
436298148 0.504671356946 0.81819044306 0.579438704692 0.81819044306 0.579438704692 0.803042282028 0.504671356946 0.803042282028
436298152 0.588785080957 0.81819044306 0.663552428703 0.81819044306 0.663552428703 0.803042282028 0.588785080957 0.803042282028
436298156 0.672898804968 0.81819044306 0.74766249034 0.81819044306 0.74766249034 0.803042282028 0.672898804968 0.803042282028
436298160 0.757008866605 0.81819044306 0.831776214351 0.81819044306 0.831776214351 0.803042282028 0.757008866605 0.803042282028
436298164 0.841122590616 0.81819044306 0.915886275989 0.81819044306 0.915886275989 0.803042282028 0.841122590616 0.803042282028
436298168 0.925232652254 0.81819044306 1.0 0.81819044306 1.0 0.803042282028 0.925232652254 0.803042282028
436298180 0.504671356946 0.803042282028 0.579438704692 0.803042282028 0.579438704692 0.787894120996 0.504671356946 0.787894120996
436298184 0.588785080957 0.803042282028 0.663552428703 0.803042282028 0.663552428703 0.787894120996 0.588785080957 0.787894120996
436298188 0.672898804968 0.803042282028 0.74766249034 0.803042282028 0.74766249034 0.787894120996 0.672898804968 0.787894120996
436298192 0.757008866605 0.803042282028 0.831776214351 0.803042282028 0.831776214351 0.787894120996 0.757008866605 0.787894120996
436298196 0.841122590616 0.803042282028 0.915886275989 0.803042282028 0.915886275989 0.787894120996 0.841122590616 0.787894120996
436298200 0.925232652254 0.803042282028 1.0 0.803042282028 1.0 0.787894120996 0.925232652254 0.787894120996
436298212 0.504671356946 0.787894120996 0.579438704692 0.787894120996 0.579438704692 0.772745959963 0.504671356946 0.772745959963
436298216 0.588785080957 0.787894120996 0.663552428703 0.787894120996 0.663552428703 0.772745959963 0.588785080957 0.772745959963
436298220 0.672898804968 0.787894120996 0.74766249034 0.787894120996 0.74766249034 0.772745959963 0.672898804968 0.772745959963
436298224 0.757008866605 0.787894120996 0.831776214351 0.787894120996 0.831776214351 0.772745959963 0.757008866605 0.772745959963
436298228 0.841122590616 0.787894120996 0.915886275989 0.787894120996 0.915886275989 0.772745959963 0.841122590616 0.772745959963
436298232 0.925232652254 0.787894120996 1.0 0.787894120996 1.0 0.772745959963 0.925232652254 0.772745959963
436298244 0.504671356946 0.772745959963 0.579438704692 0.772745959963 0.579438704692 0.757566174378 0.504671356946 0.757566174378
436298248 0.588785080957 0.772745959963 0.663552428703 0.772745959963 0.663552428703 0.757566174378 0.588785080957 0.757566174378
436298252 0.672898804968 0.772745959963 0.74766249034 0.772745959963 0.74766249034 0.757566174378 0.672898804968 0.757566174378
436298256 0.757008866605 0.772745959963 0.831776214351 0.772745959963 0.831776214351 0.757566174378 0.757008866605 0.757566174378
436298260 0.841122590616 0.772745959963 0.915886275989 0.772745959963 0.915886275989 0.757566174378 0.841122590616 0.757566174378
436298264 0.925232652254 0.772745959963 1.0 0.772745959963 1.0 0.757566174378 0.925232652254 0.757566174378
436298276 0.504671356946 0.757566174378 0.579438704692 0.757566174378 0.579438704692 0.742418013346 0.504671356946 0.742418013346
436298280 0.588785080957 0.757566174378 0.663552428703 0.757566174378 0.663552428703 0.742418013346 0.588785080957 0.742418013346
436298284 0.672898804968 0.757566174378 0.74766249034 0.757566174378 0.74766249034 0.742418013346 0.672898804968 0.742418013346
436298288 0.757008866605 0.757566174378 0.831776214351 0.757566174378 0.831776214351 0.742418013346 0.757008866605 0.742418013346
436298292 0.841122590616 0.757566174378 0.915886275989 0.757566174378 0.915886275989 0.742418013346 0.841122590616 0.742418013346
436298296 0.925232652254 0.757566174378 1.0 0.757566174378 1.0 0.742418013346 0.925232652254 0.742418013346
436298308 0.504671356946 0.742418013346 0.579438704692 0.742418013346 0.579438704692 0.727269852313 0.504671356946 0.727269852313
436298312 0.588785080957 0.742418013346 0.663552428703 0.742418013346 0.663552428703 0.727269852313 0.588785080957 0.727269852313
436298316 0.672898804968 0.742418013346 0.74766249034 0.742418013346 0.74766249034 0.727269852313 0.672898804968 0.727269852313
436298320 0.757008866605 0.742418013346 0.831776214351 0.742418013346 0.831776214351 0.727269852313 0.757008866605 0.727269852313
436298324 0.841122590616 0.742418013346 0.915886275989 0.742418013346 0.915886275989 0.727269852313 0.841122590616 0.727269852313
436298328 0.925232652254 0.742418013346 1.0 0.742418013346 1.0 0.727269852313 0.925232652254 0.727269852313
436298340 0.504671356946 0.727269852313 0.579438704692 0.727269852313 0.579438704692 0.712121691281 0.504671356946 0.712121691281
436298344 0.588785080957 0.727269852313 0.663552428703 0.727269852313 0.663552428703 0.712121691281 0.588785080957 0.712121691281
436298348 0.672898804968 0.727269852313 0.74766249034 0.727269852313 0.74766249034 0.712121691281 0.672898804968 0.712121691281
436298352 0.757008866605 0.727269852313 0.831776214351 0.727269852313 0.831776214351 0.712121691281 0.757008866605 0.712121691281
436298356 0.841122590616 0.727269852313 0.915886275989 0.727269852313 0.915886275989 0.712121691281 0.841122590616 0.712121691281
436298360 0.925232652254 0.727269852313 1.0 0.727269852313 1.0 0.712121691281 0.925232652254 0.712121691281
436298372 0.504671356946 0.712121691281 0.579438704692 0.712121691281 0.579438704692 0.696973530249 0.504671356946 0.696973530249
436298376 0.588785080957 0.712121691281 0.663552428703 0.712121691281 0.663552428703 0.696973530249 0.588785080957 0.696973530249
436298380 0.672898804968 0.712121691281 0.74766249034 0.712121691281 0.74766249034 0.696973530249 0.672898804968 0.696973530249
436298384 0.757008866605 0.712121691281 0.831776214351 0.712121691281 0.831776214351 0.696973530249 0.757008866605 0.696973530249
436298388 0.841122590616 0.712121691281 0.915886275989 0.712121691281 0.915886275989 0.696973530249 0.841122590616 0.696973530249
436298392 0.925232652254 0.712121691281 1.0 0.712121691281 1.0 0.696973530249 0.925232652254 0.696973530249
436298404 0.504671356946 0.696973530249 0.579438704692 0.696973530249 0.579438704692 0.681825369217 0.504671356946 0.681825369217
436298408 0.588785080957 0.696973530249 0.663552428703 0.696973530249 0.663552428703 0.681825369217 0.588785080957 0.681825369217
436298412 0.672898804968 0.696973530249 0.74766249034 0.696973530249 0.74766249034 0.681825369217 0.672898804968 0.681825369217
436298416 0.757008866605 0.696973530249 0.831776214351 0.696973530249 0.831776214351 0.681825369217 0.757008866605 0.681825369217
436298420 0.841122590616 0.696973530249 0.915886275989 0.696973530249 0.915886275989 0.681825369217 0.841122590616 0.681825369217
436298424 0.925232652254 0.696973530249 1.0 0.696973530249 1.0 0.681825369217 0.925232652254 0.681825369217
436298436 0.504671356946 0.681825369217 0.579438704692 0.681825369217 0.579438704692 0.666677208184 0.504671356946 0.666677208184
436298440 0.588785080957 0.681825369217 0.663552428703 0.681825369217 0.663552428703 0.666677208184 0.588785080957 0.666677208184
436298444 0.672898804968 0.681825369217 0.74766249034 0.681825369217 0.74766249034 0.666677208184 0.672898804968 0.666677208184
436298448 0.757008866605 0.681825369217 0.831776214351 0.681825369217 0.831776214351 0.666677208184 0.757008866605 0.666677208184
436298452 0.841122590616 0.681825369217 0.915886275989 0.681825369217 0.915886275989 0.666677208184 0.841122590616 0.666677208184
436298456 0.925232652254 0.681825369217 1.0 0.681825369217 1.0 0.666677208184 0.925232652254 0.666677208184
436298468 0.504671356946 0.666677208184 0.579438704692 0.666677208184 0.579438704692 0.651529047152 0.504671356946 0.651529047152
436298472 0.588785080957 0.666677208184 0.663552428703 0.666677208184 0.663552428703 0.651529047152 0.588785080957 0.651529047152
436298476 0.672898804968 0.666677208184 0.74766249034 0.666677208184 0.74766249034 0.651529047152 0.672898804968 0.651529047152
436298480 0.757008866605 0.666677208184 0.831776214351 0.666677208184 0.831776214351 0.651529047152 0.757008866605 0.651529047152
436298484 0.841122590616 0.666677208184 0.915886275989 0.666677208184 0.915886275989 0.651529047152 0.841122590616 0.651529047152
436298488 0.925232652254 0.666677208184 1.0 0.666677208184 1.0 0.651529047152 0.925232652254 0.651529047152
436298500 0.504671356946 0.651529047152 0.579438704692 0.651529047152 0.579438704692 0.63638088612 0.504671356946 0.63638088612
436298504 0.588785080957 0.651529047152 0.663552428703 0.651529047152 0.663552428703 0.63638088612 0.588785080957 0.63638088612
436298508 0.672898804968 0.651529047152 0.74766249034 0.651529047152 0.74766249034 0.63638088612 0.672898804968 0.63638088612
436298512 0.757008866605 0.651529047152 0.831776214351 0.651529047152 0.831776214351 0.63638088612 0.757008866605 0.63638088612
436298516 0.841122590616 0.651529047152 0.915886275989 0.651529047152 0.915886275989 0.63638088612 0.841122590616 0.63638088612
436298520 0.925232652254 0.651529047152 1.0 0.651529047152 1.0 0.63638088612 0.925232652254 0.63638088612
436298532 0.504671356946 0.63638088612 0.579438704692 0.63638088612 0.579438704692 0.621232725088 0.504671356946 0.621232725088
436298536 0.588785080957 0.63638088612 0.663552428703 0.63638088612 0.663552428703 0.621232725088 0.588785080957 0.621232725088
436298540 0.672898804968 0.63638088612 0.74766249034 0.63638088612 0.74766249034 0.621232725088 0.672898804968 0.621232725088
436298544 0.757008866605 0.63638088612 0.831776214351 0.63638088612 0.831776214351 0.621232725088 0.757008866605 0.621232725088
436298548 0.841122590616 0.63638088612 0.915886275989 0.63638088612 0.915886275989 0.621232725088 0.841122590616 0.621232725088
436298552 0.925232652254 0.63638088612 1.0 0.63638088612 1.0 0.621232725088 0.925232652254 0.621232725088
436298564 0.504671356946 0.621232725088 0.579438704692 0.621232725088 0.579438704692 0.606052939502 0.504671356946 0.606052939502
436298568 0.588785080957 0.621232725088 0.663552428703 0.621232725088 0.663552428703 0.606052939502 0.588785080957 0.606052939502
436298572 0.672898804968 0.621232725088 0.74766249034 0.621232725088 0.74766249034 0.606052939502 0.672898804968 0.606052939502
436298576 0.757008866605 0.621232725088 0.831776214351 0.621232725088 0.831776214351 0.606052939502 0.757008866605 0.606052939502
436298580 0.841122590616 0.621232725088 0.915886275989 0.621232725088 0.915886275989 0.606052939502 0.841122590616 0.606052939502
436298584 0.925232652254 0.621232725088 1.0 0.621232725088 1.0 0.606052939502 0.925232652254 0.606052939502
436298596 0.504671356946 0.606052939502 0.579438704692 0.606052939502 0.579438704692 0.59090477847 0.504671356946 0.59090477847
436298600 0.588785080957 0.606052939502 0.663552428703 0.606052939502 0.663552428703 0.59090477847 0.588785080957 0.59090477847
436298604 0.672898804968 0.606052939502 0.74766249034 0.606052939502 0.74766249034 0.59090477847 0.672898804968 0.59090477847
436298608 0.757008866605 0.606052939502 0.831776214351 0.606052939502 0.831776214351 0.59090477847 0.757008866605 0.59090477847
436298612 0.841122590616 0.606052939502 0.915886275989 0.606052939502 0.915886275989 0.59090477847 0.841122590616 0.59090477847
436298616 0.925232652254 0.606052939502 1.0 0.606052939502 1.0 0.59090477847 0.925232652254 0.59090477847
436298628 0.504671356946 0.59090477847 0.579438704692 0.59090477847 0.579438704692 0.575756617438 0.504671356946 0.575756617438
436298632 0.588785080957 0.59090477847 0.663552428703 0.59090477847 0.663552428703 0.575756617438 0.588785080957 0.575756617438
436298636 0.672898804968 0.59090477847 0.74766249034 0.59090477847 0.74766249034 0.575756617438 0.672898804968 0.575756617438
436298640 0.757008866605 0.59090477847 0.831776214351 0.59090477847 0.831776214351 0.575756617438 0.757008866605 0.575756617438
436298644 0.841122590616 0.59090477847 0.915886275989 0.59090477847 0.915886275989 0.575756617438 0.841122590616 0.575756617438
436298648 0.925232652254 0.59090477847 1.0 0.59090477847 1.0 0.575756617438 0.925232652254 0.575756617438
436298660 0.504671356946 0.575756617438 0.579438704692 0.575756617438 0.579438704692 0.560608456406 0.504671356946 0.560608456406
436298664 0.588785080957 0.575756617438 0.663552428703 0.575756617438 0.663552428703 0.560608456406 0.588785080957 0.560608456406
436298668 0.672898804968 0.575756617438 0.74766249034 0.575756617438 0.74766249034 0.560608456406 0.672898804968 0.560608456406
436298672 0.757008866605 0.575756617438 0.831776214351 0.575756617438 0.831776214351 0.560608456406 0.757008866605 0.560608456406
436298676 0.841122590616 0.575756617438 0.915886275989 0.575756617438 0.915886275989 0.560608456406 0.841122590616 0.560608456406
436298680 0.925232652254 0.575756617438 1.0 0.575756617438 1.0 0.560608456406 0.925232652254 0.560608456406
436298692 0.504671356946 0.560608456406 0.579438704692 0.560608456406 0.579438704692 0.545460295373 0.504671356946 0.545460295373
436298696 0.588785080957 0.560608456406 0.663552428703 0.560608456406 0.663552428703 0.545460295373 0.588785080957 0.545460295373
436298700 0.672898804968 0.560608456406 0.74766249034 0.560608456406 0.74766249034 0.545460295373 0.672898804968 0.545460295373
436298704 0.757008866605 0.560608456406 0.831776214351 0.560608456406 0.831776214351 0.545460295373 0.757008866605 0.545460295373
436298708 0.841122590616 0.560608456406 0.915886275989 0.560608456406 0.915886275989 0.545460295373 0.841122590616 0.545460295373
436298712 0.925232652254 0.560608456406 1.0 0.560608456406 1.0 0.545460295373 0.925232652254 0.545460295373
436298724 0.504671356946 0.545460295373 0.579438704692 0.545460295373 0.579438704692 0.530312134341 0.504671356946 0.530312134341
436298728 0.588785080957 0.545460295373 0.663552428703 0.545460295373 0.663552428703 0.530312134341 0.588785080957 0.530312134341
436298732 0.672898804968 0.545460295373 0.74766249034 0.545460295373 0.74766249034 0.530312134341 0.672898804968 0.530312134341
436298736 0.757008866605 0.545460295373 0.831776214351 0.545460295373 0.831776214351 0.530312134341 0.757008866605 0.530312134341
436298740 0.841122590616 0.545460295373 0.915886275989 0.545460295373 0.915886275989 0.530312134341 0.841122590616 0.530312134341
436298744 0.925232652254 0.545460295373 1.0 0.545460295373 1.0 0.530312134341 0.925232652254 0.530312134341
436298756 0.504671356946 0.530312134341 0.579438704692 0.530312134341 0.579438704692 0.515163973309 0.504671356946 0.515163973309
436298760 0.588785080957 0.530312134341 0.663552428703 0.530312134341 0.663552428703 0.515163973309 0.588785080957 0.515163973309
436298764 0.672898804968 0.530312134341 0.74766249034 0.530312134341 0.74766249034 0.515163973309 0.672898804968 0.515163973309
436298768 0.757008866605 0.530312134341 0.831776214351 0.530312134341 0.831776214351 0.515163973309 0.757008866605 0.515163973309
436298772 0.841122590616 0.530312134341 0.915886275989 0.530312134341 0.915886275989 0.515163973309 0.841122590616 0.515163973309
436298776 0.925232652254 0.530312134341 1.0 0.530312134341 1.0 0.515163973309 0.925232652254 0.515163973309
436298788 0.504671356946 0.515163973309 0.579438704692 0.515163973309 0.579438704692 0.500015812277 0.504671356946 0.500015812277
436298792 0.588785080957 0.515163973309 0.663552428703 0.515163973309 0.663552428703 0.500015812277 0.588785080957 0.500015812277
436298796 0.672898804968 0.515163973309 0.74766249034 0.515163973309 0.74766249034 0.500015812277 0.672898804968 0.500015812277
436298800 0.757008866605 0.515163973309 0.831776214351 0.515163973309 0.831776214351 0.500015812277 0.757008866605 0.500015812277
436298804 0.841122590616 0.515163973309 0.915886275989 0.515163973309 0.915886275989 0.500015812277 0.841122590616 0.500015812277
436298808 0.925232652254 0.515163973309 1.0 0.515163973309 1.0 0.500015812277 0.925232652254 0.500015812277
436298820 0.504671356946 0.500015812277 0.579438704692 0.500015812277 0.579438704692 0.484867651244 0.504671356946 0.484867651244
436298824 0.588785080957 0.500015812277 0.663552428703 0.500015812277 0.663552428703 0.484867651244 0.588785080957 0.484867651244
436298828 0.672898804968 0.500015812277 0.74766249034 0.500015812277 0.74766249034 0.484867651244 0.672898804968 0.484867651244
436298832 0.757008866605 0.500015812277 0.831776214351 0.500015812277 0.831776214351 0.484867651244 0.757008866605 0.484867651244
436298836 0.841122590616 0.500015812277 0.915886275989 0.500015812277 0.915886275989 0.484867651244 0.841122590616 0.484867651244
436298840 0.925232652254 0.500015812277 1.0 0.500015812277 1.0 0.484867651244 0.925232652254 0.484867651244
436298852 0.504671356946 0.484867651244 0.579438704692 0.484867651244 0.579438704692 0.469719490212 0.504671356946 0.469719490212
436298856 0.588785080957 0.484867651244 0.663552428703 0.484867651244 0.663552428703 0.469719490212 0.588785080957 0.469719490212
436298860 0.672898804968 0.484867651244 0.74766249034 0.484867651244 0.74766249034 0.469719490212 0.672898804968 0.469719490212
436298864 0.757008866605 0.484867651244 0.831776214351 0.484867651244 0.831776214351 0.469719490212 0.757008866605 0.469719490212
436298868 0.841122590616 0.484867651244 0.915886275989 0.484867651244 0.915886275989 0.469719490212 0.841122590616 0.469719490212
436298872 0.925232652254 0.484867651244 1.0 0.484867651244 1.0 0.469719490212 0.925232652254 0.469719490212
436298884 0.504671356946 0.469719490212 0.579438704692 0.469719490212 0.579438704692 0.454539704627 0.504671356946 0.454539704627
436298888 0.588785080957 0.469719490212 0.663552428703 0.469719490212 0.663552428703 0.454539704627 0.588785080957 0.454539704627
436298892 0.672898804968 0.469719490212 0.74766249034 0.469719490212 0.74766249034 0.454539704627 0.672898804968 0.454539704627
436298896 0.757008866605 0.469719490212 0.831776214351 0.469719490212 0.831776214351 0.454539704627 0.757008866605 0.454539704627
436298900 0.841122590616 0.469719490212 0.915886275989 0.469719490212 0.915886275989 0.454539704627 0.841122590616 0.454539704627
436298904 0.925232652254 0.469719490212 1.0 0.469719490212 1.0 0.454539704627 0.925232652254 0.454539704627
436298916 0.504671356946 0.454539704627 0.579438704692 0.454539704627 0.579438704692 0.439391543594 0.504671356946 0.439391543594
436298920 0.588785080957 0.454539704627 0.663552428703 0.454539704627 0.663552428703 0.439391543594 0.588785080957 0.439391543594
436298924 0.672898804968 0.454539704627 0.74766249034 0.454539704627 0.74766249034 0.439391543594 0.672898804968 0.439391543594
436298928 0.757008866605 0.454539704627 0.831776214351 0.454539704627 0.831776214351 0.439391543594 0.757008866605 0.439391543594
436298932 0.841122590616 0.454539704627 0.915886275989 0.454539704627 0.915886275989 0.439391543594 0.841122590616 0.439391543594
436298936 0.925232652254 0.454539704627 1.0 0.454539704627 1.0 0.439391543594 0.925232652254 0.439391543594
436298948 0.504671356946 0.439391543594 0.579438704692 0.439391543594 0.579438704692 0.424243382562 0.504671356946 0.424243382562
436298952 0.588785080957 0.439391543594 0.663552428703 0.439391543594 0.663552428703 0.424243382562 0.588785080957 0.424243382562
436298956 0.672898804968 0.439391543594 0.74766249034 0.439391543594 0.74766249034 0.424243382562 0.672898804968 0.424243382562
436298960 0.757008866605 0.439391543594 0.831776214351 0.439391543594 0.831776214351 0.424243382562 0.757008866605 0.424243382562
436298964 0.841122590616 0.439391543594 0.915886275989 0.439391543594 0.915886275989 0.424243382562 0.841122590616 0.424243382562
436298968 0.925232652254 0.439391543594 1.0 0.439391543594 1.0 0.424243382562 0.925232652254 0.424243382562
436298980 0.504671356946 0.424243382562 0.579438704692 0.424243382562 0.579438704692 0.40909522153 0.504671356946 0.40909522153
436298984 0.588785080957 0.424243382562 0.663552428703 0.424243382562 0.663552428703 0.40909522153 0.588785080957 0.40909522153
436298988 0.672898804968 0.424243382562 0.74766249034 0.424243382562 0.74766249034 0.40909522153 0.672898804968 0.40909522153
436298992 0.757008866605 0.424243382562 0.831776214351 0.424243382562 0.831776214351 0.40909522153 0.757008866605 0.40909522153
436298996 0.841122590616 0.424243382562 0.915886275989 0.424243382562 0.915886275989 0.40909522153 0.841122590616 0.40909522153
436299000 0.925232652254 0.424243382562 1.0 0.424243382562 1.0 0.40909522153 0.925232652254 0.40909522153
436299012 0.504671356946 0.40909522153 0.579438704692 0.40909522153 0.579438704692 0.393947060498 0.504671356946 0.393947060498
436299016 0.588785080957 0.40909522153 0.663552428703 0.40909522153 0.663552428703 0.393947060498 0.588785080957 0.393947060498
436299020 0.672898804968 0.40909522153 0.74766249034 0.40909522153 0.74766249034 0.393947060498 0.672898804968 0.393947060498
436299024 0.757008866605 0.40909522153 0.831776214351 0.40909522153 0.831776214351 0.393947060498 0.757008866605 0.393947060498
436299028 0.841122590616 0.40909522153 0.915886275989 0.40909522153 0.915886275989 0.393947060498 0.841122590616 0.393947060498
436299032 0.925232652254 0.40909522153 1.0 0.40909522153 1.0 0.393947060498 0.925232652254 0.393947060498
436299044 0.504671356946 0.393947060498 0.579438704692 0.393947060498 0.579438704692 0.378798899466 0.504671356946 0.378798899466
436299048 0.588785080957 0.393947060498 0.663552428703 0.393947060498 0.663552428703 0.378798899466 0.588785080957 0.378798899466
436299052 0.672898804968 0.393947060498 0.74766249034 0.393947060498 0.74766249034 0.378798899466 0.672898804968 0.378798899466
436299056 0.757008866605 0.393947060498 0.831776214351 0.393947060498 0.831776214351 0.378798899466 0.757008866605 0.378798899466
436299060 0.841122590616 0.393947060498 0.915886275989 0.393947060498 0.915886275989 0.378798899466 0.841122590616 0.378798899466
436299064 0.925232652254 0.393947060498 1.0 0.393947060498 1.0 0.378798899466 0.925232652254 0.378798899466
436299076 0.504671356946 0.378798899466 0.579438704692 0.378798899466 0.579438704692 0.363650738433 0.504671356946 0.363650738433
436299080 0.588785080957 0.378798899466 0.663552428703 0.378798899466 0.663552428703 0.363650738433 0.588785080957 0.363650738433
436299084 0.672898804968 0.378798899466 0.74766249034 0.378798899466 0.74766249034 0.363650738433 0.672898804968 0.363650738433
436299088 0.757008866605 0.378798899466 0.831776214351 0.378798899466 0.831776214351 0.363650738433 0.757008866605 0.363650738433
436299092 0.841122590616 0.378798899466 0.915886275989 0.378798899466 0.915886275989 0.363650738433 0.841122590616 0.363650738433
436299096 0.925232652254 0.378798899466 1.0 0.378798899466 1.0 0.363650738433 0.925232652254 0.363650738433
436299108 0.504671356946 0.363650738433 0.579438704692 0.363650738433 0.579438704692 0.348502577401 0.504671356946 0.348502577401
436299112 0.588785080957 0.363650738433 0.663552428703 0.363650738433 0.663552428703 0.348502577401 0.588785080957 0.348502577401
436299116 0.672898804968 0.363650738433 0.74766249034 0.363650738433 0.74766249034 0.348502577401 0.672898804968 0.348502577401
436299120 0.757008866605 0.363650738433 0.831776214351 0.363650738433 0.831776214351 0.348502577401 0.757008866605 0.348502577401
436299124 0.841122590616 0.363650738433 0.915886275989 0.363650738433 0.915886275989 0.348502577401 0.841122590616 0.348502577401
436299128 0.925232652254 0.363650738433 1.0 0.363650738433 1.0 0.348502577401 0.925232652254 0.348502577401
436299140 0.504671356946 0.348502577401 0.579438704692 0.348502577401 0.579438704692 0.333354416369 0.504671356946 0.333354416369
436299144 0.588785080957 0.348502577401 0.663552428703 0.348502577401 0.663552428703 0.333354416369 0.588785080957 0.333354416369
436299148 0.672898804968 0.348502577401 0.74766249034 0.348502577401 0.74766249034 0.333354416369 0.672898804968 0.333354416369
436299152 0.757008866605 0.348502577401 0.831776214351 0.348502577401 0.831776214351 0.333354416369 0.757008866605 0.333354416369
436299156 0.841122590616 0.348502577401 0.915886275989 0.348502577401 0.915886275989 0.333354416369 0.841122590616 0.333354416369
436299160 0.925232652254 0.348502577401 1.0 0.348502577401 1.0 0.333354416369 0.925232652254 0.333354416369
436299172 0.504671356946 0.333354416369 0.579438704692 0.333354416369 0.579438704692 0.318174630783 0.504671356946 0.318174630783
436299176 0.588785080957 0.333354416369 0.663552428703 0.333354416369 0.663552428703 0.318174630783 0.588785080957 0.318174630783
436299180 0.672898804968 0.333354416369 0.74766249034 0.333354416369 0.74766249034 0.318174630783 0.672898804968 0.318174630783
436299184 0.757008866605 0.333354416369 0.831776214351 0.333354416369 0.831776214351 0.318174630783 0.757008866605 0.318174630783
436299188 0.841122590616 0.333354416369 0.915886275989 0.333354416369 0.915886275989 0.318174630783 0.841122590616 0.318174630783
436299192 0.925232652254 0.333354416369 1.0 0.333354416369 1.0 0.318174630783 0.925232652254 0.318174630783
436299204 0.504671356946 0.318174630783 0.579438704692 0.318174630783 0.579438704692 0.303026469751 0.504671356946 0.303026469751
436299208 0.588785080957 0.318174630783 0.663552428703 0.318174630783 0.663552428703 0.303026469751 0.588785080957 0.303026469751
436299212 0.672898804968 0.318174630783 0.74766249034 0.318174630783 0.74766249034 0.303026469751 0.672898804968 0.303026469751
436299216 0.757008866605 0.318174630783 0.831776214351 0.318174630783 0.831776214351 0.303026469751 0.757008866605 0.303026469751
436299220 0.841122590616 0.318174630783 0.915886275989 0.318174630783 0.915886275989 0.303026469751 0.841122590616 0.303026469751
436299224 0.925232652254 0.318174630783 1.0 0.318174630783 1.0 0.303026469751 0.925232652254 0.303026469751
436299236 0.504671356946 0.303026469751 0.579438704692 0.303026469751 0.579438704692 0.287878308719 0.504671356946 0.287878308719
436299240 0.588785080957 0.303026469751 0.663552428703 0.303026469751 0.663552428703 0.287878308719 0.588785080957 0.287878308719
436299244 0.672898804968 0.303026469751 0.74766249034 0.303026469751 0.74766249034 0.287878308719 0.672898804968 0.287878308719
436299248 0.757008866605 0.303026469751 0.831776214351 0.303026469751 0.831776214351 0.287878308719 0.757008866605 0.287878308719
436299252 0.841122590616 0.303026469751 0.915886275989 0.303026469751 0.915886275989 0.287878308719 0.841122590616 0.287878308719
436299256 0.925232652254 0.303026469751 1.0 0.303026469751 1.0 0.287878308719 0.925232652254 0.287878308719
436299268 0.504671356946 0.287878308719 0.579438704692 0.287878308719 0.579438704692 0.272730147687 0.504671356946 0.272730147687
436299272 0.588785080957 0.287878308719 0.663552428703 0.287878308719 0.663552428703 0.272730147687 0.588785080957 0.272730147687
436299276 0.672898804968 0.287878308719 0.74766249034 0.287878308719 0.74766249034 0.272730147687 0.672898804968 0.272730147687
436299280 0.757008866605 0.287878308719 0.831776214351 0.287878308719 0.831776214351 0.272730147687 0.757008866605 0.272730147687
436299284 0.841122590616 0.287878308719 0.915886275989 0.287878308719 0.915886275989 0.272730147687 0.841122590616 0.272730147687
436299288 0.925232652254 0.287878308719 1.0 0.287878308719 1.0 0.272730147687 0.925232652254 0.272730147687
436299300 0.504671356946 0.272730147687 0.579438704692 0.272730147687 0.579438704692 0.257581986654 0.504671356946 0.257581986654
436299304 0.588785080957 0.272730147687 0.663552428703 0.272730147687 0.663552428703 0.257581986654 0.588785080957 0.257581986654
436299308 0.672898804968 0.272730147687 0.74766249034 0.272730147687 0.74766249034 0.257581986654 0.672898804968 0.257581986654
436299312 0.757008866605 0.272730147687 0.831776214351 0.272730147687 0.831776214351 0.257581986654 0.757008866605 0.257581986654
436299316 0.841122590616 0.272730147687 0.915886275989 0.272730147687 0.915886275989 0.257581986654 0.841122590616 0.257581986654
436299320 0.925232652254 0.272730147687 1.0 0.272730147687 1.0 0.257581986654 0.925232652254 0.257581986654
436299332 0.504671356946 0.257581986654 0.579438704692 0.257581986654 0.579438704692 0.242433825622 0.504671356946 0.242433825622
436299336 0.588785080957 0.257581986654 0.663552428703 0.257581986654 0.663552428703 0.242433825622 0.588785080957 0.242433825622
436299340 0.672898804968 0.257581986654 0.74766249034 0.257581986654 0.74766249034 0.242433825622 0.672898804968 0.242433825622
436299344 0.757008866605 0.257581986654 0.831776214351 0.257581986654 0.831776214351 0.242433825622 0.757008866605 0.242433825622
436299348 0.841122590616 0.257581986654 0.915886275989 0.257581986654 0.915886275989 0.242433825622 0.841122590616 0.242433825622
436299352 0.925232652254 0.257581986654 1.0 0.257581986654 1.0 0.242433825622 0.925232652254 0.242433825622
436299364 0.504671356946 0.242433825622 0.579438704692 0.242433825622 0.579438704692 0.22728566459 0.504671356946 0.22728566459
436299368 0.588785080957 0.242433825622 0.663552428703 0.242433825622 0.663552428703 0.22728566459 0.588785080957 0.22728566459
436299372 0.672898804968 0.242433825622 0.74766249034 0.242433825622 0.74766249034 0.22728566459 0.672898804968 0.22728566459
436299376 0.757008866605 0.242433825622 0.831776214351 0.242433825622 0.831776214351 0.22728566459 0.757008866605 0.22728566459
436299380 0.841122590616 0.242433825622 0.915886275989 0.242433825622 0.915886275989 0.22728566459 0.841122590616 0.22728566459
436299384 0.925232652254 0.242433825622 1.0 0.242433825622 1.0 0.22728566459 0.925232652254 0.22728566459
436299396 0.504671356946 0.22728566459 0.579438704692 0.22728566459 0.579438704692 0.212137503558 0.504671356946 0.212137503558
436299400 0.588785080957 0.22728566459 0.663552428703 0.22728566459 0.663552428703 0.212137503558 0.588785080957 0.212137503558
436299404 0.672898804968 0.22728566459 0.74766249034 0.22728566459 0.74766249034 0.212137503558 0.672898804968 0.212137503558
436299408 0.757008866605 0.22728566459 0.831776214351 0.22728566459 0.831776214351 0.212137503558 0.757008866605 0.212137503558
436299412 0.841122590616 0.22728566459 0.915886275989 0.22728566459 0.915886275989 0.212137503558 0.841122590616 0.212137503558
436299416 0.925232652254 0.22728566459 1.0 0.22728566459 1.0 0.212137503558 0.925232652254 0.212137503558
436299428 0.504671356946 0.212137503558 0.579438704692 0.212137503558 0.579438704692 0.196989342526 0.504671356946 0.196989342526
436299432 0.588785080957 0.212137503558 0.663552428703 0.212137503558 0.663552428703 0.196989342526 0.588785080957 0.196989342526
436299436 0.672898804968 0.212137503558 0.74766249034 0.212137503558 0.74766249034 0.196989342526 0.672898804968 0.196989342526
436299440 0.757008866605 0.212137503558 0.831776214351 0.212137503558 0.831776214351 0.196989342526 0.757008866605 0.196989342526
436299444 0.841122590616 0.212137503558 0.915886275989 0.212137503558 0.915886275989 0.196989342526 0.841122590616 0.196989342526
436299448 0.925232652254 0.212137503558 1.0 0.212137503558 1.0 0.196989342526 0.925232652254 0.196989342526
436299460 0.504671356946 0.196989342526 0.579438704692 0.196989342526 0.579438704692 0.181841181493 0.504671356946 0.181841181493
436299464 0.588785080957 0.196989342526 0.663552428703 0.196989342526 0.663552428703 0.181841181493 0.588785080957 0.181841181493
436299468 0.672898804968 0.196989342526 0.74766249034 0.196989342526 0.74766249034 0.181841181493 0.672898804968 0.181841181493
436299472 0.757008866605 0.196989342526 0.831776214351 0.196989342526 0.831776214351 0.181841181493 0.757008866605 0.181841181493
436299476 0.841122590616 0.196989342526 0.915886275989 0.196989342526 0.915886275989 0.181841181493 0.841122590616 0.181841181493
436299480 0.925232652254 0.196989342526 1.0 0.196989342526 1.0 0.181841181493 0.925232652254 0.181841181493
436299492 0.504671356946 0.181841181493 0.579438704692 0.181841181493 0.579438704692 0.166661395908 0.504671356946 0.166661395908
436299496 0.588785080957 0.181841181493 0.663552428703 0.181841181493 0.663552428703 0.166661395908 0.588785080957 0.166661395908
436299500 0.672898804968 0.181841181493 0.74766249034 0.181841181493 0.74766249034 0.166661395908 0.672898804968 0.166661395908
436299504 0.757008866605 0.181841181493 0.831776214351 0.181841181493 0.831776214351 0.166661395908 0.757008866605 0.166661395908
436299508 0.841122590616 0.181841181493 0.915886275989 0.181841181493 0.915886275989 0.166661395908 0.841122590616 0.166661395908
436299512 0.925232652254 0.181841181493 1.0 0.181841181493 1.0 0.166661395908 0.925232652254 0.166661395908
436299524 0.504671356946 0.166661395908 0.579438704692 0.166661395908 0.579438704692 0.151513234876 0.504671356946 0.151513234876
436299528 0.588785080957 0.166661395908 0.663552428703 0.166661395908 0.663552428703 0.151513234876 0.588785080957 0.151513234876
436299532 0.672898804968 0.166661395908 0.74766249034 0.166661395908 0.74766249034 0.151513234876 0.672898804968 0.151513234876
436299536 0.757008866605 0.166661395908 0.831776214351 0.166661395908 0.831776214351 0.151513234876 0.757008866605 0.151513234876
436299540 0.841122590616 0.166661395908 0.915886275989 0.166661395908 0.915886275989 0.151513234876 0.841122590616 0.151513234876
436299544 0.925232652254 0.166661395908 1.0 0.166661395908 1.0 0.151513234876 0.925232652254 0.151513234876
436299556 0.504671356946 0.151513234876 0.579438704692 0.151513234876 0.579438704692 0.136365073843 0.504671356946 0.136365073843
436299560 0.588785080957 0.151513234876 0.663552428703 0.151513234876 0.663552428703 0.136365073843 0.588785080957 0.136365073843
436299564 0.672898804968 0.151513234876 0.74766249034 0.151513234876 0.74766249034 0.136365073843 0.672898804968 0.136365073843
436299568 0.757008866605 0.151513234876 0.831776214351 0.151513234876 0.831776214351 0.136365073843 0.757008866605 0.136365073843
436299572 0.841122590616 0.151513234876 0.915886275989 0.151513234876 0.915886275989 0.136365073843 0.841122590616 0.136365073843
436299576 0.925232652254 0.151513234876 1.0 0.151513234876 1.0 0.136365073843 0.925232652254 0.136365073843
436299588 0.504671356946 0.136365073843 0.579438704692 0.136365073843 0.579438704692 0.121216912811 0.504671356946 0.121216912811
436299592 0.588785080957 0.136365073843 0.663552428703 0.136365073843 0.663552428703 0.121216912811 0.588785080957 0.121216912811
436299596 0.672898804968 0.136365073843 0.74766249034 0.136365073843 0.74766249034 0.121216912811 0.672898804968 0.121216912811
436299600 0.757008866605 0.136365073843 0.831776214351 0.136365073843 0.831776214351 0.121216912811 0.757008866605 0.121216912811
436299604 0.841122590616 0.136365073843 0.915886275989 0.136365073843 0.915886275989 0.121216912811 0.841122590616 0.121216912811
436299608 0.925232652254 0.136365073843 1.0 0.136365073843 1.0 0.121216912811 0.925232652254 0.121216912811
436299620 0.504671356946 0.121216912811 0.579438704692 0.121216912811 0.579438704692 0.106068751779 0.504671356946 0.106068751779
436299624 0.588785080957 0.121216912811 0.663552428703 0.121216912811 0.663552428703 0.106068751779 0.588785080957 0.106068751779
436299628 0.672898804968 0.121216912811 0.74766249034 0.121216912811 0.74766249034 0.106068751779 0.672898804968 0.106068751779
436299632 0.757008866605 0.121216912811 0.831776214351 0.121216912811 0.831776214351 0.106068751779 0.757008866605 0.106068751779
436299636 0.841122590616 0.121216912811 0.915886275989 0.121216912811 0.915886275989 0.106068751779 0.841122590616 0.106068751779
436299640 0.925232652254 0.121216912811 1.0 0.121216912811 1.0 0.106068751779 0.925232652254 0.106068751779
436299652 0.504671356946 0.106068751779 0.579438704692 0.106068751779 0.579438704692 0.0909205907467 0.504671356946 0.0909205907467
436299656 0.588785080957 0.106068751779 0.663552428703 0.106068751779 0.663552428703 0.0909205907467 0.588785080957 0.0909205907467
436299660 0.672898804968 0.106068751779 0.74766249034 0.106068751779 0.74766249034 0.0909205907467 0.672898804968 0.0909205907467
436299664 0.757008866605 0.106068751779 0.831776214351 0.106068751779 0.831776214351 0.0909205907467 0.757008866605 0.0909205907467
436299668 0.841122590616 0.106068751779 0.915886275989 0.106068751779 0.915886275989 0.0909205907467 0.841122590616 0.0909205907467
436299672 0.925232652254 0.106068751779 1.0 0.106068751779 1.0 0.0909205907467 0.925232652254 0.0909205907467
436299684 0.504671356946 0.0909205907467 0.579438704692 0.0909205907467 0.579438704692 0.0757724297144 0.504671356946 0.0757724297144
436299688 0.588785080957 0.0909205907467 0.663552428703 0.0909205907467 0.663552428703 0.0757724297144 0.588785080957 0.0757724297144
436299692 0.672898804968 0.0909205907467 0.74766249034 0.0909205907467 0.74766249034 0.0757724297144 0.672898804968 0.0757724297144
436299696 0.757008866605 0.0909205907467 0.831776214351 0.0909205907467 0.831776214351 0.0757724297144 0.757008866605 0.0757724297144
436299700 0.841122590616 0.0909205907467 0.915886275989 0.0909205907467 0.915886275989 0.0757724297144 0.841122590616 0.0757724297144
436299704 0.925232652254 0.0909205907467 1.0 0.0909205907467 1.0 0.0757724297144 0.925232652254 0.0757724297144
436299716 0.504671356946 0.0757724297144 0.579438704692 0.0757724297144 0.579438704692 0.0606242686822 0.504671356946 0.0606242686822
436299720 0.588785080957 0.0757724297144 0.663552428703 0.0757724297144 0.663552428703 0.0606242686822 0.588785080957 0.0606242686822
436299724 0.672898804968 0.0757724297144 0.74766249034 0.0757724297144 0.74766249034 0.0606242686822 0.672898804968 0.0606242686822
436299728 0.757008866605 0.0757724297144 0.831776214351 0.0757724297144 0.831776214351 0.0606242686822 0.757008866605 0.0606242686822
436299732 0.841122590616 0.0757724297144 0.915886275989 0.0757724297144 0.915886275989 0.0606242686822 0.841122590616 0.0606242686822
436299736 0.925232652254 0.0757724297144 1.0 0.0757724297144 1.0 0.0606242686822 0.925232652254 0.0606242686822
436299748 0.504671356946 0.0606242686822 0.579438704692 0.0606242686822 0.579438704692 0.04547610765 0.504671356946 0.04547610765
436299752 0.588785080957 0.0606242686822 0.663552428703 0.0606242686822 0.663552428703 0.04547610765 0.588785080957 0.04547610765
436299756 0.672898804968 0.0606242686822 0.74766249034 0.0606242686822 0.74766249034 0.04547610765 0.672898804968 0.04547610765
436299760 0.757008866605 0.0606242686822 0.831776214351 0.0606242686822 0.831776214351 0.04547610765 0.757008866605 0.04547610765
436299764 0.841122590616 0.0606242686822 0.915886275989 0.0606242686822 0.915886275989 0.04547610765 0.841122590616 0.04547610765
436299768 0.925232652254 0.0606242686822 1.0 0.0606242686822 1.0 0.04547610765 0.925232652254 0.04547610765
436299780 0.504671356946 0.04547610765 0.579438704692 0.04547610765 0.579438704692 0.0303279466178 0.504671356946 0.0303279466178
436299784 0.588785080957 0.04547610765 0.663552428703 0.04547610765 0.663552428703 0.0303279466178 0.588785080957 0.0303279466178
436299788 0.672898804968 0.04547610765 0.74766249034 0.04547610765 0.74766249034 0.0303279466178 0.672898804968 0.0303279466178
436299792 0.757008866605 0.04547610765 0.831776214351 0.04547610765 0.831776214351 0.0303279466178 0.757008866605 0.0303279466178
436299796 0.841122590616 0.04547610765 0.915886275989 0.04547610765 0.915886275989 0.0303279466178 0.841122590616 0.0303279466178
436299800 0.925232652254 0.04547610765 1.0 0.04547610765 1.0 0.0303279466178 0.925232652254 0.0303279466178
436299812 0.504671356946 0.0303279466178 0.579438704692 0.0303279466178 0.579438704692 0.0151481610322 0.504671356946 0.0151481610322
436299816 0.588785080957 0.0303279466178 0.663552428703 0.0303279466178 0.663552428703 0.0151481610322 0.588785080957 0.0151481610322
436299820 0.672898804968 0.0303279466178 0.74766249034 0.0303279466178 0.74766249034 0.0151481610322 0.672898804968 0.0151481610322
436299824 0.757008866605 0.0303279466178 0.831776214351 0.0303279466178 0.831776214351 0.0151481610322 0.757008866605 0.0151481610322
436299828 0.841122590616 0.0303279466178 0.915886275989 0.0303279466178 0.915886275989 0.0151481610322 0.841122590616 0.0151481610322
436299832 0.925232652254 0.0303279466178 1.0 0.0303279466178 1.0 0.0151481610322 0.925232652254 0.0151481610322
436299844 0.504671356946 0.0151481610322 0.579438704692 0.0151481610322 0.579438704692 0.0 0.504671356946 0.0
436299848 0.588785080957 0.0151481610322 0.663552428703 0.0151481610322 0.663552428703 0.0 0.588785080957 0.0
436299852 0.672898804968 0.0151481610322 0.74766249034 0.0151481610322 0.74766249034 0.0 0.672898804968 0.0
436299856 0.757008866605 0.0151481610322 0.831776214351 0.0151481610322 0.831776214351 0.0 0.757008866605 0.0
436299860 0.841122590616 0.0151481610322 0.915886275989 0.0151481610322 0.915886275989 0.0 0.841122590616 0.0
436299864 0.925232652254 0.0151481610322 1.0 0.0151481610322 1.0 0.0 0.925232652254 0.0
