# Xscale/Yscale
# 53.38/64.0
306188292 0.0 0.0 0.121393780442 0.0 0.121393780442 0.015625 0.0 0.015625
306188296 0.125515174223 0.0 0.246908954665 0.0 0.246908954665 0.015625 0.125515174223 0.015625
306188300 0.251030348445 0.0 0.372424128887 0.0 0.372424128887 0.015625 0.251030348445 0.015625
306188304 0.376545522668 0.0 0.49793930311 0.0 0.49793930311 0.015625 0.376545522668 0.015625
306188308 0.50206069689 0.0 0.623454477332 0.0 0.623454477332 0.015625 0.50206069689 0.015625
306188312 0.627575871113 0.0 0.748969651555 0.0 0.748969651555 0.015625 0.627575871113 0.015625
306188316 0.753091045335 0.0 0.874484825777 0.0 0.874484825777 0.015625 0.753091045335 0.015625
306188320 0.878606219558 0.0 1.0 0.0 1.0 0.015625 0.878606219558 0.015625
306192388 0.0 0.015625 0.121393780442 0.015625 0.121393780442 0.03125 0.0 0.03125
306192392 0.125515174223 0.015625 0.246908954665 0.015625 0.246908954665 0.03125 0.125515174223 0.03125
306192396 0.251030348445 0.015625 0.372424128887 0.015625 0.372424128887 0.03125 0.251030348445 0.03125
306192400 0.376545522668 0.015625 0.49793930311 0.015625 0.49793930311 0.03125 0.376545522668 0.03125
306192404 0.50206069689 0.015625 0.623454477332 0.015625 0.623454477332 0.03125 0.50206069689 0.03125
306192408 0.627575871113 0.015625 0.748969651555 0.015625 0.748969651555 0.03125 0.627575871113 0.03125
306192412 0.753091045335 0.015625 0.874484825777 0.015625 0.874484825777 0.03125 0.753091045335 0.03125
306192416 0.878606219558 0.015625 1.0 0.015625 1.0 0.03125 0.878606219558 0.03125
306196484 0.0 0.03125 0.121393780442 0.03125 0.121393780442 0.046875 0.0 0.046875
306196488 0.125515174223 0.03125 0.246908954665 0.03125 0.246908954665 0.046875 0.125515174223 0.046875
306196492 0.251030348445 0.03125 0.372424128887 0.03125 0.372424128887 0.046875 0.251030348445 0.046875
306196496 0.376545522668 0.03125 0.49793930311 0.03125 0.49793930311 0.046875 0.376545522668 0.046875
306196500 0.50206069689 0.03125 0.623454477332 0.03125 0.623454477332 0.046875 0.50206069689 0.046875
306196504 0.627575871113 0.03125 0.748969651555 0.03125 0.748969651555 0.046875 0.627575871113 0.046875
306196508 0.753091045335 0.03125 0.874484825777 0.03125 0.874484825777 0.046875 0.753091045335 0.046875
306196512 0.878606219558 0.03125 1.0 0.03125 1.0 0.046875 0.878606219558 0.046875
306200580 0.0 0.046875 0.121393780442 0.046875 0.121393780442 0.0625 0.0 0.0625
306200584 0.125515174223 0.046875 0.246908954665 0.046875 0.246908954665 0.0625 0.125515174223 0.0625
306200588 0.251030348445 0.046875 0.372424128887 0.046875 0.372424128887 0.0625 0.251030348445 0.0625
306200592 0.376545522668 0.046875 0.49793930311 0.046875 0.49793930311 0.0625 0.376545522668 0.0625
306200596 0.50206069689 0.046875 0.623454477332 0.046875 0.623454477332 0.0625 0.50206069689 0.0625
306200600 0.627575871113 0.046875 0.748969651555 0.046875 0.748969651555 0.0625 0.627575871113 0.0625
306200604 0.753091045335 0.046875 0.874484825777 0.046875 0.874484825777 0.0625 0.753091045335 0.0625
306200608 0.878606219558 0.046875 1.0 0.046875 1.0 0.0625 0.878606219558 0.0625
306204676 0.0 0.0625 0.121393780442 0.0625 0.121393780442 0.078125 0.0 0.078125
306204680 0.125515174223 0.0625 0.246908954665 0.0625 0.246908954665 0.078125 0.125515174223 0.078125
306204684 0.251030348445 0.0625 0.372424128887 0.0625 0.372424128887 0.078125 0.251030348445 0.078125
306204688 0.376545522668 0.0625 0.49793930311 0.0625 0.49793930311 0.078125 0.376545522668 0.078125
306204692 0.50206069689 0.0625 0.623454477332 0.0625 0.623454477332 0.078125 0.50206069689 0.078125
306204696 0.627575871113 0.0625 0.748969651555 0.0625 0.748969651555 0.078125 0.627575871113 0.078125
306204700 0.753091045335 0.0625 0.874484825777 0.0625 0.874484825777 0.078125 0.753091045335 0.078125
306204704 0.878606219558 0.0625 1.0 0.0625 1.0 0.078125 0.878606219558 0.078125
306208772 0.0 0.078125 0.121393780442 0.078125 0.121393780442 0.09375 0.0 0.09375
306208776 0.125515174223 0.078125 0.246908954665 0.078125 0.246908954665 0.09375 0.125515174223 0.09375
306208780 0.251030348445 0.078125 0.372424128887 0.078125 0.372424128887 0.09375 0.251030348445 0.09375
306208784 0.376545522668 0.078125 0.49793930311 0.078125 0.49793930311 0.09375 0.376545522668 0.09375
306208788 0.50206069689 0.078125 0.623454477332 0.078125 0.623454477332 0.09375 0.50206069689 0.09375
306208792 0.627575871113 0.078125 0.748969651555 0.078125 0.748969651555 0.09375 0.627575871113 0.09375
306208796 0.753091045335 0.078125 0.874484825777 0.078125 0.874484825777 0.09375 0.753091045335 0.09375
306208800 0.878606219558 0.078125 1.0 0.078125 1.0 0.09375 0.878606219558 0.09375
306212868 0.0 0.09375 0.121393780442 0.09375 0.121393780442 0.109375 0.0 0.109375
306212872 0.125515174223 0.09375 0.246908954665 0.09375 0.246908954665 0.109375 0.125515174223 0.109375
306212876 0.251030348445 0.09375 0.372424128887 0.09375 0.372424128887 0.109375 0.251030348445 0.109375
306212880 0.376545522668 0.09375 0.49793930311 0.09375 0.49793930311 0.109375 0.376545522668 0.109375
306212884 0.50206069689 0.09375 0.623454477332 0.09375 0.623454477332 0.109375 0.50206069689 0.109375
306212888 0.627575871113 0.09375 0.748969651555 0.09375 0.748969651555 0.109375 0.627575871113 0.109375
306212892 0.753091045335 0.09375 0.874484825777 0.09375 0.874484825777 0.109375 0.753091045335 0.109375
306212896 0.878606219558 0.09375 1.0 0.09375 1.0 0.109375 0.878606219558 0.109375
306216964 0.0 0.109375 0.121393780442 0.109375 0.121393780442 0.125 0.0 0.125
306216968 0.125515174223 0.109375 0.246908954665 0.109375 0.246908954665 0.125 0.125515174223 0.125
306216972 0.251030348445 0.109375 0.372424128887 0.109375 0.372424128887 0.125 0.251030348445 0.125
306216976 0.376545522668 0.109375 0.49793930311 0.109375 0.49793930311 0.125 0.376545522668 0.125
306216980 0.50206069689 0.109375 0.623454477332 0.109375 0.623454477332 0.125 0.50206069689 0.125
306216984 0.627575871113 0.109375 0.748969651555 0.109375 0.748969651555 0.125 0.627575871113 0.125
306216988 0.753091045335 0.109375 0.874484825777 0.109375 0.874484825777 0.125 0.753091045335 0.125
306216992 0.878606219558 0.109375 1.0 0.109375 1.0 0.125 0.878606219558 0.125
306221060 0.0 0.125 0.121393780442 0.125 0.121393780442 0.140625 0.0 0.140625
306221064 0.125515174223 0.125 0.246908954665 0.125 0.246908954665 0.140625 0.125515174223 0.140625
306221068 0.251030348445 0.125 0.372424128887 0.125 0.372424128887 0.140625 0.251030348445 0.140625
306221072 0.376545522668 0.125 0.49793930311 0.125 0.49793930311 0.140625 0.376545522668 0.140625
306221076 0.50206069689 0.125 0.623454477332 0.125 0.623454477332 0.140625 0.50206069689 0.140625
306221080 0.627575871113 0.125 0.748969651555 0.125 0.748969651555 0.140625 0.627575871113 0.140625
306221084 0.753091045335 0.125 0.874484825777 0.125 0.874484825777 0.140625 0.753091045335 0.140625
306221088 0.878606219558 0.125 1.0 0.125 1.0 0.140625 0.878606219558 0.140625
306225156 0.0 0.140625 0.121393780442 0.140625 0.121393780442 0.15625 0.0 0.15625
306225160 0.125515174223 0.140625 0.246908954665 0.140625 0.246908954665 0.15625 0.125515174223 0.15625
306225164 0.251030348445 0.140625 0.372424128887 0.140625 0.372424128887 0.15625 0.251030348445 0.15625
306225168 0.376545522668 0.140625 0.49793930311 0.140625 0.49793930311 0.15625 0.376545522668 0.15625
306225172 0.50206069689 0.140625 0.623454477332 0.140625 0.623454477332 0.15625 0.50206069689 0.15625
306225176 0.627575871113 0.140625 0.748969651555 0.140625 0.748969651555 0.15625 0.627575871113 0.15625
306225180 0.753091045335 0.140625 0.874484825777 0.140625 0.874484825777 0.15625 0.753091045335 0.15625
306225184 0.878606219558 0.140625 1.0 0.140625 1.0 0.15625 0.878606219558 0.15625
306229252 0.0 0.15625 0.121393780442 0.15625 0.121393780442 0.171875 0.0 0.171875
306229256 0.125515174223 0.15625 0.246908954665 0.15625 0.246908954665 0.171875 0.125515174223 0.171875
306229260 0.251030348445 0.15625 0.372424128887 0.15625 0.372424128887 0.171875 0.251030348445 0.171875
306229264 0.376545522668 0.15625 0.49793930311 0.15625 0.49793930311 0.171875 0.376545522668 0.171875
306229268 0.50206069689 0.15625 0.623454477332 0.15625 0.623454477332 0.171875 0.50206069689 0.171875
306229272 0.627575871113 0.15625 0.748969651555 0.15625 0.748969651555 0.171875 0.627575871113 0.171875
306229276 0.753091045335 0.15625 0.874484825777 0.15625 0.874484825777 0.171875 0.753091045335 0.171875
306229280 0.878606219558 0.15625 1.0 0.15625 1.0 0.171875 0.878606219558 0.171875
306233348 0.0 0.171875 0.121393780442 0.171875 0.121393780442 0.1875 0.0 0.1875
306233352 0.125515174223 0.171875 0.246908954665 0.171875 0.246908954665 0.1875 0.125515174223 0.1875
306233356 0.251030348445 0.171875 0.372424128887 0.171875 0.372424128887 0.1875 0.251030348445 0.1875
306233360 0.376545522668 0.171875 0.49793930311 0.171875 0.49793930311 0.1875 0.376545522668 0.1875
306233364 0.50206069689 0.171875 0.623454477332 0.171875 0.623454477332 0.1875 0.50206069689 0.1875
306233368 0.627575871113 0.171875 0.748969651555 0.171875 0.748969651555 0.1875 0.627575871113 0.1875
306233372 0.753091045335 0.171875 0.874484825777 0.171875 0.874484825777 0.1875 0.753091045335 0.1875
306233376 0.878606219558 0.171875 1.0 0.171875 1.0 0.1875 0.878606219558 0.1875
306237444 0.0 0.1875 0.121393780442 0.1875 0.121393780442 0.203125 0.0 0.203125
306237448 0.125515174223 0.1875 0.246908954665 0.1875 0.246908954665 0.203125 0.125515174223 0.203125
306237452 0.251030348445 0.1875 0.372424128887 0.1875 0.372424128887 0.203125 0.251030348445 0.203125
306237456 0.376545522668 0.1875 0.49793930311 0.1875 0.49793930311 0.203125 0.376545522668 0.203125
306237460 0.50206069689 0.1875 0.623454477332 0.1875 0.623454477332 0.203125 0.50206069689 0.203125
306237464 0.627575871113 0.1875 0.748969651555 0.1875 0.748969651555 0.203125 0.627575871113 0.203125
306237468 0.753091045335 0.1875 0.874484825777 0.1875 0.874484825777 0.203125 0.753091045335 0.203125
306237472 0.878606219558 0.1875 1.0 0.1875 1.0 0.203125 0.878606219558 0.203125
306241540 0.0 0.203125 0.121393780442 0.203125 0.121393780442 0.21875 0.0 0.21875
306241544 0.125515174223 0.203125 0.246908954665 0.203125 0.246908954665 0.21875 0.125515174223 0.21875
306241548 0.251030348445 0.203125 0.372424128887 0.203125 0.372424128887 0.21875 0.251030348445 0.21875
306241552 0.376545522668 0.203125 0.49793930311 0.203125 0.49793930311 0.21875 0.376545522668 0.21875
306241556 0.50206069689 0.203125 0.623454477332 0.203125 0.623454477332 0.21875 0.50206069689 0.21875
306241560 0.627575871113 0.203125 0.748969651555 0.203125 0.748969651555 0.21875 0.627575871113 0.21875
306241564 0.753091045335 0.203125 0.874484825777 0.203125 0.874484825777 0.21875 0.753091045335 0.21875
306241568 0.878606219558 0.203125 1.0 0.203125 1.0 0.21875 0.878606219558 0.21875
306245636 0.0 0.21875 0.121393780442 0.21875 0.121393780442 0.234375 0.0 0.234375
306245640 0.125515174223 0.21875 0.246908954665 0.21875 0.246908954665 0.234375 0.125515174223 0.234375
306245644 0.251030348445 0.21875 0.372424128887 0.21875 0.372424128887 0.234375 0.251030348445 0.234375
306245648 0.376545522668 0.21875 0.49793930311 0.21875 0.49793930311 0.234375 0.376545522668 0.234375
306245652 0.50206069689 0.21875 0.623454477332 0.21875 0.623454477332 0.234375 0.50206069689 0.234375
306245656 0.627575871113 0.21875 0.748969651555 0.21875 0.748969651555 0.234375 0.627575871113 0.234375
306245660 0.753091045335 0.21875 0.874484825777 0.21875 0.874484825777 0.234375 0.753091045335 0.234375
306245664 0.878606219558 0.21875 1.0 0.21875 1.0 0.234375 0.878606219558 0.234375
306249732 0.0 0.234375 0.121393780442 0.234375 0.121393780442 0.25 0.0 0.25
306249736 0.125515174223 0.234375 0.246908954665 0.234375 0.246908954665 0.25 0.125515174223 0.25
306249740 0.251030348445 0.234375 0.372424128887 0.234375 0.372424128887 0.25 0.251030348445 0.25
306249744 0.376545522668 0.234375 0.49793930311 0.234375 0.49793930311 0.25 0.376545522668 0.25
306249748 0.50206069689 0.234375 0.623454477332 0.234375 0.623454477332 0.25 0.50206069689 0.25
306249752 0.627575871113 0.234375 0.748969651555 0.234375 0.748969651555 0.25 0.627575871113 0.25
306249756 0.753091045335 0.234375 0.874484825777 0.234375 0.874484825777 0.25 0.753091045335 0.25
306249760 0.878606219558 0.234375 1.0 0.234375 1.0 0.25 0.878606219558 0.25
306253828 0.0 0.25 0.121393780442 0.25 0.121393780442 0.265625 0.0 0.265625
306253832 0.125515174223 0.25 0.246908954665 0.25 0.246908954665 0.265625 0.125515174223 0.265625
306253836 0.251030348445 0.25 0.372424128887 0.25 0.372424128887 0.265625 0.251030348445 0.265625
306253840 0.376545522668 0.25 0.49793930311 0.25 0.49793930311 0.265625 0.376545522668 0.265625
306253844 0.50206069689 0.25 0.623454477332 0.25 0.623454477332 0.265625 0.50206069689 0.265625
306253848 0.627575871113 0.25 0.748969651555 0.25 0.748969651555 0.265625 0.627575871113 0.265625
306253852 0.753091045335 0.25 0.874484825777 0.25 0.874484825777 0.265625 0.753091045335 0.265625
306253856 0.878606219558 0.25 1.0 0.25 1.0 0.265625 0.878606219558 0.265625
306257924 0.0 0.265625 0.121393780442 0.265625 0.121393780442 0.28125 0.0 0.28125
306257928 0.125515174223 0.265625 0.246908954665 0.265625 0.246908954665 0.28125 0.125515174223 0.28125
306257932 0.251030348445 0.265625 0.372424128887 0.265625 0.372424128887 0.28125 0.251030348445 0.28125
306257936 0.376545522668 0.265625 0.49793930311 0.265625 0.49793930311 0.28125 0.376545522668 0.28125
306257940 0.50206069689 0.265625 0.623454477332 0.265625 0.623454477332 0.28125 0.50206069689 0.28125
306257944 0.627575871113 0.265625 0.748969651555 0.265625 0.748969651555 0.28125 0.627575871113 0.28125
306257948 0.753091045335 0.265625 0.874484825777 0.265625 0.874484825777 0.28125 0.753091045335 0.28125
306257952 0.878606219558 0.265625 1.0 0.265625 1.0 0.28125 0.878606219558 0.28125
306262020 0.0 0.28125 0.121393780442 0.28125 0.121393780442 0.296875 0.0 0.296875
306262024 0.125515174223 0.28125 0.246908954665 0.28125 0.246908954665 0.296875 0.125515174223 0.296875
306262028 0.251030348445 0.28125 0.372424128887 0.28125 0.372424128887 0.296875 0.251030348445 0.296875
306262032 0.376545522668 0.28125 0.49793930311 0.28125 0.49793930311 0.296875 0.376545522668 0.296875
306262036 0.50206069689 0.28125 0.623454477332 0.28125 0.623454477332 0.296875 0.50206069689 0.296875
306262040 0.627575871113 0.28125 0.748969651555 0.28125 0.748969651555 0.296875 0.627575871113 0.296875
306262044 0.753091045335 0.28125 0.874484825777 0.28125 0.874484825777 0.296875 0.753091045335 0.296875
306262048 0.878606219558 0.28125 1.0 0.28125 1.0 0.296875 0.878606219558 0.296875
306266116 0.0 0.296875 0.121393780442 0.296875 0.121393780442 0.3125 0.0 0.3125
306266120 0.125515174223 0.296875 0.246908954665 0.296875 0.246908954665 0.3125 0.125515174223 0.3125
306266124 0.251030348445 0.296875 0.372424128887 0.296875 0.372424128887 0.3125 0.251030348445 0.3125
306266128 0.376545522668 0.296875 0.49793930311 0.296875 0.49793930311 0.3125 0.376545522668 0.3125
306266132 0.50206069689 0.296875 0.623454477332 0.296875 0.623454477332 0.3125 0.50206069689 0.3125
306266136 0.627575871113 0.296875 0.748969651555 0.296875 0.748969651555 0.3125 0.627575871113 0.3125
306266140 0.753091045335 0.296875 0.874484825777 0.296875 0.874484825777 0.3125 0.753091045335 0.3125
306266144 0.878606219558 0.296875 1.0 0.296875 1.0 0.3125 0.878606219558 0.3125
306270212 0.0 0.3125 0.121393780442 0.3125 0.121393780442 0.328125 0.0 0.328125
306270216 0.125515174223 0.3125 0.246908954665 0.3125 0.246908954665 0.328125 0.125515174223 0.328125
306270220 0.251030348445 0.3125 0.372424128887 0.3125 0.372424128887 0.328125 0.251030348445 0.328125
306270224 0.376545522668 0.3125 0.49793930311 0.3125 0.49793930311 0.328125 0.376545522668 0.328125
306270228 0.50206069689 0.3125 0.623454477332 0.3125 0.623454477332 0.328125 0.50206069689 0.328125
306270232 0.627575871113 0.3125 0.748969651555 0.3125 0.748969651555 0.328125 0.627575871113 0.328125
306270236 0.753091045335 0.3125 0.874484825777 0.3125 0.874484825777 0.328125 0.753091045335 0.328125
306270240 0.878606219558 0.3125 1.0 0.3125 1.0 0.328125 0.878606219558 0.328125
306274308 0.0 0.328125 0.121393780442 0.328125 0.121393780442 0.34375 0.0 0.34375
306274312 0.125515174223 0.328125 0.246908954665 0.328125 0.246908954665 0.34375 0.125515174223 0.34375
306274316 0.251030348445 0.328125 0.372424128887 0.328125 0.372424128887 0.34375 0.251030348445 0.34375
306274320 0.376545522668 0.328125 0.49793930311 0.328125 0.49793930311 0.34375 0.376545522668 0.34375
306274324 0.50206069689 0.328125 0.623454477332 0.328125 0.623454477332 0.34375 0.50206069689 0.34375
306274328 0.627575871113 0.328125 0.748969651555 0.328125 0.748969651555 0.34375 0.627575871113 0.34375
306274332 0.753091045335 0.328125 0.874484825777 0.328125 0.874484825777 0.34375 0.753091045335 0.34375
306274336 0.878606219558 0.328125 1.0 0.328125 1.0 0.34375 0.878606219558 0.34375
306278404 0.0 0.34375 0.121393780442 0.34375 0.121393780442 0.359375 0.0 0.359375
306278408 0.125515174223 0.34375 0.246908954665 0.34375 0.246908954665 0.359375 0.125515174223 0.359375
306278412 0.251030348445 0.34375 0.372424128887 0.34375 0.372424128887 0.359375 0.251030348445 0.359375
306278416 0.376545522668 0.34375 0.49793930311 0.34375 0.49793930311 0.359375 0.376545522668 0.359375
306278420 0.50206069689 0.34375 0.623454477332 0.34375 0.623454477332 0.359375 0.50206069689 0.359375
306278424 0.627575871113 0.34375 0.748969651555 0.34375 0.748969651555 0.359375 0.627575871113 0.359375
306278428 0.753091045335 0.34375 0.874484825777 0.34375 0.874484825777 0.359375 0.753091045335 0.359375
306278432 0.878606219558 0.34375 1.0 0.34375 1.0 0.359375 0.878606219558 0.359375
306282500 0.0 0.359375 0.121393780442 0.359375 0.121393780442 0.375 0.0 0.375
306282504 0.125515174223 0.359375 0.246908954665 0.359375 0.246908954665 0.375 0.125515174223 0.375
306282508 0.251030348445 0.359375 0.372424128887 0.359375 0.372424128887 0.375 0.251030348445 0.375
306282512 0.376545522668 0.359375 0.49793930311 0.359375 0.49793930311 0.375 0.376545522668 0.375
306282516 0.50206069689 0.359375 0.623454477332 0.359375 0.623454477332 0.375 0.50206069689 0.375
306282520 0.627575871113 0.359375 0.748969651555 0.359375 0.748969651555 0.375 0.627575871113 0.375
306282524 0.753091045335 0.359375 0.874484825777 0.359375 0.874484825777 0.375 0.753091045335 0.375
306282528 0.878606219558 0.359375 1.0 0.359375 1.0 0.375 0.878606219558 0.375
306286596 0.0 0.375 0.121393780442 0.375 0.121393780442 0.390625 0.0 0.390625
306286600 0.125515174223 0.375 0.246908954665 0.375 0.246908954665 0.390625 0.125515174223 0.390625
306286604 0.251030348445 0.375 0.372424128887 0.375 0.372424128887 0.390625 0.251030348445 0.390625
306286608 0.376545522668 0.375 0.49793930311 0.375 0.49793930311 0.390625 0.376545522668 0.390625
306286612 0.50206069689 0.375 0.623454477332 0.375 0.623454477332 0.390625 0.50206069689 0.390625
306286616 0.627575871113 0.375 0.748969651555 0.375 0.748969651555 0.390625 0.627575871113 0.390625
306286620 0.753091045335 0.375 0.874484825777 0.375 0.874484825777 0.390625 0.753091045335 0.390625
306286624 0.878606219558 0.375 1.0 0.375 1.0 0.390625 0.878606219558 0.390625
306290692 0.0 0.390625 0.121393780442 0.390625 0.121393780442 0.40625 0.0 0.40625
306290696 0.125515174223 0.390625 0.246908954665 0.390625 0.246908954665 0.40625 0.125515174223 0.40625
306290700 0.251030348445 0.390625 0.372424128887 0.390625 0.372424128887 0.40625 0.251030348445 0.40625
306290704 0.376545522668 0.390625 0.49793930311 0.390625 0.49793930311 0.40625 0.376545522668 0.40625
306290708 0.50206069689 0.390625 0.623454477332 0.390625 0.623454477332 0.40625 0.50206069689 0.40625
306290712 0.627575871113 0.390625 0.748969651555 0.390625 0.748969651555 0.40625 0.627575871113 0.40625
306290716 0.753091045335 0.390625 0.874484825777 0.390625 0.874484825777 0.40625 0.753091045335 0.40625
306290720 0.878606219558 0.390625 1.0 0.390625 1.0 0.40625 0.878606219558 0.40625
306294788 0.0 0.40625 0.121393780442 0.40625 0.121393780442 0.421875 0.0 0.421875
306294792 0.125515174223 0.40625 0.246908954665 0.40625 0.246908954665 0.421875 0.125515174223 0.421875
306294796 0.251030348445 0.40625 0.372424128887 0.40625 0.372424128887 0.421875 0.251030348445 0.421875
306294800 0.376545522668 0.40625 0.49793930311 0.40625 0.49793930311 0.421875 0.376545522668 0.421875
306294804 0.50206069689 0.40625 0.623454477332 0.40625 0.623454477332 0.421875 0.50206069689 0.421875
306294808 0.627575871113 0.40625 0.748969651555 0.40625 0.748969651555 0.421875 0.627575871113 0.421875
306294812 0.753091045335 0.40625 0.874484825777 0.40625 0.874484825777 0.421875 0.753091045335 0.421875
306294816 0.878606219558 0.40625 1.0 0.40625 1.0 0.421875 0.878606219558 0.421875
306298884 0.0 0.421875 0.121393780442 0.421875 0.121393780442 0.4375 0.0 0.4375
306298888 0.125515174223 0.421875 0.246908954665 0.421875 0.246908954665 0.4375 0.125515174223 0.4375
306298892 0.251030348445 0.421875 0.372424128887 0.421875 0.372424128887 0.4375 0.251030348445 0.4375
306298896 0.376545522668 0.421875 0.49793930311 0.421875 0.49793930311 0.4375 0.376545522668 0.4375
306298900 0.50206069689 0.421875 0.623454477332 0.421875 0.623454477332 0.4375 0.50206069689 0.4375
306298904 0.627575871113 0.421875 0.748969651555 0.421875 0.748969651555 0.4375 0.627575871113 0.4375
306298908 0.753091045335 0.421875 0.874484825777 0.421875 0.874484825777 0.4375 0.753091045335 0.4375
306298912 0.878606219558 0.421875 1.0 0.421875 1.0 0.4375 0.878606219558 0.4375
306302980 0.0 0.4375 0.121393780442 0.4375 0.121393780442 0.453125 0.0 0.453125
306302984 0.125515174223 0.4375 0.246908954665 0.4375 0.246908954665 0.453125 0.125515174223 0.453125
306302988 0.251030348445 0.4375 0.372424128887 0.4375 0.372424128887 0.453125 0.251030348445 0.453125
306302992 0.376545522668 0.4375 0.49793930311 0.4375 0.49793930311 0.453125 0.376545522668 0.453125
306302996 0.50206069689 0.4375 0.623454477332 0.4375 0.623454477332 0.453125 0.50206069689 0.453125
306303000 0.627575871113 0.4375 0.748969651555 0.4375 0.748969651555 0.453125 0.627575871113 0.453125
306303004 0.753091045335 0.4375 0.874484825777 0.4375 0.874484825777 0.453125 0.753091045335 0.453125
306303008 0.878606219558 0.4375 1.0 0.4375 1.0 0.453125 0.878606219558 0.453125
306307076 0.0 0.453125 0.121393780442 0.453125 0.121393780442 0.46875 0.0 0.46875
306307080 0.125515174223 0.453125 0.246908954665 0.453125 0.246908954665 0.46875 0.125515174223 0.46875
306307084 0.251030348445 0.453125 0.372424128887 0.453125 0.372424128887 0.46875 0.251030348445 0.46875
306307088 0.376545522668 0.453125 0.49793930311 0.453125 0.49793930311 0.46875 0.376545522668 0.46875
306307092 0.50206069689 0.453125 0.623454477332 0.453125 0.623454477332 0.46875 0.50206069689 0.46875
306307096 0.627575871113 0.453125 0.748969651555 0.453125 0.748969651555 0.46875 0.627575871113 0.46875
306307100 0.753091045335 0.453125 0.874484825777 0.453125 0.874484825777 0.46875 0.753091045335 0.46875
306307104 0.878606219558 0.453125 1.0 0.453125 1.0 0.46875 0.878606219558 0.46875
306311172 0.0 0.46875 0.121393780442 0.46875 0.121393780442 0.484375 0.0 0.484375
306311176 0.125515174223 0.46875 0.246908954665 0.46875 0.246908954665 0.484375 0.125515174223 0.484375
306311180 0.251030348445 0.46875 0.372424128887 0.46875 0.372424128887 0.484375 0.251030348445 0.484375
306311184 0.376545522668 0.46875 0.49793930311 0.46875 0.49793930311 0.484375 0.376545522668 0.484375
306311188 0.50206069689 0.46875 0.623454477332 0.46875 0.623454477332 0.484375 0.50206069689 0.484375
306311192 0.627575871113 0.46875 0.748969651555 0.46875 0.748969651555 0.484375 0.627575871113 0.484375
306311196 0.753091045335 0.46875 0.874484825777 0.46875 0.874484825777 0.484375 0.753091045335 0.484375
306311200 0.878606219558 0.46875 1.0 0.46875 1.0 0.484375 0.878606219558 0.484375
306315268 0.0 0.484375 0.121393780442 0.484375 0.121393780442 0.5 0.0 0.5
306315272 0.125515174223 0.484375 0.246908954665 0.484375 0.246908954665 0.5 0.125515174223 0.5
306315276 0.251030348445 0.484375 0.372424128887 0.484375 0.372424128887 0.5 0.251030348445 0.5
306315280 0.376545522668 0.484375 0.49793930311 0.484375 0.49793930311 0.5 0.376545522668 0.5
306315284 0.50206069689 0.484375 0.623454477332 0.484375 0.623454477332 0.5 0.50206069689 0.5
306315288 0.627575871113 0.484375 0.748969651555 0.484375 0.748969651555 0.5 0.627575871113 0.5
306315292 0.753091045335 0.484375 0.874484825777 0.484375 0.874484825777 0.5 0.753091045335 0.5
306315296 0.878606219558 0.484375 1.0 0.484375 1.0 0.5 0.878606219558 0.5
306319364 0.0 0.5 0.121393780442 0.5 0.121393780442 0.515625 0.0 0.515625
306319368 0.125515174223 0.5 0.246908954665 0.5 0.246908954665 0.515625 0.125515174223 0.515625
306319372 0.251030348445 0.5 0.372424128887 0.5 0.372424128887 0.515625 0.251030348445 0.515625
306319376 0.376545522668 0.5 0.49793930311 0.5 0.49793930311 0.515625 0.376545522668 0.515625
306319380 0.50206069689 0.5 0.623454477332 0.5 0.623454477332 0.515625 0.50206069689 0.515625
306319384 0.627575871113 0.5 0.748969651555 0.5 0.748969651555 0.515625 0.627575871113 0.515625
306319388 0.753091045335 0.5 0.874484825777 0.5 0.874484825777 0.515625 0.753091045335 0.515625
306319392 0.878606219558 0.5 1.0 0.5 1.0 0.515625 0.878606219558 0.515625
306323460 0.0 0.515625 0.121393780442 0.515625 0.121393780442 0.53125 0.0 0.53125
306323464 0.125515174223 0.515625 0.246908954665 0.515625 0.246908954665 0.53125 0.125515174223 0.53125
306323468 0.251030348445 0.515625 0.372424128887 0.515625 0.372424128887 0.53125 0.251030348445 0.53125
306323472 0.376545522668 0.515625 0.49793930311 0.515625 0.49793930311 0.53125 0.376545522668 0.53125
306323476 0.50206069689 0.515625 0.623454477332 0.515625 0.623454477332 0.53125 0.50206069689 0.53125
306323480 0.627575871113 0.515625 0.748969651555 0.515625 0.748969651555 0.53125 0.627575871113 0.53125
306323484 0.753091045335 0.515625 0.874484825777 0.515625 0.874484825777 0.53125 0.753091045335 0.53125
306323488 0.878606219558 0.515625 1.0 0.515625 1.0 0.53125 0.878606219558 0.53125
306327556 0.0 0.53125 0.121393780442 0.53125 0.121393780442 0.546875 0.0 0.546875
306327560 0.125515174223 0.53125 0.246908954665 0.53125 0.246908954665 0.546875 0.125515174223 0.546875
306327564 0.251030348445 0.53125 0.372424128887 0.53125 0.372424128887 0.546875 0.251030348445 0.546875
306327568 0.376545522668 0.53125 0.49793930311 0.53125 0.49793930311 0.546875 0.376545522668 0.546875
306327572 0.50206069689 0.53125 0.623454477332 0.53125 0.623454477332 0.546875 0.50206069689 0.546875
306327576 0.627575871113 0.53125 0.748969651555 0.53125 0.748969651555 0.546875 0.627575871113 0.546875
306327580 0.753091045335 0.53125 0.874484825777 0.53125 0.874484825777 0.546875 0.753091045335 0.546875
306327584 0.878606219558 0.53125 1.0 0.53125 1.0 0.546875 0.878606219558 0.546875
306331652 0.0 0.546875 0.121393780442 0.546875 0.121393780442 0.5625 0.0 0.5625
306331656 0.125515174223 0.546875 0.246908954665 0.546875 0.246908954665 0.5625 0.125515174223 0.5625
306331660 0.251030348445 0.546875 0.372424128887 0.546875 0.372424128887 0.5625 0.251030348445 0.5625
306331664 0.376545522668 0.546875 0.49793930311 0.546875 0.49793930311 0.5625 0.376545522668 0.5625
306331668 0.50206069689 0.546875 0.623454477332 0.546875 0.623454477332 0.5625 0.50206069689 0.5625
306331672 0.627575871113 0.546875 0.748969651555 0.546875 0.748969651555 0.5625 0.627575871113 0.5625
306331676 0.753091045335 0.546875 0.874484825777 0.546875 0.874484825777 0.5625 0.753091045335 0.5625
306331680 0.878606219558 0.546875 1.0 0.546875 1.0 0.5625 0.878606219558 0.5625
306335748 0.0 0.5625 0.121393780442 0.5625 0.121393780442 0.578125 0.0 0.578125
306335752 0.125515174223 0.5625 0.246908954665 0.5625 0.246908954665 0.578125 0.125515174223 0.578125
306335756 0.251030348445 0.5625 0.372424128887 0.5625 0.372424128887 0.578125 0.251030348445 0.578125
306335760 0.376545522668 0.5625 0.49793930311 0.5625 0.49793930311 0.578125 0.376545522668 0.578125
306335764 0.50206069689 0.5625 0.623454477332 0.5625 0.623454477332 0.578125 0.50206069689 0.578125
306335768 0.627575871113 0.5625 0.748969651555 0.5625 0.748969651555 0.578125 0.627575871113 0.578125
306335772 0.753091045335 0.5625 0.874484825777 0.5625 0.874484825777 0.578125 0.753091045335 0.578125
306335776 0.878606219558 0.5625 1.0 0.5625 1.0 0.578125 0.878606219558 0.578125
306339844 0.0 0.578125 0.121393780442 0.578125 0.121393780442 0.59375 0.0 0.59375
306339848 0.125515174223 0.578125 0.246908954665 0.578125 0.246908954665 0.59375 0.125515174223 0.59375
306339852 0.251030348445 0.578125 0.372424128887 0.578125 0.372424128887 0.59375 0.251030348445 0.59375
306339856 0.376545522668 0.578125 0.49793930311 0.578125 0.49793930311 0.59375 0.376545522668 0.59375
306339860 0.50206069689 0.578125 0.623454477332 0.578125 0.623454477332 0.59375 0.50206069689 0.59375
306339864 0.627575871113 0.578125 0.748969651555 0.578125 0.748969651555 0.59375 0.627575871113 0.59375
306339868 0.753091045335 0.578125 0.874484825777 0.578125 0.874484825777 0.59375 0.753091045335 0.59375
306339872 0.878606219558 0.578125 1.0 0.578125 1.0 0.59375 0.878606219558 0.59375
306343940 0.0 0.59375 0.121393780442 0.59375 0.121393780442 0.609375 0.0 0.609375
306343944 0.125515174223 0.59375 0.246908954665 0.59375 0.246908954665 0.609375 0.125515174223 0.609375
306343948 0.251030348445 0.59375 0.372424128887 0.59375 0.372424128887 0.609375 0.251030348445 0.609375
306343952 0.376545522668 0.59375 0.49793930311 0.59375 0.49793930311 0.609375 0.376545522668 0.609375
306343956 0.50206069689 0.59375 0.623454477332 0.59375 0.623454477332 0.609375 0.50206069689 0.609375
306343960 0.627575871113 0.59375 0.748969651555 0.59375 0.748969651555 0.609375 0.627575871113 0.609375
306343964 0.753091045335 0.59375 0.874484825777 0.59375 0.874484825777 0.609375 0.753091045335 0.609375
306343968 0.878606219558 0.59375 1.0 0.59375 1.0 0.609375 0.878606219558 0.609375
306348036 0.0 0.609375 0.121393780442 0.609375 0.121393780442 0.625 0.0 0.625
306348040 0.125515174223 0.609375 0.246908954665 0.609375 0.246908954665 0.625 0.125515174223 0.625
306348044 0.251030348445 0.609375 0.372424128887 0.609375 0.372424128887 0.625 0.251030348445 0.625
306348048 0.376545522668 0.609375 0.49793930311 0.609375 0.49793930311 0.625 0.376545522668 0.625
306348052 0.50206069689 0.609375 0.623454477332 0.609375 0.623454477332 0.625 0.50206069689 0.625
306348056 0.627575871113 0.609375 0.748969651555 0.609375 0.748969651555 0.625 0.627575871113 0.625
306348060 0.753091045335 0.609375 0.874484825777 0.609375 0.874484825777 0.625 0.753091045335 0.625
306348064 0.878606219558 0.609375 1.0 0.609375 1.0 0.625 0.878606219558 0.625
306352132 0.0 0.625 0.121393780442 0.625 0.121393780442 0.640625 0.0 0.640625
306352136 0.125515174223 0.625 0.246908954665 0.625 0.246908954665 0.640625 0.125515174223 0.640625
306352140 0.251030348445 0.625 0.372424128887 0.625 0.372424128887 0.640625 0.251030348445 0.640625
306352144 0.376545522668 0.625 0.49793930311 0.625 0.49793930311 0.640625 0.376545522668 0.640625
306352148 0.50206069689 0.625 0.623454477332 0.625 0.623454477332 0.640625 0.50206069689 0.640625
306352152 0.627575871113 0.625 0.748969651555 0.625 0.748969651555 0.640625 0.627575871113 0.640625
306352156 0.753091045335 0.625 0.874484825777 0.625 0.874484825777 0.640625 0.753091045335 0.640625
306352160 0.878606219558 0.625 1.0 0.625 1.0 0.640625 0.878606219558 0.640625
306356228 0.0 0.640625 0.121393780442 0.640625 0.121393780442 0.65625 0.0 0.65625
306356232 0.125515174223 0.640625 0.246908954665 0.640625 0.246908954665 0.65625 0.125515174223 0.65625
306356236 0.251030348445 0.640625 0.372424128887 0.640625 0.372424128887 0.65625 0.251030348445 0.65625
306356240 0.376545522668 0.640625 0.49793930311 0.640625 0.49793930311 0.65625 0.376545522668 0.65625
306356244 0.50206069689 0.640625 0.623454477332 0.640625 0.623454477332 0.65625 0.50206069689 0.65625
306356248 0.627575871113 0.640625 0.748969651555 0.640625 0.748969651555 0.65625 0.627575871113 0.65625
306356252 0.753091045335 0.640625 0.874484825777 0.640625 0.874484825777 0.65625 0.753091045335 0.65625
306356256 0.878606219558 0.640625 1.0 0.640625 1.0 0.65625 0.878606219558 0.65625
306360324 0.0 0.65625 0.121393780442 0.65625 0.121393780442 0.671875 0.0 0.671875
306360328 0.125515174223 0.65625 0.246908954665 0.65625 0.246908954665 0.671875 0.125515174223 0.671875
306360332 0.251030348445 0.65625 0.372424128887 0.65625 0.372424128887 0.671875 0.251030348445 0.671875
306360336 0.376545522668 0.65625 0.49793930311 0.65625 0.49793930311 0.671875 0.376545522668 0.671875
306360340 0.50206069689 0.65625 0.623454477332 0.65625 0.623454477332 0.671875 0.50206069689 0.671875
306360344 0.627575871113 0.65625 0.748969651555 0.65625 0.748969651555 0.671875 0.627575871113 0.671875
306360348 0.753091045335 0.65625 0.874484825777 0.65625 0.874484825777 0.671875 0.753091045335 0.671875
306360352 0.878606219558 0.65625 1.0 0.65625 1.0 0.671875 0.878606219558 0.671875
306364420 0.0 0.671875 0.121393780442 0.671875 0.121393780442 0.6875 0.0 0.6875
306364424 0.125515174223 0.671875 0.246908954665 0.671875 0.246908954665 0.6875 0.125515174223 0.6875
306364428 0.251030348445 0.671875 0.372424128887 0.671875 0.372424128887 0.6875 0.251030348445 0.6875
306364432 0.376545522668 0.671875 0.49793930311 0.671875 0.49793930311 0.6875 0.376545522668 0.6875
306364436 0.50206069689 0.671875 0.623454477332 0.671875 0.623454477332 0.6875 0.50206069689 0.6875
306364440 0.627575871113 0.671875 0.748969651555 0.671875 0.748969651555 0.6875 0.627575871113 0.6875
306364444 0.753091045335 0.671875 0.874484825777 0.671875 0.874484825777 0.6875 0.753091045335 0.6875
306364448 0.878606219558 0.671875 1.0 0.671875 1.0 0.6875 0.878606219558 0.6875
306368516 0.0 0.6875 0.121393780442 0.6875 0.121393780442 0.703125 0.0 0.703125
306368520 0.125515174223 0.6875 0.246908954665 0.6875 0.246908954665 0.703125 0.125515174223 0.703125
306368524 0.251030348445 0.6875 0.372424128887 0.6875 0.372424128887 0.703125 0.251030348445 0.703125
306368528 0.376545522668 0.6875 0.49793930311 0.6875 0.49793930311 0.703125 0.376545522668 0.703125
306368532 0.50206069689 0.6875 0.623454477332 0.6875 0.623454477332 0.703125 0.50206069689 0.703125
306368536 0.627575871113 0.6875 0.748969651555 0.6875 0.748969651555 0.703125 0.627575871113 0.703125
306368540 0.753091045335 0.6875 0.874484825777 0.6875 0.874484825777 0.703125 0.753091045335 0.703125
306368544 0.878606219558 0.6875 1.0 0.6875 1.0 0.703125 0.878606219558 0.703125
306372612 0.0 0.703125 0.121393780442 0.703125 0.121393780442 0.71875 0.0 0.71875
306372616 0.125515174223 0.703125 0.246908954665 0.703125 0.246908954665 0.71875 0.125515174223 0.71875
306372620 0.251030348445 0.703125 0.372424128887 0.703125 0.372424128887 0.71875 0.251030348445 0.71875
306372624 0.376545522668 0.703125 0.49793930311 0.703125 0.49793930311 0.71875 0.376545522668 0.71875
306372628 0.50206069689 0.703125 0.623454477332 0.703125 0.623454477332 0.71875 0.50206069689 0.71875
306372632 0.627575871113 0.703125 0.748969651555 0.703125 0.748969651555 0.71875 0.627575871113 0.71875
306372636 0.753091045335 0.703125 0.874484825777 0.703125 0.874484825777 0.71875 0.753091045335 0.71875
306372640 0.878606219558 0.703125 1.0 0.703125 1.0 0.71875 0.878606219558 0.71875
306376708 0.0 0.71875 0.121393780442 0.71875 0.121393780442 0.734375 0.0 0.734375
306376712 0.125515174223 0.71875 0.246908954665 0.71875 0.246908954665 0.734375 0.125515174223 0.734375
306376716 0.251030348445 0.71875 0.372424128887 0.71875 0.372424128887 0.734375 0.251030348445 0.734375
306376720 0.376545522668 0.71875 0.49793930311 0.71875 0.49793930311 0.734375 0.376545522668 0.734375
306376724 0.50206069689 0.71875 0.623454477332 0.71875 0.623454477332 0.734375 0.50206069689 0.734375
306376728 0.627575871113 0.71875 0.748969651555 0.71875 0.748969651555 0.734375 0.627575871113 0.734375
306376732 0.753091045335 0.71875 0.874484825777 0.71875 0.874484825777 0.734375 0.753091045335 0.734375
306376736 0.878606219558 0.71875 1.0 0.71875 1.0 0.734375 0.878606219558 0.734375
306380804 0.0 0.734375 0.121393780442 0.734375 0.121393780442 0.75 0.0 0.75
306380808 0.125515174223 0.734375 0.246908954665 0.734375 0.246908954665 0.75 0.125515174223 0.75
306380812 0.251030348445 0.734375 0.372424128887 0.734375 0.372424128887 0.75 0.251030348445 0.75
306380816 0.376545522668 0.734375 0.49793930311 0.734375 0.49793930311 0.75 0.376545522668 0.75
306380820 0.50206069689 0.734375 0.623454477332 0.734375 0.623454477332 0.75 0.50206069689 0.75
306380824 0.627575871113 0.734375 0.748969651555 0.734375 0.748969651555 0.75 0.627575871113 0.75
306380828 0.753091045335 0.734375 0.874484825777 0.734375 0.874484825777 0.75 0.753091045335 0.75
306380832 0.878606219558 0.734375 1.0 0.734375 1.0 0.75 0.878606219558 0.75
306384900 0.0 0.75 0.121393780442 0.75 0.121393780442 0.765625 0.0 0.765625
306384904 0.125515174223 0.75 0.246908954665 0.75 0.246908954665 0.765625 0.125515174223 0.765625
306384908 0.251030348445 0.75 0.372424128887 0.75 0.372424128887 0.765625 0.251030348445 0.765625
306384912 0.376545522668 0.75 0.49793930311 0.75 0.49793930311 0.765625 0.376545522668 0.765625
306384916 0.50206069689 0.75 0.623454477332 0.75 0.623454477332 0.765625 0.50206069689 0.765625
306384920 0.627575871113 0.75 0.748969651555 0.75 0.748969651555 0.765625 0.627575871113 0.765625
306384924 0.753091045335 0.75 0.874484825777 0.75 0.874484825777 0.765625 0.753091045335 0.765625
306384928 0.878606219558 0.75 1.0 0.75 1.0 0.765625 0.878606219558 0.765625
306388996 0.0 0.765625 0.121393780442 0.765625 0.121393780442 0.78125 0.0 0.78125
306389000 0.125515174223 0.765625 0.246908954665 0.765625 0.246908954665 0.78125 0.125515174223 0.78125
306389004 0.251030348445 0.765625 0.372424128887 0.765625 0.372424128887 0.78125 0.251030348445 0.78125
306389008 0.376545522668 0.765625 0.49793930311 0.765625 0.49793930311 0.78125 0.376545522668 0.78125
306389012 0.50206069689 0.765625 0.623454477332 0.765625 0.623454477332 0.78125 0.50206069689 0.78125
306389016 0.627575871113 0.765625 0.748969651555 0.765625 0.748969651555 0.78125 0.627575871113 0.78125
306389020 0.753091045335 0.765625 0.874484825777 0.765625 0.874484825777 0.78125 0.753091045335 0.78125
306389024 0.878606219558 0.765625 1.0 0.765625 1.0 0.78125 0.878606219558 0.78125
306393092 0.0 0.78125 0.121393780442 0.78125 0.121393780442 0.796875 0.0 0.796875
306393096 0.125515174223 0.78125 0.246908954665 0.78125 0.246908954665 0.796875 0.125515174223 0.796875
306393100 0.251030348445 0.78125 0.372424128887 0.78125 0.372424128887 0.796875 0.251030348445 0.796875
306393104 0.376545522668 0.78125 0.49793930311 0.78125 0.49793930311 0.796875 0.376545522668 0.796875
306393108 0.50206069689 0.78125 0.623454477332 0.78125 0.623454477332 0.796875 0.50206069689 0.796875
306393112 0.627575871113 0.78125 0.748969651555 0.78125 0.748969651555 0.796875 0.627575871113 0.796875
306393116 0.753091045335 0.78125 0.874484825777 0.78125 0.874484825777 0.796875 0.753091045335 0.796875
306393120 0.878606219558 0.78125 1.0 0.78125 1.0 0.796875 0.878606219558 0.796875
306397188 0.0 0.796875 0.121393780442 0.796875 0.121393780442 0.8125 0.0 0.8125
306397192 0.125515174223 0.796875 0.246908954665 0.796875 0.246908954665 0.8125 0.125515174223 0.8125
306397196 0.251030348445 0.796875 0.372424128887 0.796875 0.372424128887 0.8125 0.251030348445 0.8125
306397200 0.376545522668 0.796875 0.49793930311 0.796875 0.49793930311 0.8125 0.376545522668 0.8125
306397204 0.50206069689 0.796875 0.623454477332 0.796875 0.623454477332 0.8125 0.50206069689 0.8125
306397208 0.627575871113 0.796875 0.748969651555 0.796875 0.748969651555 0.8125 0.627575871113 0.8125
306397212 0.753091045335 0.796875 0.874484825777 0.796875 0.874484825777 0.8125 0.753091045335 0.8125
306397216 0.878606219558 0.796875 1.0 0.796875 1.0 0.8125 0.878606219558 0.8125
306401284 0.0 0.8125 0.121393780442 0.8125 0.121393780442 0.828125 0.0 0.828125
306401288 0.125515174223 0.8125 0.246908954665 0.8125 0.246908954665 0.828125 0.125515174223 0.828125
306401292 0.251030348445 0.8125 0.372424128887 0.8125 0.372424128887 0.828125 0.251030348445 0.828125
306401296 0.376545522668 0.8125 0.49793930311 0.8125 0.49793930311 0.828125 0.376545522668 0.828125
306401300 0.50206069689 0.8125 0.623454477332 0.8125 0.623454477332 0.828125 0.50206069689 0.828125
306401304 0.627575871113 0.8125 0.748969651555 0.8125 0.748969651555 0.828125 0.627575871113 0.828125
306401308 0.753091045335 0.8125 0.874484825777 0.8125 0.874484825777 0.828125 0.753091045335 0.828125
306401312 0.878606219558 0.8125 1.0 0.8125 1.0 0.828125 0.878606219558 0.828125
306405380 0.0 0.828125 0.121393780442 0.828125 0.121393780442 0.84375 0.0 0.84375
306405384 0.125515174223 0.828125 0.246908954665 0.828125 0.246908954665 0.84375 0.125515174223 0.84375
306405388 0.251030348445 0.828125 0.372424128887 0.828125 0.372424128887 0.84375 0.251030348445 0.84375
306405392 0.376545522668 0.828125 0.49793930311 0.828125 0.49793930311 0.84375 0.376545522668 0.84375
306405396 0.50206069689 0.828125 0.623454477332 0.828125 0.623454477332 0.84375 0.50206069689 0.84375
306405400 0.627575871113 0.828125 0.748969651555 0.828125 0.748969651555 0.84375 0.627575871113 0.84375
306405404 0.753091045335 0.828125 0.874484825777 0.828125 0.874484825777 0.84375 0.753091045335 0.84375
306405408 0.878606219558 0.828125 1.0 0.828125 1.0 0.84375 0.878606219558 0.84375
306409476 0.0 0.84375 0.121393780442 0.84375 0.121393780442 0.859375 0.0 0.859375
306409480 0.125515174223 0.84375 0.246908954665 0.84375 0.246908954665 0.859375 0.125515174223 0.859375
306409484 0.251030348445 0.84375 0.372424128887 0.84375 0.372424128887 0.859375 0.251030348445 0.859375
306409488 0.376545522668 0.84375 0.49793930311 0.84375 0.49793930311 0.859375 0.376545522668 0.859375
306409492 0.50206069689 0.84375 0.623454477332 0.84375 0.623454477332 0.859375 0.50206069689 0.859375
306409496 0.627575871113 0.84375 0.748969651555 0.84375 0.748969651555 0.859375 0.627575871113 0.859375
306409500 0.753091045335 0.84375 0.874484825777 0.84375 0.874484825777 0.859375 0.753091045335 0.859375
306409504 0.878606219558 0.84375 1.0 0.84375 1.0 0.859375 0.878606219558 0.859375
306413572 0.0 0.859375 0.121393780442 0.859375 0.121393780442 0.875 0.0 0.875
306413576 0.125515174223 0.859375 0.246908954665 0.859375 0.246908954665 0.875 0.125515174223 0.875
306413580 0.251030348445 0.859375 0.372424128887 0.859375 0.372424128887 0.875 0.251030348445 0.875
306413584 0.376545522668 0.859375 0.49793930311 0.859375 0.49793930311 0.875 0.376545522668 0.875
306413588 0.50206069689 0.859375 0.623454477332 0.859375 0.623454477332 0.875 0.50206069689 0.875
306413592 0.627575871113 0.859375 0.748969651555 0.859375 0.748969651555 0.875 0.627575871113 0.875
306413596 0.753091045335 0.859375 0.874484825777 0.859375 0.874484825777 0.875 0.753091045335 0.875
306413600 0.878606219558 0.859375 1.0 0.859375 1.0 0.875 0.878606219558 0.875
306417668 0.0 0.875 0.121393780442 0.875 0.121393780442 0.890625 0.0 0.890625
306417672 0.125515174223 0.875 0.246908954665 0.875 0.246908954665 0.890625 0.125515174223 0.890625
306417676 0.251030348445 0.875 0.372424128887 0.875 0.372424128887 0.890625 0.251030348445 0.890625
306417680 0.376545522668 0.875 0.49793930311 0.875 0.49793930311 0.890625 0.376545522668 0.890625
306417684 0.50206069689 0.875 0.623454477332 0.875 0.623454477332 0.890625 0.50206069689 0.890625
306417688 0.627575871113 0.875 0.748969651555 0.875 0.748969651555 0.890625 0.627575871113 0.890625
306417692 0.753091045335 0.875 0.874484825777 0.875 0.874484825777 0.890625 0.753091045335 0.890625
306417696 0.878606219558 0.875 1.0 0.875 1.0 0.890625 0.878606219558 0.890625
306421764 0.0 0.890625 0.121393780442 0.890625 0.121393780442 0.90625 0.0 0.90625
306421768 0.125515174223 0.890625 0.246908954665 0.890625 0.246908954665 0.90625 0.125515174223 0.90625
306421772 0.251030348445 0.890625 0.372424128887 0.890625 0.372424128887 0.90625 0.251030348445 0.90625
306421776 0.376545522668 0.890625 0.49793930311 0.890625 0.49793930311 0.90625 0.376545522668 0.90625
306421780 0.50206069689 0.890625 0.623454477332 0.890625 0.623454477332 0.90625 0.50206069689 0.90625
306421784 0.627575871113 0.890625 0.748969651555 0.890625 0.748969651555 0.90625 0.627575871113 0.90625
306421788 0.753091045335 0.890625 0.874484825777 0.890625 0.874484825777 0.90625 0.753091045335 0.90625
306421792 0.878606219558 0.890625 1.0 0.890625 1.0 0.90625 0.878606219558 0.90625
306425860 0.0 0.90625 0.121393780442 0.90625 0.121393780442 0.921875 0.0 0.921875
306425864 0.125515174223 0.90625 0.246908954665 0.90625 0.246908954665 0.921875 0.125515174223 0.921875
306425868 0.251030348445 0.90625 0.372424128887 0.90625 0.372424128887 0.921875 0.251030348445 0.921875
306425872 0.376545522668 0.90625 0.49793930311 0.90625 0.49793930311 0.921875 0.376545522668 0.921875
306425876 0.50206069689 0.90625 0.623454477332 0.90625 0.623454477332 0.921875 0.50206069689 0.921875
306425880 0.627575871113 0.90625 0.748969651555 0.90625 0.748969651555 0.921875 0.627575871113 0.921875
306425884 0.753091045335 0.90625 0.874484825777 0.90625 0.874484825777 0.921875 0.753091045335 0.921875
306425888 0.878606219558 0.90625 1.0 0.90625 1.0 0.921875 0.878606219558 0.921875
306429956 0.0 0.921875 0.121393780442 0.921875 0.121393780442 0.9375 0.0 0.9375
306429960 0.125515174223 0.921875 0.246908954665 0.921875 0.246908954665 0.9375 0.125515174223 0.9375
306429964 0.251030348445 0.921875 0.372424128887 0.921875 0.372424128887 0.9375 0.251030348445 0.9375
306429968 0.376545522668 0.921875 0.49793930311 0.921875 0.49793930311 0.9375 0.376545522668 0.9375
306429972 0.50206069689 0.921875 0.623454477332 0.921875 0.623454477332 0.9375 0.50206069689 0.9375
306429976 0.627575871113 0.921875 0.748969651555 0.921875 0.748969651555 0.9375 0.627575871113 0.9375
306429980 0.753091045335 0.921875 0.874484825777 0.921875 0.874484825777 0.9375 0.753091045335 0.9375
306429984 0.878606219558 0.921875 1.0 0.921875 1.0 0.9375 0.878606219558 0.9375
306434052 0.0 0.9375 0.121393780442 0.9375 0.121393780442 0.953125 0.0 0.953125
306434056 0.125515174223 0.9375 0.246908954665 0.9375 0.246908954665 0.953125 0.125515174223 0.953125
306434060 0.251030348445 0.9375 0.372424128887 0.9375 0.372424128887 0.953125 0.251030348445 0.953125
306434064 0.376545522668 0.9375 0.49793930311 0.9375 0.49793930311 0.953125 0.376545522668 0.953125
306434068 0.50206069689 0.9375 0.623454477332 0.9375 0.623454477332 0.953125 0.50206069689 0.953125
306434072 0.627575871113 0.9375 0.748969651555 0.9375 0.748969651555 0.953125 0.627575871113 0.953125
306434076 0.753091045335 0.9375 0.874484825777 0.9375 0.874484825777 0.953125 0.753091045335 0.953125
306434080 0.878606219558 0.9375 1.0 0.9375 1.0 0.953125 0.878606219558 0.953125
306438148 0.0 0.953125 0.121393780442 0.953125 0.121393780442 0.96875 0.0 0.96875
306438152 0.125515174223 0.953125 0.246908954665 0.953125 0.246908954665 0.96875 0.125515174223 0.96875
306438156 0.251030348445 0.953125 0.372424128887 0.953125 0.372424128887 0.96875 0.251030348445 0.96875
306438160 0.376545522668 0.953125 0.49793930311 0.953125 0.49793930311 0.96875 0.376545522668 0.96875
306438164 0.50206069689 0.953125 0.623454477332 0.953125 0.623454477332 0.96875 0.50206069689 0.96875
306438168 0.627575871113 0.953125 0.748969651555 0.953125 0.748969651555 0.96875 0.627575871113 0.96875
306438172 0.753091045335 0.953125 0.874484825777 0.953125 0.874484825777 0.96875 0.753091045335 0.96875
306438176 0.878606219558 0.953125 1.0 0.953125 1.0 0.96875 0.878606219558 0.96875
306442244 0.0 0.96875 0.121393780442 0.96875 0.121393780442 0.984375 0.0 0.984375
306442248 0.125515174223 0.96875 0.246908954665 0.96875 0.246908954665 0.984375 0.125515174223 0.984375
306442252 0.251030348445 0.96875 0.372424128887 0.96875 0.372424128887 0.984375 0.251030348445 0.984375
306442256 0.376545522668 0.96875 0.49793930311 0.96875 0.49793930311 0.984375 0.376545522668 0.984375
306442260 0.50206069689 0.96875 0.623454477332 0.96875 0.623454477332 0.984375 0.50206069689 0.984375
306442264 0.627575871113 0.96875 0.748969651555 0.96875 0.748969651555 0.984375 0.627575871113 0.984375
306442268 0.753091045335 0.96875 0.874484825777 0.96875 0.874484825777 0.984375 0.753091045335 0.984375
306442272 0.878606219558 0.96875 1.0 0.96875 1.0 0.984375 0.878606219558 0.984375
306446340 0.0 0.984375 0.121393780442 0.984375 0.121393780442 1.0 0.0 1.0
306446344 0.125515174223 0.984375 0.246908954665 0.984375 0.246908954665 1.0 0.125515174223 1.0
306446348 0.251030348445 0.984375 0.372424128887 0.984375 0.372424128887 1.0 0.251030348445 1.0
306446352 0.376545522668 0.984375 0.49793930311 0.984375 0.49793930311 1.0 0.376545522668 1.0
306446356 0.50206069689 0.984375 0.623454477332 0.984375 0.623454477332 1.0 0.50206069689 1.0
306446360 0.627575871113 0.984375 0.748969651555 0.984375 0.748969651555 1.0 0.627575871113 1.0
306446364 0.753091045335 0.984375 0.874484825777 0.984375 0.874484825777 1.0 0.753091045335 1.0
306446368 0.878606219558 0.984375 1.0 0.984375 1.0 1.0 0.878606219558 1.0
