# Xscale/Yscale
# 142.5/242.2578
470061349 0.465964912281 0.61034071968 0.458245614035 0.639479100363 0.430456140351 0.627962443315
470061350 0.430456140351 0.627966571149 0.445614035088 0.601891043343 0.465964912281 0.610344847514
470061381 0.453894736842 0.650042227743 0.445824561404 0.680196055607 0.410175438596 0.665385386972
470061382 0.410245614035 0.665430793147 0.425894736842 0.638443014012 0.453964912281 0.650062866913
470061412 0.423368421053 0.674086861187 0.40849122807 0.710093957759 0.383157894737 0.697177964961 0.403578947368 0.664010818228
470061416 0.45150877193 0.683931745438 0.442456140351 0.721821134345 0.415438596491 0.713016464279 0.430456140351 0.677067157384
470061444 0.391157894737 0.717053485997 0.373614035088 0.753531155653 0.351789473684 0.741428346167 0.373403508772 0.707200346078
470061448 0.416140350877 0.727876666923 0.402807017544 0.766083899053 0.379719298246 0.756499068348 0.397403508772 0.720075060535
470061452 0.442175438596 0.735826875337 0.433192982456 0.775288969024 0.409192982456 0.768350079956 0.422666666667 0.730179998332
470061477 0.362105263158 0.756618775536 0.338666666667 0.802825750089 0.302736842105 0.780799627504
470061478 0.302596491228 0.780725326491 0.333192982456 0.738852577709 0.362035087719 0.756565113693
470061481 0.404 0.775028915478 0.388 0.824335893416 0.349052631579 0.808191934377
470061482 0.34898245614 0.8081341447 0.372631578947 0.76200147116 0.403859649123 0.774987637137
470061485 0.448210526316 0.78666115188 0.440140350877 0.837862805656 0.399157894737 0.827997282234
470061486 0.39901754386 0.827960131727 0.415157894737 0.778702687798 0.448070175439 0.786644640544
470061508 0.342596491228 0.813801660875 0.314596491228 0.872103189247 0.282456140351 0.854299840913 0.31698245614 0.799597783848
470061512 0.378736842105 0.829450279826 0.357403508772 0.890521584857 0.323438596491 0.876425031516 0.351649122807 0.818201931991
470061516 0.416421052632 0.840954553372 0.402035087719 0.904031985761 0.366736842105 0.893819724277 0.388210526316 0.832806208923
470061540 0.286385964912 0.871244599761 0.251228070175 0.933958782751 0.224912280702 0.917806568044 0.26498245614 0.858113959592
470061544 0.316140350877 0.886860196039 0.286035087719 0.952137763985 0.258526315789 0.938099000321 0.293824561404 0.875450862676
470061548 0.347087719298 0.90009403206 0.322175438596 0.967530457224 0.293684210526 0.955687701284 0.323929824561 0.890467923014
470061552 0.378947368421 0.910859423309 0.359368421053 0.980041922283 0.330035087719 0.970465347246 0.355087719298 0.903078456091
470061556 0.41150877193 0.91909032444 0.397473684211 0.989589602481 0.36750877193 0.982345253693 0.387157894737 0.913204033059
470061605 0.397894736842 0.553962761983 0.371859649123 0.569128424348 0.360350877193 0.541356356741
470061606 0.360350877193 0.541360484575 0.389473684211 0.533579517357 0.397894736842 0.553966889817
470061637 0.361263157895 0.573462650119 0.334315789474 0.58913190824 0.31950877193 0.553463294061
470061638 0.31950877193 0.553549978577 0.349684210526 0.545517213481 0.361333333333 0.573532823298
470061668 0.322666666667 0.568889009972 0.286736842105 0.583873047638 0.277964912281 0.556848117997 0.315859649123 0.547812289222
470061672 0.335649122807 0.595773593255 0.302456140351 0.616193988388 0.289543859649 0.590877982051 0.325614035088 0.576030162909
470061700 0.269543859649 0.576521375163 0.231368421053 0.589936835883 0.224421052632 0.565921097277 0.263929824561 0.556971953019
470061704 0.279578947368 0.601841509334 0.243157894737 0.619446721633 0.233543859649 0.596359745692 0.271789473684 0.583047480824
470061708 0.292350877193 0.62587788711 0.258105263158 0.647449947948 0.246035087719 0.625576555223 0.282526315789 0.608074538776
470061733 0.221052631579 0.583972115655 0.171789473684 0.600054157183 0.161894736842 0.559097787563
470061734 0.161894736842 0.558965696873 0.213122807018 0.550941187446 0.22098245614 0.583860664135
470061737 0.237614035088 0.626571363234 0.191438596491 0.65016193493 0.175368421053 0.611248843175
470061738 0.175298245614 0.611120880318 0.224631578947 0.595187440817 0.237543859649 0.626468167382
470061741 0.260631578947 0.666058223925 0.218736842105 0.696575301187 0.196771929825 0.660663144799
470061742 0.196701754386 0.660543437611 0.242877192982 0.637089084438 0.260561403509 0.665963283742
470061764 0.166807017544 0.61060490106 0.105754385965 0.632020104203 0.0955789473684 0.596710611588 0.158736842105 0.582432433548
470061768 0.181263157895 0.647214661406 0.12301754386 0.675325211407 0.10898245614 0.641377904034 0.170105263158 0.62012368642
470061772 0.199789473684 0.681971024256 0.145052631579 0.716430183053 0.127298245614 0.684261972164 0.185614035088 0.656304152023
470061796 0.0863859649123 0.611438723542 0.0171929824561 0.630967506516 0.0100350877193 0.60095402501 0.0805614035088 0.587047352036
470061800 0.0964210526316 0.64354501692 0.0289824561404 0.668439984182 0.0194385964912 0.639082828293 0.088701754386 0.619686136009
470061804 0.108912280702 0.674763825974 0.043649122807 0.704872247663 0.0318596491228 0.676348914256 0.0993684210526 0.65158190985
470061808 0.123859649123 0.70490939817 0.0611228070175 0.740045521754 0.0471578947368 0.712533507693 0.11249122807 0.682548921025
470061812 0.141122807018 0.733787725308 0.0813333333333 0.77373277558 0.0651929824561 0.747405449897 0.128 0.712389033501
470061861 0.389614035088 0.465994490167 0.36049122807 0.458283696129 0.372 0.430482733683
470061862 0.372 0.430486861517 0.398035087719 0.445586478537 0.389614035088 0.465998618001
470061893 0.349964912281 0.45387104151 0.319789473684 0.445854787751 0.334526315789 0.410186173572
470061894 0.334526315789 0.410264602419 0.361543859649 0.42591322137 0.349894736842 0.453945342524
470061924 0.325894736842 0.423358092082 0.289894736842 0.408518528609 0.302807017544 0.383194266604 0.335929824561 0.403606406068
470061928 0.316070175439 0.451530559594 0.278175438596 0.442511242156 0.286947368421 0.415482184681 0.322877192982 0.43044971101
470061956 0.282947368421 0.391173369856 0.246456140351 0.373650714239 0.258526315789 0.351785577183 0.292771929825 0.373374149357
470061960 0.272070175439 0.416163277302 0.233894736842 0.402834501098 0.243438596491 0.379751652991 0.279859649123 0.397369248792
470061964 0.264140350877 0.442201654601 0.224701754386 0.43324012684 0.231578947368 0.409228516068 0.269754385965 0.422656360291
470061989 0.243368421053 0.362146440693 0.197122807018 0.338663192682 0.219157894737 0.302751036293
470061990 0.219228070175 0.302643712607 0.261122807018 0.333189684708 0.243368421053 0.362047372675
470061993 0.22498245614 0.403986166802 0.175649122807 0.388023832463 0.191719298246 0.349110740707
470061994 0.191789473684 0.348991033519 0.237964912281 0.37260637222 0.22498245614 0.403878843117
470061997 0.213333333333 0.448187013999 0.162105263158 0.440145993235 0.171929824561 0.399185495782
470061998 0.172 0.39906166076 0.221263157895 0.415160213624 0.213333333333 0.448075562479
470062020 0.186175438596 0.342630041221 0.127859649123 0.314593792233 0.145684210526 0.282450348348 0.200350877193 0.316983808158
470062024 0.170526315789 0.378752717147 0.109473684211 0.357424198519 0.12350877193 0.323489274649 0.181754385965 0.351678253497
470062028 0.15901754386 0.416402691678 0.0959298245614 0.402046084791 0.106105263158 0.366748975678 0.167157894737 0.388238479834
470062052 0.128701754386 0.286371790712 0.0660350877193 0.25124805063 0.0821754385965 0.224949619785 0.141824561404 0.26499786591
470062056 0.113122807018 0.316158241345 0.0477894736842 0.286066330991 0.0618245614035 0.258579083935 0.12449122807 0.29381840337
470062060 0.0998596491228 0.347075718511 0.0324210526316 0.32220139042 0.0442807017544 0.293698696182 0.109473684211 0.323910313724
470062064 0.0891228070175 0.378934341846 0.0199298245614 0.35943445371 0.0294736842105 0.330089681323 0.0969122807018 0.355087844437
470062068 0.0809122807018 0.41154423098 0.0103859649123 0.397530234321 0.0176140350877 0.367525008483 0.0867368421053 0.387156987309
470062117 0.445964912281 0.397926506391 0.430877192982 0.371838595083 0.458666666667 0.360350832873
470062118 0.458666666667 0.360350832873 0.466385964912 0.389493341391 0.445964912281 0.397926506391
470062149 0.426456140351 0.361275467704 0.410877192982 0.334258793731 0.446526315789 0.319534809612
470062150 0.446456140351 0.319559576616 0.454456140351 0.349729915817 0.426385964912 0.361312618211
470062180 0.43101754386 0.322700858342 0.416140350877 0.286722656608 0.443157894737 0.277975776219 0.452140350877 0.315877548628
470062184 0.404140350877 0.335666385148 0.383789473684 0.30247447141 0.409122807018 0.289595629119 0.423929824561 0.325623364862
470062212 0.423438596491 0.269559122555 0.410035087719 0.231356018258 0.434105263158 0.224470791033 0.442947368421 0.263953523891
470062216 0.398105263158 0.279581503671 0.380561403509 0.243116217517 0.403649122807 0.233580920821 0.416912280702 0.27181704779
470062220 0.374035087719 0.292369533613 0.35249122807 0.258108510851 0.374385964912 0.246042851871 0.391859649123 0.282549416366
470062245 0.416 0.221052944425 0.399929824561 0.171758762773 0.440912280702 0.161969191498
470062246 0.441052631579 0.161945662843 0.44898245614 0.213164653522 0.416070175439 0.221019921753
470062249 0.373403508772 0.237630326041 0.349824561404 0.19145389746 0.388771929825 0.175368553665
470062250 0.388842105263 0.17532562419 0.404771929825 0.224664799235 0.373473684211 0.237580792032
470062253 0.333894736842 0.260667767973 0.303368421053 0.218749613016 0.339298245614 0.196764768771
470062254 0.339438596491 0.196703264044 0.362877192982 0.242942848486 0.333964912281 0.260601722628
470062276 0.389333333333 0.166820634877 0.368 0.105751393763 0.403298245614 0.0956315957629 0.417543859649 0.158745353091
470062280 0.352701754386 0.181305204621 0.324631578947 0.123014821401 0.358596491228 0.109000411958 0.379789473684 0.170122076565
470062284 0.317964912281 0.19979501176 0.28350877193 0.145017828115 0.315719298246 0.127285478527 0.343649122807 0.185645622143
470062308 0.38849122807 0.0864257002251 0.369052631579 0.0172275154814 0.39901754386 0.0100677872911 0.412912280702 0.0806066925399
470062312 0.356421052632 0.0964472557746 0.331578947368 0.0289922553577 0.360912280702 0.0194974114353 0.380280701754 0.0887306827685
470062316 0.325192982456 0.108956244133 0.295087719298 0.0436605137172 0.323649122807 0.0318891693064 0.348350877193 0.0993891631147
470062320 0.29501754386 0.123876300371 0.259929824561 0.0611435421274 0.287438596491 0.0471679343245 0.317403508772 0.11251815215
470062324 0.266175438596 0.141113722654 0.226245614035 0.0813311274188 0.252561403509 0.0652379407392 0.287578947368 0.128034680411
470062373 0.533964912281 0.389592409408 0.541754385965 0.360478795729 0.569543859649 0.372078009459
470062374 0.569543859649 0.372078009459 0.554315789474 0.398104003256 0.533964912281 0.389588281574
470062405 0.546105263158 0.349886773512 0.554175438596 0.319753584817 0.589824561404 0.3346426823
470062406 0.589754385965 0.334601403959 0.573964912281 0.361552032587 0.545964912281 0.349866134341
470062436 0.576561403509 0.32585452357 0.59150877193 0.28988044967 0.616842105263 0.30285010431 0.596280701754 0.335967717035
470062440 0.548421052632 0.316017894986 0.557543859649 0.278149145249 0.584561403509 0.286995093656 0.569473684211 0.322919633547
470062468 0.608771929825 0.282883770925 0.626385964912 0.246439123942 0.648210526316 0.258583211769 0.626526315789 0.292769933517
470062472 0.583789473684 0.272072973502 0.597192982456 0.233886380542 0.620280701754 0.243500106085 0.602526315789 0.279899346894
470062476 0.557754385965 0.264122765087 0.566807017544 0.224673054903 0.590807017544 0.231644966643 0.577263157895 0.26979853693
470062501 0.637824561404 0.24332260922 0.661403508772 0.197154023524 0.697263157895 0.219236697436
470062502 0.697333333333 0.219310998449 0.666736842105 0.261134213222 0.637894736842 0.243372143229
470062505 0.595929824561 0.224924852781 0.612 0.175636037312 0.650877192982 0.191827053659
470062506 0.65101754386 0.19188525612 0.627298245614 0.237985319771 0.596070175439 0.224962003287
470062509 0.551719298246 0.213300872046 0.559859649123 0.162109125073 0.600842105263 0.172010147867
470062510 0.60098245614 0.172048536724 0.584771929825 0.221292358801 0.551859649123 0.213321511217
470062532 0.657333333333 0.186133944913 0.685473684211 0.127869979831 0.717543859649 0.145712955372 0.682947368421 0.200371670179
470062536 0.621192982456 0.170495232764 0.642596491228 0.109446630821 0.67649122807 0.123578270751 0.648280701754 0.181771237087
470062540 0.58350877193 0.158998802103 0.597964912281 0.0959345787834 0.633263157895 0.106176147889 0.611719298246 0.16717108799
470062564 0.713614035088 0.128703802313 0.748771929825 0.0660255314793 0.775087719298 0.0822074665914 0.734947368421 0.141855081653
470062568 0.683789473684 0.113091921086 0.713964912281 0.0478436607614 0.741403508772 0.0619125576142 0.706105263158 0.124526021453
470062572 0.652842105263 0.0998642768159 0.677824561404 0.0324484908226 0.706315789474 0.0443172521174 0.676 0.109510199465
470062576 0.62098245614 0.0891046645351 0.640561403509 0.0199374385469 0.669894736842 0.0295325888372 0.644842105263 0.0969025558723
470062580 0.588421052632 0.080876652888 0.602456140351 0.0103856305143 0.63249122807 0.0176473162061 0.612771929825 0.0867786300379
470062629 0.602035087719 0.445912577428 0.628210526316 0.430903772758 0.639578947368 0.458746013544
470062630 0.639578947368 0.45874188571 0.610385964912 0.466345356063 0.602035087719 0.445908449594
470062661 0.638736842105 0.42642094496 0.665754385965 0.410875521861 0.680421052632 0.446610181385
470062662 0.680350877193 0.44652349687 0.650175438596 0.454420043441 0.638666666667 0.426350771781
470062692 0.677263157895 0.431006968609 0.713333333333 0.416159149468 0.721964912281 0.443221229616 0.684070175439 0.452108456363
470062696 0.664350877193 0.404122385327 0.697543859649 0.383821697382 0.710385964912 0.409187237728 0.674315789474 0.423902966179
470062724 0.730456140351 0.423382859086 0.768631578947 0.41008297772 0.77550877193 0.434115227662 0.736 0.442948792567
470062728 0.720421052632 0.398062724915 0.756912280702 0.380568964137 0.766385964912 0.403684834916 0.728140350877 0.41688152043
470062732 0.707578947368 0.374026347139 0.741894736842 0.352553354319 0.753964912281 0.374459769716 0.717403508772 0.391858590312
470062757 0.778947368421 0.415940374262 0.828280701754 0.399982167757 0.837964912281 0.440963304381
470062758 0.838035087719 0.441095395071 0.786807017544 0.448991941642 0.778947368421 0.416047697948
470062761 0.762385964912 0.37333699885 0.808561403509 0.349857878673 0.824631578947 0.38881224877
470062762 0.824631578947 0.388940211626 0.775298245614 0.404753943939 0.762385964912 0.373440194702
470062765 0.739298245614 0.333854265993 0.781263157895 0.303436256748 0.803228070175 0.33940207498
470062766 0.803298245614 0.339517654334 0.75698245614 0.36286468382 0.739368421053 0.333949206176
470062788 0.833192982456 0.389291077522 0.894245614035 0.368003837235 0.904350877193 0.40333396902 0.841192982456 0.417484184204
470062792 0.818666666667 0.352685445009 0.87698245614 0.324690474362 0.89101754386 0.358670804408 0.829824561404 0.379797059166
470062796 0.800210526316 0.31792908216 0.85501754386 0.283581374882 0.872701754386 0.31577848061 0.814315789474 0.343624849231
470062820 0.913543859649 0.388469638542 0.982807017544 0.36906469059 0.989894736842 0.399090555598 0.919368421053 0.412877521384
470062824 0.903578947368 0.356367472998 0.97101754386 0.33158808509 0.98049122807 0.360965880149 0.911228070175 0.380242865245
470062828 0.89101754386 0.325148663944 0.956350877193 0.295151693774 0.968140350877 0.323691538518 0.900561403509 0.34834296357
470062832 0.876140350877 0.295007219582 0.938877192982 0.259974291849 0.952842105263 0.287506945081 0.887438596491 0.317384208063
470062836 0.858877192982 0.266128892444 0.918666666667 0.226278782355 0.934736842105 0.252630875043 0.871929824561 0.287548223421
470062885 0.610385964912 0.533938638921 0.63950877193 0.541806290654 0.627859649123 0.569545335589
470062886 0.627859649123 0.569537079921 0.601894736842 0.554297116543 0.610385964912 0.533934511087
470062917 0.650105263158 0.546070343246 0.680210526316 0.554206304193 0.665333333333 0.589817128695
470062918 0.665333333333 0.589738699848 0.638385964912 0.573978629377 0.650105263158 0.545996042233
470062948 0.674105263158 0.576595676176 0.710105263158 0.591550819004 0.697122807018 0.616829674834 0.664 0.596310211684
470062952 0.684 0.548406697328 0.721824561404 0.557553977622 0.71298245614 0.584554140259 0.677052631579 0.569462778907
470062980 0.717122807018 0.608776270568 0.753543859649 0.626389738535 0.741403508772 0.648225980753 0.707228070175 0.626550724063
470062984 0.727929824561 0.583782235288 0.766105263158 0.59721007951 0.75649122807 0.620268160612 0.720070175439 0.602551496794
470062988 0.735859649123 0.557731474487 0.775298245614 0.566804453768 0.768350877193 0.590795425369 0.730175438596 0.577264385295
470063013 0.756631578947 0.6378114554 0.802807017544 0.661389643595 0.780771929825 0.697256393809
470063014 0.780631578947 0.697363717494 0.738877192982 0.666731060878 0.756631578947 0.637910523418
470063017 0.775087719298 0.595959345788 0.824350877193 0.612029003813 0.808140350877 0.650909072897
470063018 0.808070175439 0.651024652251 0.761964912281 0.627310245532 0.77501754386 0.596066669474
470063021 0.786666666667 0.551746115089 0.837894736842 0.559915098709 0.827929824561 0.600846701324
470063022 0.827929824561 0.60097466418 0.778666666667 0.584756404128 0.786666666667 0.551857566609
470063044 0.813824561404 0.65731547137 0.872140350877 0.685450788375 0.854245614035 0.717565337422 0.799578947368 0.682936937428
470063048 0.829473684211 0.621184539775 0.890526315789 0.642624509923 0.876421052632 0.676530538955 0.818245614035 0.648238364255
470063052 0.84098245614 0.583526309576 0.904070175439 0.598002623651 0.893824561404 0.633279093594 0.832842105263 0.611674010083
470063076 0.871298245614 0.71358610538 0.933964912281 0.748792402144 0.917754385965 0.775070193818 0.858105263158 0.734939391012
470063080 0.886877192982 0.683795526914 0.952140350877 0.713982377451 0.938105263158 0.741444857503 0.875438596491 0.706118853552
470063084 0.900140350877 0.652869794079 0.96750877193 0.677847318022 0.955649122807 0.706333500923 0.890456140351 0.676022815364
470063088 0.910877192982 0.621002915076 0.980070175439 0.640618382566 0.970456140351 0.669946643617 0.903087719298 0.644841156817
470063092 0.919157894737 0.588388898108 0.989614035088 0.602518474121 0.982315789474 0.632511316457 0.913192982456 0.612767886111
470063141 0.554035087719 0.602064412374 0.569052631579 0.628177090686 0.541263157895 0.639619446722
470063142 0.541263157895 0.639615318888 0.533614035088 0.610464554702 0.554035087719 0.60206028454
470063173 0.573543859649 0.638711323227 0.589122807018 0.665744508536 0.553403508772 0.680427214315
470063174 0.553473684211 0.680398319476 0.545543859649 0.650219724607 0.573614035088 0.63867417272
470063204 0.568912280702 0.677294188257 0.583859649123 0.713284773493 0.556771929825 0.722011014712 0.547859649123 0.684100986635
470063208 0.595859649123 0.664324533617 0.616140350877 0.697545342193 0.590807017544 0.710391161812 0.576070175439 0.674342786899
470063236 0.576561403509 0.730427668376 0.589894736842 0.768634900507 0.565894736842 0.775507744229 0.55698245614 0.736025011372
470063240 0.601894736842 0.72040528726 0.619438596491 0.756882956916 0.596280701754 0.766397614442 0.583087719298 0.728153231805
470063244 0.625894736842 0.70760900165 0.647438596491 0.74189891925 0.625543859649 0.753935683392 0.608070175439 0.717412607561
470063269 0.584 0.778933846506 0.6 0.828232568776 0.55901754386 0.838011407682
470063270 0.558877192982 0.838032046853 0.550947368421 0.786813881741 0.583859649123 0.778966869178
470063273 0.626596491228 0.76235646489 0.650105263158 0.808551055941 0.611157894737 0.824608330464
470063274 0.611087719298 0.824649608805 0.595228070175 0.775301352526 0.626526315789 0.762405998899
470063277 0.666105263158 0.739319022958 0.696561403509 0.781270200588 0.660561403509 0.803213766492
470063278 0.66049122807 0.803275684003 0.637122807018 0.757010919772 0.666035087719 0.739385068303
470063300 0.610666666667 0.833165330487 0.632 0.894240763352 0.596701754386 0.904349828984 0.582456140351 0.841231118255
470063304 0.647228070175 0.818680760743 0.675298245614 0.876986416949 0.641333333333 0.890983902273 0.620140350877 0.829846551896
470063308 0.682035087719 0.800183936286 0.716421052632 0.854989189203 0.684210526316 0.872697597353 0.656350877193 0.8143135123
470063332 0.611438596491 0.913567282457 0.630947368421 0.982766292767 0.600912280702 0.989919829207 0.587087719298 0.919379272824
470063336 0.643578947368 0.903544901341 0.668421052632 0.971006093509 0.63901754386 0.980491856196 0.619719298246 0.911251567545
470063340 0.674807017544 0.891033436282 0.704842105263 0.9563440269 0.676280701754 0.968100098325 0.651578947368 0.900589372148
470063344 0.70498245614 0.876111316127 0.74 0.938866777458 0.71249122807 0.952822984441 0.682596491228 0.887454604145
470063348 0.733824561404 0.858869353226 0.773684210526 0.918681668867 0.747368421053 0.934755454726 0.712421052632 0.87193394805
470065445 0.495719298246 0.615397316413 0.495789473684 0.645542888609 0.465964912281 0.641592551406
470065446 0.465964912281 0.641592551406 0.473824561404 0.612499576897 0.495719298246 0.615397316413
470065449 0.525754385965 0.612578005744 0.533543859649 0.641691619424 0.503719298246 0.645567655613
470065450 0.503719298246 0.645567655613 0.503859649123 0.615422083417 0.525754385965 0.61257387791
470065477 0.494315789474 0.656882048793 0.494315789474 0.688088474344 0.456 0.682990599271
470065478 0.456140350877 0.683011238441 0.464280701754 0.652894561083 0.494385964912 0.656882048793
470065481 0.535087719298 0.653018396105 0.543157894737 0.683159840467 0.504912280702 0.688121497017
470065482 0.50498245614 0.688117369183 0.505052631579 0.656910943631 0.535157894737 0.653001884769
470065508 0.480912280702 0.689264907054 0.477894736842 0.728099569962 0.449824561404 0.723624997833 0.45901754386 0.685776887266
470065512 0.510736842105 0.68992123267 0.513824561404 0.728751767745 0.485403508772 0.728714617238 0.488561403509 0.689892337832
470065516 0.540350877193 0.685900722288 0.549403508772 0.723777727693 0.521333333333 0.728173870975 0.518456140351 0.689330952399
470065540 0.46898245614 0.740829810227 0.464421052632 0.781051425382 0.439789473684 0.776836906799 0.448912280702 0.737399580117
470065544 0.496140350877 0.742790531409 0.496140350877 0.783259816609 0.471157894737 0.781827458187 0.475859649123 0.741622354368
470065548 0.523368421053 0.741696655381 0.527859649123 0.781914142703 0.502947368421 0.783276327945 0.50301754386 0.742807042745
470065552 0.550245614035 0.737560565645 0.559228070175 0.777018531498 0.534596491228 0.781162876902 0.530175438596 0.740933006079
470065573 0.493684210526 0.79124717553 0.493684210526 0.843080387917 0.451719298246 0.839736842323
470065574 0.451578947368 0.839716203152 0.459789473684 0.788543444215 0.493543859649 0.791243047695
470065577 0.539298245614 0.788650767901 0.547438596491 0.839848293842 0.505403508772 0.843101027088
470065578 0.505333333333 0.843105154922 0.505473684211 0.791271942534 0.539228070175 0.788667279237
470065604 0.455087719298 0.848182390825 0.447859649123 0.912473406429 0.411649122807 0.906273399659 0.426175438596 0.843237245612
470065608 0.494385964912 0.851018212829 0.494385964912 0.915717884006 0.457684210526 0.913604432964 0.465122807018 0.84933405653
470065612 0.533754385965 0.849441380216 0.54098245614 0.91373239582 0.504280701754 0.915738523177 0.504421052632 0.851038852
470065616 0.572631578947 0.843464276486 0.58701754386 0.906545836708 0.550807017544 0.912638519792 0.543719298246 0.848330992851
470065636 0.444701754386 0.924749584946 0.436210526316 0.996132219479 0.405754385965 0.991265503113 0.419929824561 0.920790992075
470065640 0.478175438596 0.927779415152 0.475368421053 0.999607855764 0.444561403509 0.997143538825 0.453192982456 0.925777415629
470065644 0.511859649123 0.928171559388 0.514596491228 1.0 0.483719298246 0.999954593825 0.486736842105 0.928130281048
470065648 0.545403508772 0.925921889822 0.553824561404 0.997312780022 0.52301754386 0.999686284611 0.520350877193 0.927849588331
470065652 0.578666666667 0.921046917788 0.592631578947 0.991558579332 0.562175438596 0.996338611182 0.553894736842 0.924927081811
470065701 0.415368421053 0.578552269524 0.394105263158 0.599938577829 0.375789473684 0.576096208254
470065702 0.375789473684 0.576100336088 0.401894736842 0.561054380912 0.415368421053 0.578556397359
470065705 0.438596491228 0.597783848446 0.423578947368 0.623933677264 0.399719298246 0.605634988842
470065706 0.399719298246 0.605639116677 0.421052631579 0.584356004224 0.438596491228 0.59778797628
470065733 0.38498245614 0.606873339063 0.36301754386 0.628986146163 0.33950877193 0.598353489547
470065734 0.33950877193 0.598431918394 0.366596491228 0.582869983959 0.385052631579 0.606927000906
470065737 0.416631578947 0.632994273043 0.401052631579 0.660048097523 0.370385964912 0.636527699005
470065738 0.370456140351 0.63659374435 0.392561403509 0.614571749599 0.416631578947 0.633035551384
470065764 0.352631578947 0.620313566787 0.323087719298 0.645670851465 0.306385964912 0.622678815708 0.339649122807 0.602382255597
470065768 0.373263157895 0.641881499791 0.348070175439 0.671544115401 0.327929824561 0.65144981916 0.357614035088 0.626208113836
470065772 0.397052631579 0.659957285173 0.376771929825 0.693202860754 0.353754385965 0.676489260614 0.379087719298 0.646925713021
470065796 0.307719298246 0.648345687941 0.276140350877 0.673612160269 0.261684210526 0.653228915643 0.296 0.631751794989
470065800 0.325543859649 0.66893532427 0.29698245614 0.6975824927 0.280350877193 0.678945321884 0.312 0.653761406237
470065804 0.345614035088 0.687403253889 0.320350877193 0.719067869022 0.301754385965 0.702407930725 0.330456140351 0.673839191143
470065808 0.36750877193 0.703510062421 0.346035087719 0.737795852187 0.325684210526 0.723323665946 0.350947368421 0.691729223992
470065829 0.289543859649 0.701462656724 0.25298245614 0.738159101585 0.225614035088 0.706122981386
470065830 0.225543859649 0.706019785534 0.26750877193 0.675626543294 0.289473684211 0.701380100042
470065833 0.323649122807 0.731901305139 0.293263157895 0.773864866271 0.261192982456 0.746501454236
470065834 0.261122807018 0.746410641886 0.297824561404 0.709829776379 0.323578947368 0.731831131959
470065860 0.222035087719 0.7144488227 0.17150877193 0.754819039882 0.150245614035 0.724842708883 0.205122807018 0.690528024278
470065864 0.247789473684 0.744218761997 0.202105263158 0.789996441807 0.177614035088 0.762583495764 0.228280701754 0.722345369272
470065868 0.276701754386 0.77092172058 0.236421052632 0.821524838416 0.209052631579 0.79702201539 0.254877192982 0.751372298436
470065872 0.30849122807 0.794215088224 0.274105263158 0.849012085473 0.244140350877 0.827724845186 0.284561403509 0.777229051036
470065892 0.160561403509 0.761233694023 0.104070175439 0.805744128775 0.0859649122807 0.780762476998 0.145824561404 0.740928878245
470065896 0.182105263158 0.787061551785 0.129263157895 0.835860806133 0.109263157895 0.812377558122 0.165824561404 0.767974447056
470065900 0.205614035088 0.811118568731 0.156771929825 0.863909438623 0.134947368421 0.842064940737 0.187859649123 0.793364754406
470065904 0.230877192982 0.83326027067 0.186385964912 0.88971252938 0.162947368421 0.869647127977 0.211859649123 0.816951198269
470065908 0.257894736842 0.85334218341 0.217964912281 0.91311322071 0.19298245614 0.894946622978 0.237614035088 0.838581048784
470065957 0.384631578947 0.49571076762 0.354456140351 0.49582221914 0.358315789474 0.465994490167
470065958 0.358315789474 0.465998618001 0.387438596491 0.473820863559 0.384631578947 0.495714895454
470065961 0.387438596491 0.525715993458 0.358315789474 0.533629051366 0.354385964912 0.503813705895
470065962 0.354385964912 0.503817833729 0.38449122807 0.503834345065 0.387438596491 0.525720121292
470065989 0.343087719298 0.494278409199 0.311929824561 0.494352710212 0.316912280702 0.456071177068
470065990 0.316912280702 0.456157861584 0.347087719298 0.464277311195 0.343087719298 0.494356838046
470065993 0.34701754386 0.535069665456 0.316842105263 0.543222137739 0.311789473684 0.504940604596
470065994 0.311789473684 0.505031416945 0.34301754386 0.505072695286 0.34701754386 0.535143966469
470066020 0.310736842105 0.48090422682 0.271859649123 0.477932186291 0.276350877193 0.449862914631 0.314175438596 0.459010194925
470066024 0.310105263158 0.510740211461 0.271228070175 0.51388562102 0.271228070175 0.485465483464 0.310035087719 0.488577870351
470066028 0.314105263158 0.540316142556 0.276210526316 0.549492317688 0.271789473684 0.521427173862 0.310596491228 0.518426238495
470066052 0.259157894737 0.468974786364 0.218947368421 0.464491958566 0.223157894737 0.439857044851 0.262596491228 0.448921768463
470066056 0.257192982456 0.496131806695 0.216701754386 0.496185468538 0.218105263158 0.471232711599 0.258315789474 0.475822863082
470066060 0.258315789474 0.523338361035 0.218105263158 0.52792025685 0.216701754386 0.502971627745 0.257122807018 0.503029417422
470066064 0.262456140351 0.550247711322 0.222947368421 0.559308307101 0.218807017544 0.534673393385 0.25901754386 0.530194693422
470066085 0.208771929825 0.493675745425 0.156912280702 0.493745918604 0.160210526316 0.451753462634
470066086 0.160210526316 0.451621371943 0.211438596491 0.459810994734 0.208771929825 0.493564293905
470066089 0.211368421053 0.539308951043 0.160140350877 0.547490318165 0.156842105263 0.505497862195
470066090 0.156842105263 0.505365771505 0.208701754386 0.505448328186 0.211298245614 0.539197499523
470066116 0.151789473684 0.455109391731 0.0875087719298 0.447910449117 0.0936842105263 0.411696960841 0.156701754386 0.426210425423
470066120 0.14898245614 0.494369221548 0.0842807017544 0.494422883391 0.0863157894737 0.457738822032 0.150596491228 0.465102878008
470066124 0.150526315789 0.533707480213 0.0862456140351 0.541001363011 0.0842105263158 0.504317301651 0.148912280702 0.504437008839
470066128 0.15649122807 0.572616444135 0.0934736842105 0.587063863372 0.087298245614 0.550842119428 0.151649122807 0.543713349993
470066148 0.0752280701754 0.444703122046 0.00385964912281 0.436269957046 0.00870175438596 0.40579003029 0.0791578947368 0.419931989806
470066152 0.0722105263158 0.478196367671 0.000350877192982 0.475393568339 0.00280701754386 0.444628821033 0.0741754385965 0.453194076723
470066156 0.0717894736842 0.51182583182 0.0 0.514665781659 0.0 0.483801966335 0.0718596491228 0.486745112025
470066160 0.0740350877193 0.545380994957 0.00266666666667 0.553851310463 0.000280701754386 0.523082435323 0.0721403508772 0.520374576175
470066164 0.0789473684211 0.57865959321 0.00842105263158 0.592698356874 0.00364912280702 0.562214302285 0.0750175438596 0.553880205302
470066213 0.421403508772 0.415391372331 0.400070175439 0.394120643381 0.423929824561 0.375809571457
470066214 0.423929824561 0.375813699291 0.438947368421 0.401951144607 0.421403508772 0.415395500166
470066217 0.402175438596 0.438606311128 0.376070175439 0.42360988996 0.394315789474 0.399734497713
470066218 0.394315789474 0.399738625547 0.415649122807 0.421083655511 0.402175438596 0.438610438962
470066245 0.393052631579 0.385039408432 0.37101754386 0.36299677451 0.401614035088 0.339517654334
470066246 0.401543859649 0.339567188342 0.417122807018 0.366633396324 0.393052631579 0.385088942441
470066249 0.366947368421 0.416621466884 0.339929824561 0.401063660283 0.363438596491 0.370439259334
470066250 0.363368421053 0.37050530468 0.385403508772 0.39261811178 0.366947368421 0.416687512229
470066276 0.379649122807 0.352689572843 0.354315789474 0.323101258246 0.377333333333 0.306412425111 0.397614035088 0.339674512028
470066280 0.358105263158 0.373324615348 0.328421052632 0.348070526522 0.348561403509 0.327984485948 0.373754385965 0.357659485061
470066284 0.34 0.397080300407 0.306736842105 0.376783740296 0.32350877193 0.353795832374 0.353052631579 0.379148989217
470066308 0.351578947368 0.307786993855 0.326385964912 0.276155401395 0.346736842105 0.261712109992 0.368210526316 0.296026794597
470066312 0.33101754386 0.325602725691 0.302385964912 0.297005091271 0.321052631579 0.280365792144 0.346175438596 0.312059302115
470066316 0.312561403509 0.345614465251 0.280912280702 0.3204057826 0.297543859649 0.301785123121 0.326105263158 0.330457058555
470066320 0.29649122807 0.367566286823 0.262175438596 0.346068526999 0.276631578947 0.325693538041 0.308210526316 0.350984777374
470066341 0.298526315789 0.289603884787 0.261824561404 0.252977613105 0.293824561404 0.225638968075
470066342 0.293964912281 0.225560539227 0.324350877193 0.267557123032 0.298596491228 0.28952545594
470066345 0.268070175439 0.323708049854 0.226105263158 0.293281784941 0.253473684211 0.261258048244
470066346 0.253543859649 0.261167235895 0.290175438596 0.297888447761 0.268140350877 0.323617237505
470066372 0.285473684211 0.22207251944 0.245122807018 0.17149912201 0.275157894737 0.150271735317 0.309403508772 0.20513353956
470066376 0.255719298246 0.247830204022 0.209964912281 0.202097517603 0.237403508772 0.177643403019 0.277614035088 0.228317932384
470066380 0.229052631579 0.276762193003 0.178456140351 0.236445637664 0.202947368421 0.209071906044 0.248631578947 0.254917695117
470066384 0.205754385965 0.308496981315 0.150947368421 0.274103867863 0.172210526316 0.244156431702 0.222736842105 0.284600949897
470066404 0.238736842105 0.160575634716 0.194245614035 0.104113056422 0.219228070175 0.086001358883 0.25901754386 0.145855778431
470066408 0.212912280702 0.182118800716 0.164140350877 0.129324215773 0.187578947368 0.109306284462 0.232 0.165849768305
470066412 0.188842105263 0.20562062398 0.136070175439 0.156819305715 0.157894736842 0.135018975653 0.206596491228 0.187903134595
470066416 0.166736842105 0.230939107017 0.110245614035 0.186431974533 0.130315789474 0.162983400328 0.18301754386 0.211880897127
470066420 0.146596491228 0.25791450265 0.0868771929825 0.217977708045 0.10498245614 0.193024951106 0.161403508772 0.237634453875
470066469 0.504210526316 0.384585346684 0.504210526316 0.354439774488 0.534035087719 0.358435517866
470066470 0.534035087719 0.358435517866 0.526105263158 0.387516108872 0.504210526316 0.384585346684
470066473 0.474175438596 0.387429424357 0.466385964912 0.358315810678 0.496210526316 0.354435646654
470066474 0.496210526316 0.354435646654 0.496070175439 0.38458121885 0.474175438596 0.387429424357
470066501 0.505684210526 0.343092358636 0.505684210526 0.311885933085 0.543929824561 0.317025086499
470066502 0.543859649123 0.317004447328 0.535649122807 0.347116996852 0.505614035088 0.343088230802
470066505 0.464842105263 0.346976650494 0.456771929825 0.316835206132 0.495087719298 0.311873549582
470066506 0.494947368421 0.311873549582 0.494877192982 0.343084102968 0.464771929825 0.34699316183
470066532 0.51901754386 0.310726011711 0.522105263158 0.271895476637 0.550175438596 0.276398943605 0.540912280702 0.314238798503
470066536 0.489192982456 0.310077941763 0.486105263158 0.271243278854 0.514526315789 0.271296940697 0.511368421053 0.310119220104
470066540 0.459649122807 0.314106707813 0.450526315789 0.276233830242 0.478596491228 0.271829431292 0.481543859649 0.310672349869
470066564 0.530947368421 0.259156980704 0.53550877193 0.218943621217 0.560140350877 0.22317877897 0.55101754386 0.262603722151
470066568 0.503789473684 0.25720451519 0.503859649123 0.216731102156 0.528771929825 0.21817584408 0.524140350877 0.258380947899
470066572 0.476631578947 0.258302519052 0.472070175439 0.218085031731 0.497052631579 0.216722846488 0.496912280702 0.257196259522
470066576 0.449684210526 0.262438608788 0.440701754386 0.222980642935 0.465333333333 0.218832169697 0.469754385965 0.25906204052
470066597 0.506245614035 0.208745394369 0.506245614035 0.156910943631 0.548280701754 0.160277192313
470066598 0.548421052632 0.160295767567 0.540140350877 0.21146811372 0.506385964912 0.208747458286
470066601 0.460631578947 0.211352534366 0.45249122807 0.160155421208 0.494526315789 0.156902687963
470066602 0.494666666667 0.156901036829 0.494526315789 0.208735074784 0.460771929825 0.21133602303
470066628 0.544842105263 0.151803574539 0.552140350877 0.0875179251194 0.588350877193 0.0937406349765 0.573754385965 0.156768946139
470066632 0.505543859649 0.148973118719 0.505614035088 0.0842763370261 0.542245614035 0.0864017587875 0.534807017544 0.150668832954
470066636 0.466245614035 0.150556968651 0.45901754386 0.0862643019131 0.495719298246 0.0842651918741 0.49550877193 0.148961560784
470066640 0.427298245614 0.156532834031 0.412912280702 0.0934545760756 0.449192982456 0.087356114024 0.456210526316 0.151666530448
470066660 0.555228070175 0.0752458744362 0.563719298246 0.00386571660438 0.594245614035 0.00874935708984 0.58 0.0792151996757
470066664 0.521754385965 0.0722209976314 0.524631578947 0.000392969803243 0.555368421053 0.00286884467703 0.546736842105 0.0742333167394
470066668 0.488140350877 0.0718325684457 0.485333333333 0.0 0.516210526316 5.24234926595e-05 0.513192982456 0.0718750851366
470066672 0.454526315789 0.0740843019296 0.446175438596 0.00269093502872 0.476912280702 0.000319494356838 0.479578947368 0.0721570162034
470066676 0.421263157895 0.0789605123137 0.407298245614 0.00844719963609 0.437824561404 0.00366675500232 0.446035087719 0.0750753948892
470066725 0.584561403509 0.421347836891 0.605964912281 0.400081235774 0.624140350877 0.424022673367
470066726 0.624140350877 0.424018545533 0.597964912281 0.438920026517 0.584561403509 0.421343709057
470066729 0.561333333333 0.402141024974 0.57649122807 0.376061369335 0.600280701754 0.394463253608
470066730 0.600280701754 0.394459125774 0.578807017544 0.415647298044 0.561333333333 0.40213689714
470066757 0.614947368421 0.393030895187 0.637052631579 0.371008900436 0.660421052632 0.40174062507
470066758 0.660421052632 0.401662196222 0.633263157895 0.417108551304 0.614877192982 0.392977233344
470066761 0.583368421053 0.366930600377 0.59901754386 0.339926309906 0.629543859649 0.363549904276
470066762 0.629473684211 0.36348385893 0.607298245614 0.385435680502 0.583298245614 0.366889322036
470066788 0.647298245614 0.379607178799 0.67698245614 0.354353089973 0.693614035088 0.377398787573 0.660280701754 0.397579768329
470066792 0.626666666667 0.358047501463 0.652 0.328459186866 0.672 0.348619528453 0.642245614035 0.373766293593
470066796 0.602877192982 0.339984099583 0.623298245614 0.306792185845 0.646245614035 0.323567703496 0.620771929825 0.353065205744
470066820 0.692210526316 0.351583313313 0.723859649123 0.326399397666 0.738315789474 0.346823920633 0.703929824561 0.368210228938
470066824 0.674385964912 0.330997804818 0.70301754386 0.302424937401 0.719649122807 0.321103386558 0.687859649123 0.346204745523
470066828 0.654385964912 0.312538130867 0.679649122807 0.280931305411 0.698245614035 0.297632522049 0.669473684211 0.326135216286
470066832 0.632421052632 0.296435450169 0.653964912281 0.262195066578 0.674315789474 0.27670853116 0.64898245614 0.308249311271
470066853 0.710385964912 0.298474600199 0.747087719298 0.261856584184 0.774315789474 0.29395049406
470066854 0.774456140351 0.294057817746 0.732350877193 0.324356119803 0.710456140351 0.298553029046
470066857 0.676280701754 0.268044207452 0.706736842105 0.226138435997 0.738736842105 0.253563765542
470066858 0.738807017544 0.253654577892 0.702035087719 0.290169398054 0.676350877193 0.268114380631
470066884 0.777894736842 0.28547605072 0.828561403509 0.245200773721 0.849754385965 0.275218383061 0.794807017544 0.30942574398
470066888 0.752140350877 0.255706111423 0.797964912281 0.210014290562 0.822385964912 0.237469340512 0.771649122807 0.277616654655
470066892 0.723228070175 0.229015536342 0.763578947368 0.178476812718 0.790947368421 0.203023803568 0.745052631579 0.248602108993
470066896 0.691438596491 0.205727534882 0.725964912281 0.15098213556 0.755859649123 0.172311479754 0.715368421053 0.222745356393
470066916 0.839438596491 0.238703562899 0.895929824561 0.194281051013 0.914035087719 0.219290359278 0.854105263158 0.259033145682
470066920 0.817894736842 0.212879832971 0.870736842105 0.164158594687 0.890736842105 0.18767362702 0.834105263158 0.231991704705
470066924 0.794385964912 0.188826943859 0.843228070175 0.13610542158 0.86498245614 0.157978814304 0.812070175439 0.206603461271
470066928 0.769052631579 0.166692672021 0.813614035088 0.110297377422 0.837052631579 0.130394150364 0.788070175439 0.183025273077
470066932 0.742035087719 0.146611997632 0.782035087719 0.086891319908 0.80701754386 0.105086812478 0.762315789474 0.16139996318
470066981 0.615438596491 0.504205850132 0.645543859649 0.504284278979 0.641473684211 0.534087240947
470066982 0.641473684211 0.534083113113 0.612421052632 0.526079242856 0.615438596491 0.504201722297
470066985 0.612561403509 0.474184112957 0.641754385965 0.466460935417 0.645473684211 0.496301047892
470066986 0.645473684211 0.496292792224 0.615368421053 0.496082272686 0.612561403509 0.474179985123
470067013 0.656912280702 0.505650592055 0.688140350877 0.505720765234 0.682947368421 0.543981659208
470067014 0.682947368421 0.543894974692 0.652842105263 0.535635178723 0.656912280702 0.505576291042
470067017 0.653052631579 0.464838696628 0.683228070175 0.456834826371 0.688070175439 0.495136998685
470067018 0.688070175439 0.495046186335 0.656842105263 0.494856305968 0.65298245614 0.464768523449
470067044 0.689263157895 0.519033030103 0.728140350877 0.522153672658 0.723578947368 0.550206432982 0.685754385965 0.540910550661
470067048 0.689964912281 0.489184661959 0.728771929825 0.486196110094 0.728701754386 0.514612119816 0.689824561404 0.511347003069
470067052 0.685894736842 0.459600475196 0.723789473684 0.450577029924 0.728140350877 0.478662812921 0.689263157895 0.481506890593
470067076 0.740842105263 0.530966598392 0.781052631579 0.535569133378 0.776771929825 0.560191663591 0.737403508772 0.551011360625
470067080 0.742807017544 0.503801322393 0.783298245614 0.503875623406 0.781824561404 0.528820124677 0.741614035088 0.524110266006
470067084 0.741684210526 0.476590640219 0.781964912281 0.47213670726 0.783228070175 0.497089464199 0.742807017544 0.4969078395
470067088 0.737543859649 0.449677162098 0.777052631579 0.440740401341 0.781122807018 0.465391826393 0.740912280702 0.469742563501
470067109 0.791228070175 0.506265639331 0.843087719298 0.506327556842 0.839719298246 0.548311757145
470067110 0.839649122807 0.548443847835 0.78849122807 0.540122134354 0.791228070175 0.506377090851
470067113 0.788631578947 0.460620050211 0.839859649123 0.452579029447 0.843087719298 0.494575613252
470067114 0.843087719298 0.494707703942 0.791228070175 0.49449305657 0.788701754386 0.460731501731
470067140 0.848210526316 0.544827865192 0.91249122807 0.552158898496 0.906245614035 0.588360003269 0.843228070175 0.573714447997
470067144 0.85101754386 0.505555651872 0.915719298246 0.505646464221 0.913543859649 0.542322269912 0.849333333333 0.534821995411
470067148 0.849473684211 0.466217393207 0.913754385965 0.459063856767 0.915719298246 0.495747918127 0.85101754386 0.495491992415
470067152 0.843438596491 0.427304301451 0.906596491228 0.412993100738 0.912631578947 0.449227228184 0.848280701754 0.456215651261
470067172 0.924771929825 0.555242390544 0.996140350877 0.563799390567 0.991228070175 0.59426693382 0.920771929825 0.580005267116
470067176 0.927789473684 0.521745017085 0.999649122807 0.524675779273 0.997122807018 0.555436398745 0.925754385965 0.546743180199
470067180 0.928210526316 0.488111425102 1.0 0.485399438119 0.999929824561 0.516263253443 0.928140350877 0.513192144897
470067184 0.925894736842 0.454552134131 0.997333333333 0.446213909315 0.999649122807 0.476986912289 0.927859649123 0.479562680748
470067188 0.921052631579 0.421273535878 0.991578947368 0.407358607236 0.996350877193 0.437855045328 0.924912280702 0.44605705162
470067237 0.578596491228 0.584607802102 0.599929824561 0.605948704232 0.576 0.624181347309
470067238 0.576 0.624177219474 0.561052631579 0.597990240149 0.578596491228 0.584603674268
470067241 0.597824561404 0.561372224135 0.623929824561 0.576492480325 0.605543859649 0.600285315891
470067242 0.605543859649 0.600277060223 0.584350877193 0.578832962241 0.597824561404 0.561368096301
470067269 0.606947368421 0.614959766001 0.62898245614 0.637056061766 0.598245614035 0.660456753095
470067270 0.598315789474 0.660411346921 0.582877192982 0.633307988432 0.60701754386 0.614910231993
470067273 0.633052631579 0.583361196213 0.660070175439 0.599013942998 0.636421052632 0.629555787265
470067274 0.63649122807 0.62948974192 0.614526315789 0.607302633806 0.633122807018 0.583299278702
470067300 0.620350877193 0.647317857258 0.645614035088 0.676955705864 0.622596491228 0.693603260659 0.602385964912 0.660299895401
470067304 0.641894736842 0.626670431251 0.67150877193 0.651998821091 0.651368421053 0.672039455489 0.626245614035 0.642298411032
470067308 0.66 0.602906490524 0.693192982456 0.623297990818 0.676421052632 0.646240492566 0.646947368421 0.620796523373
470067332 0.648350877193 0.692216308412 0.673614035088 0.723885051379 0.653192982456 0.738295320109 0.631789473684 0.703947612832
470067336 0.66898245614 0.674388193074 0.697543859649 0.703043617171 0.678877192982 0.719645765792 0.653754385965 0.687906849645
470067340 0.687438596491 0.65437232568 0.71901754386 0.679647053676 0.702385964912 0.698234690483 0.673824561404 0.669504965372
470067344 0.703578947368 0.632412248439 0.737754385965 0.653992564945 0.723298245614 0.674334531231 0.691719298246 0.648968990885
470067365 0.701473684211 0.710395289646 0.738105263158 0.747071095337 0.706035087719 0.774364334193
470067366 0.705964912281 0.77444276304 0.675649122807 0.732400773061 0.701403508772 0.710473718493
470067369 0.731929824561 0.676278741077 0.773824561404 0.706783434837 0.746456140351 0.738753509691
470067370 0.746315789474 0.738848449874 0.709824561404 0.702057064829 0.731859649123 0.676369553426
470067396 0.714526315789 0.777926654993 0.754807017544 0.828542156331 0.724771929825 0.849738584268 0.690526315789 0.794842519002
470067400 0.744280701754 0.752160714743 0.789964912281 0.797950778055 0.762526315789 0.8223710444 0.722385964912 0.771648219376
470067404 0.770947368421 0.723224597928 0.821543859649 0.763615454281 0.79698245614 0.790949971477 0.751368421053 0.745040200976
470067408 0.794245614035 0.691477426114 0.84898245614 0.725961351915 0.827649122807 0.75587163757 0.777263157895 0.715348690527
470067428 0.761263157895 0.839427254767 0.805684210526 0.895929047486 0.780701754386 0.91401721637 0.740912280702 0.854130599717
470067432 0.787087719298 0.817879960934 0.835859649123 0.870724492669 0.812350877193 0.890719720892 0.768 0.834131243659
470067436 0.811157894737 0.794371945919 0.863859649123 0.843233117778 0.842035087719 0.865007442485 0.793403508772 0.812072098401
470067440 0.833263157895 0.769051811748 0.889684210526 0.813628291844 0.869614035088 0.837049622344 0.81698245614 0.788089382468
470067444 0.853403508772 0.742068160447 0.913122807018 0.782087511733 0.894877192982 0.807011373834 0.838596491228 0.762327570051
