# Xscale/Yscale
# 242.25/142.51
470307109 0.610567595459 0.466353238369 0.639711042312 0.458564311276 0.628194014448 0.430776787594
470307110 0.628194014448 0.430776787594 0.602105263158 0.445933618693 0.610567595459 0.466353238369
470307141 0.650237358101 0.45442425093 0.680412796698 0.446424812294 0.665634674923 0.41070802049
470307142 0.665593395253 0.410637849975 0.638596491228 0.42635604519 0.650196078431 0.454354080415
470307172 0.684127966976 0.451898112413 0.722022703818 0.442916286576 0.713230134159 0.415900638552 0.677275541796 0.430846958108
470307176 0.674303405573 0.423759736159 0.710340557276 0.408883587117 0.69742002064 0.383552031436 0.664231166151 0.403971651112
470307204 0.736016511868 0.442635604519 0.775479876161 0.433653778682 0.768544891641 0.409655462775 0.73036119711 0.423058031015
470307208 0.728090815273 0.416602343695 0.766315789474 0.403269945969 0.756738906089 0.380183846748 0.720330237358 0.397796645849
470307212 0.717316821465 0.391551470072 0.753808049536 0.374008841485 0.741713106295 0.352185811522 0.707450980392 0.373798329942
470307237 0.786666666667 0.448529927724 0.837894736842 0.440460318574 0.828028895769 0.399480738194
470307238 0.828070175439 0.399621079223 0.778782249742 0.415690127009 0.786707946336 0.448600098239
470307241 0.775108359133 0.40425233317 0.824437564499 0.388253455898 0.808255933953 0.349378990948
470307242 0.808338493292 0.349449161462 0.762187822497 0.373096624798 0.775149638803 0.404392674198
470307245 0.756738906089 0.362430706617 0.802930856553 0.33892358431 0.7808875129 0.302996280963
470307246 0.780970072239 0.303136621991 0.73907120743 0.333660795734 0.756821465428 0.362500877131
470307268 0.840990712074 0.416953196267 0.904107327141 0.40263841134 0.89391124871 0.367342642622 0.832858617131 0.388814820013
470307272 0.82955624355 0.379341800575 0.890650154799 0.358009964213 0.87657378741 0.324117605782 0.818328173375 0.352255982036
470307276 0.81395252838 0.343133815171 0.872239422085 0.315065609431 0.854447884417 0.282927513859 0.799711042312 0.317451406919
470307300 0.919256965944 0.412111430777 0.989762641899 0.398147498421 0.98253869969 0.368114518279 0.913395252838 0.387762262297
470307304 0.911083591331 0.379482141604 0.980268317853 0.360044909129 0.970691434469 0.330713634131 0.903323013416 0.355694337239
470307308 0.900350877193 0.347624728089 0.967801857585 0.322784366009 0.955954592363 0.294295137183 0.890732714138 0.324468458354
470307312 0.887141382869 0.316679531261 0.952445820433 0.286646551119 0.938410732714 0.259139709494 0.875748194014 0.294365307698
470307316 0.871578947368 0.286927233177 0.934324045408 0.251771805487 0.91818369453 0.225457862606 0.858452012384 0.2655252263
470307365 0.554427244582 0.398077327907 0.569494324045 0.371973896569 0.541713106295 0.360465932215
470307366 0.541713106295 0.360465932215 0.53399380805 0.389656866185 0.554427244582 0.398077327907
470307397 0.574076367389 0.361588660445 0.589721362229 0.33457301242 0.554014447884 0.319837204407
470307398 0.553931888545 0.319767033892 0.545964912281 0.349940355063 0.57399380805 0.361518489931
470307428 0.596202270382 0.335906252193 0.616594427245 0.302715598905 0.59124871001 0.289804224265 0.576470588235 0.325871868641
470307432 0.569329205366 0.322924707038 0.58427244582 0.286927233177 0.557234262126 0.278155918883 0.548276573787 0.316047996632
470307460 0.626336429309 0.292611044839 0.647884416925 0.258367833836 0.62600619195 0.246298505368 0.608503611971 0.28278717283
470307464 0.602311661507 0.279769840713 0.619855521156 0.243351343765 0.596738906089 0.233808153814 0.583488132095 0.272051084134
470307468 0.577007223942 0.269735457161 0.590340557276 0.231562697355 0.566315789474 0.224685986948 0.557440660475 0.264121816013
470307493 0.666377708978 0.260753631324 0.696842105263 0.218791663743 0.6608875129 0.196898463266
470307494 0.661011351909 0.19696863378 0.637564499484 0.243211002737 0.666460268318 0.260823801838
470307497 0.626873065015 0.237667532103 0.65040247678 0.191495333661 0.611475748194 0.175426285875
470307498 0.611599587203 0.175496456389 0.595706914345 0.224826327977 0.626996904025 0.237737702617
470307501 0.58427244582 0.221037120202 0.600247678019 0.171707248614 0.559256965944 0.161953547119
470307502 0.559380804954 0.162023717634 0.551455108359 0.213178022595 0.58435500516 0.221037120202
470307524 0.682518059856 0.200056136411 0.716945304438 0.145252964704 0.684788441692 0.127569995088 0.656842105263 0.185881692513
470307528 0.647843137255 0.181531120623 0.675913312693 0.123219423198 0.641940144479 0.109255490843 0.620722394221 0.170374008841
470307532 0.611228070175 0.167005824153 0.632610939112 0.105957476668 0.597316821465 0.0957827520876 0.583075335397 0.158936215002
470307556 0.734365325077 0.141604097958 0.774324045408 0.0818188197319 0.747987616099 0.0657497719458 0.71298245614 0.128482211775
470307560 0.705510835913 0.124342151428 0.740639834881 0.0616097115992 0.71310629515 0.0475756087292 0.683137254902 0.112974528103
470307564 0.675335397317 0.109325661357 0.705428276574 0.0440670830117 0.676904024768 0.0322784366009 0.65217750258 0.0997824714055
470307568 0.644169246646 0.0967651392885 0.669019607843 0.0293312749982 0.639669762642 0.019858255561 0.620309597523 0.08904638271
470307572 0.612053663571 0.0867307557364 0.631537667699 0.0175426285875 0.601527347781 0.0103852361238 0.587657378741 0.0809066030454
470307621 0.466295149639 0.389516525156 0.458452012384 0.360395761701 0.430712074303 0.371973896569
470307622 0.430670794634 0.371973896569 0.445902992776 0.398007157392 0.466295149639 0.389516525156
470307653 0.454324045408 0.34972984352 0.446274509804 0.319626692864 0.410608875129 0.334432671391
470307654 0.410526315789 0.334502841906 0.426253869969 0.361448319416 0.454282765738 0.349800014034
470307684 0.451847265222 0.315907655603 0.442724458204 0.278085748369 0.41572755418 0.286927233177 0.430753353973 0.322854536524
470307688 0.423653250774 0.325731527612 0.40875128999 0.289734053751 0.383446852425 0.302715598905 0.403921568627 0.335836081678
470307716 0.442641898865 0.264121816013 0.433601651187 0.224685986948 0.409618163055 0.231632867869 0.423116615067 0.269805627675
470307720 0.416553147575 0.272051084134 0.403178534572 0.233878324328 0.380103199174 0.243491684794 0.397770897833 0.279840011227
470307724 0.391537667699 0.282857343344 0.37395252838 0.246368675882 0.352115583075 0.258508174865 0.373746130031 0.292681215353
470307749 0.448462332301 0.213318363624 0.440288957688 0.162164058663 0.399339525284 0.172058101186
470307750 0.399463364293 0.171987930672 0.41564499484 0.221247631745 0.448544891641 0.213318363624
470307753 0.404169246646 0.224966669006 0.388111455108 0.175636797418 0.349226006192 0.191846186233
470307754 0.349349845201 0.191846186233 0.373044375645 0.23794821416 0.404293085655 0.224896498491
470307757 0.362311661507 0.243281173251 0.338740970072 0.197108974809 0.302868937049 0.219212686829
470307758 0.302992776058 0.219142516315 0.333581011352 0.260964142867 0.362394220846 0.243281173251
470307780 0.416965944272 0.158936215002 0.402559339525 0.0958529226019 0.367265221878 0.106027647183 0.388813209494 0.167075994667
470307784 0.379360165119 0.170303838327 0.357977296182 0.109255490843 0.324045407637 0.123359764227 0.352280701754 0.181601291137
470307788 0.343157894737 0.185951863027 0.315046439628 0.127640165602 0.282930856553 0.145463476247 0.317481940144 0.20019647744
470307812 0.41213622291 0.0806960915024 0.398101135191 0.0102448950951 0.368090815273 0.0174724580731 0.38773993808 0.0865904147077
470307816 0.379566563467 0.0889060416813 0.36004127967 0.0197179145323 0.330691434469 0.0292611044839 0.355706914345 0.0966949687741
470307820 0.347698658411 0.0996421303768 0.322807017544 0.0321380955722 0.294282765738 0.0439969124974 0.324540763674 0.109255490843
470307824 0.316697626419 0.112834187075 0.286604747162 0.0475054382149 0.2591124871 0.0615395410848 0.294365325077 0.124201810399
470307828 0.28693498452 0.128341870746 0.251805985552 0.0656796014315 0.225510835913 0.0818188197319 0.265552115583 0.141463756929
470307877 0.398059855521 0.445793277665 0.371971104231 0.43070661708 0.360495356037 0.458494140762
470307878 0.360495356037 0.458494140762 0.38963880289 0.466212897341 0.398059855521 0.445793277665
470307909 0.361403508772 0.426075363132 0.334406604747 0.410427338432 0.319669762642 0.446073959722
470307910 0.319628482972 0.446214300751 0.349803921569 0.454143568872 0.361403508772 0.426145533647
470307940 0.335851393189 0.403901480598 0.3026625387 0.383481860922 0.289783281734 0.408813416602 0.325820433437 0.42361939513
470307944 0.322848297214 0.430776787594 0.28689370485 0.415830468037 0.278101135191 0.442846116062 0.316037151703 0.451827941899
470307972 0.292549019608 0.373728159427 0.258286893705 0.352185811522 0.246191950464 0.374079011999 0.282724458204 0.391551470072
470307976 0.279711042312 0.397726475335 0.243261093911 0.380183846748 0.233725490196 0.403269945969 0.271950464396 0.416532173181
470307980 0.269680082559 0.423058031015 0.231455108359 0.409655462775 0.224561403509 0.433653778682 0.264024767802 0.442635604519
470308005 0.260763673891 0.333730966248 0.218823529412 0.30327696302 0.196904024768 0.339204266367
470308006 0.196945304438 0.339063925339 0.243178534572 0.362500877131 0.26084623323 0.333660795734
470308009 0.237770897833 0.373166795313 0.191620227038 0.349659673005 0.175521155831 0.388534137955
470308010 0.175562435501 0.388463967441 0.224891640867 0.404392674198 0.237853457172 0.373096624798
470308013 0.221176470588 0.415760297523 0.171888544892 0.399761420251 0.162063983488 0.440741000632
470308014 0.162105263158 0.440600659603 0.213333333333 0.448600098239 0.221217750258 0.415690127009
470308036 0.20008255934 0.317591747948 0.145345717234 0.283138025402 0.127595459236 0.315276120974 0.185923632611 0.343203985685
470308040 0.181547987616 0.352255982036 0.123302373581 0.324187776296 0.109267285862 0.358150305242 0.17036119711 0.379341800575
470308044 0.16701754386 0.388884990527 0.105964912281 0.36748298365 0.0958101135191 0.402848922883 0.158926728586 0.417093537296
470308068 0.141341589267 0.265735737843 0.081568627451 0.225808715178 0.0654695562435 0.252122658059 0.128255933953 0.28713774472
470308072 0.124127966976 0.294505648726 0.061382868937 0.259350221037 0.0473890608875 0.286857062662 0.112734778122 0.316890042804
470308076 0.109143446852 0.324678969897 0.0438390092879 0.294575819241 0.0320743034056 0.323065048067 0.0995665634675 0.347835239632
470308080 0.0965944272446 0.355834678268 0.0291434468524 0.330994316188 0.0196078431373 0.360325591187 0.0888338493292 0.379692653147
470308084 0.0865221878225 0.38797277384 0.0173374613003 0.368395200337 0.0101547987616 0.398428180479 0.0806604747162 0.41232194232
470308133 0.38959752322 0.533857273174 0.360454076367 0.541576029752 0.371929824561 0.569363553435
470308134 0.371929824561 0.569363553435 0.398018575851 0.55427689285 0.38959752322 0.533857273174
470308165 0.349886480908 0.545856431128 0.319711042312 0.553855869764 0.334489164087 0.589502491053
470308166 0.334530443756 0.589572661568 0.361527347781 0.573924636868 0.349927760578 0.545926601642
470308196 0.316037151703 0.548242228616 0.278142414861 0.557224054452 0.28693498452 0.584239702477 0.322889576883 0.56929338292
470308200 0.325861713106 0.576450775384 0.289824561404 0.591256753912 0.302703818369 0.616588309592 0.335892672859 0.596168689916
470308228 0.264189886481 0.55750473651 0.224726522188 0.566416391832 0.231620227038 0.590484878254 0.269803921569 0.577012139499
470308232 0.272115583075 0.583537997334 0.233890608875 0.59687039506 0.24342621259 0.619956494281 0.279876160991 0.602343695179
470308236 0.282930856553 0.608588870956 0.246439628483 0.626131499544 0.258534571723 0.647954529507 0.292755417957 0.626412181601
470308261 0.213168214654 0.551680583819 0.161981424149 0.559750192969 0.171805985552 0.600729773349
470308262 0.171764705882 0.600589432321 0.221052631579 0.584520384534 0.213126934985 0.551610413304
470308265 0.224850361197 0.595958178373 0.175562435501 0.611886885131 0.191702786378 0.650831520595
470308266 0.191620227038 0.650691179566 0.237770897833 0.627113886745 0.224809081527 0.595817837345
470308269 0.243137254902 0.637779804926 0.196945304438 0.661286927233 0.218947368421 0.69721423058
470308270 0.218864809082 0.697073889552 0.260763673891 0.666549715809 0.243095975232 0.637709634412
470308292 0.158802889577 0.583257315276 0.0957275541796 0.597572100203 0.105882352941 0.632867868921 0.16693498452 0.61139569153
470308296 0.170237358101 0.620868710968 0.109143446852 0.642130376816 0.123219814241 0.676092905761 0.181465428277 0.647954529507
470308300 0.185841073271 0.657006525858 0.127512899897 0.685004561083 0.145263157895 0.717142656656 0.20004127967 0.68268893411
470308324 0.0807430340557 0.587888569223 0.0102373581011 0.601852501579 0.0174200206398 0.631815311206 0.086604747162 0.612237737703
470308328 0.0889164086687 0.620447687882 0.0197316821465 0.639884920356 0.0292672858617 0.669216195355 0.0966769865841 0.644305662761
470308332 0.099649122807 0.652305101396 0.0321568627451 0.677145463476 0.0439628482972 0.705634692302 0.109226006192 0.675531541646
470308336 0.112817337461 0.683250298225 0.0475128998968 0.713283278366 0.0615067079463 0.740790119992 0.124210526316 0.705634692302
470308340 0.128421052632 0.713142937338 0.0656759545924 0.748158023998 0.0817750257998 0.77447196688 0.141547987616 0.7344747737
470308389 0.445902992776 0.601922672093 0.430670794634 0.627955932917 0.458410732714 0.639604238299
470308390 0.458410732714 0.639604238299 0.466253869969 0.610483474844 0.445902992776 0.601922672093
470308421 0.42613003096 0.638481510069 0.41040247678 0.66542698758 0.446026831785 0.680373307136
470308422 0.446109391125 0.680373307136 0.454200206398 0.650199985966 0.426212590299 0.638551680584
470308452 0.403962848297 0.664163918322 0.383488132095 0.697284401095 0.408792569659 0.710265946249 0.423694530444 0.674268472388
470308456 0.430835913313 0.677145463476 0.415810113519 0.713072766823 0.442807017544 0.721914251631 0.451888544892 0.684092344397
470308484 0.37386996904 0.70752929619 0.352239422085 0.741772507192 0.374117647059 0.753841835661 0.391661506708 0.717353168199
470308488 0.397853457172 0.720300329801 0.380185758514 0.756718826749 0.403261093911 0.766332187215 0.416635706914 0.728159427409
470308492 0.423157894737 0.730404883868 0.409700722394 0.768577643674 0.433684210526 0.775524524595 0.442724458204 0.736018525016
470308517 0.333787409701 0.739246368676 0.303240454076 0.781138165743 0.3391124871 0.803171707249
470308518 0.339029927761 0.803101536734 0.362518059856 0.756929338292 0.333663570691 0.739176198162
470308521 0.373333333333 0.762332467897 0.349721362229 0.808434495825 0.388606811146 0.824573714125
470308522 0.388482972136 0.824573714125 0.404499484004 0.775243842537 0.373209494324 0.762262297383
470308525 0.415892672859 0.778822538769 0.399752321981 0.828082239843 0.440701754386 0.837976282366
470308526 0.440577915377 0.837906111852 0.44871001032 0.786751806891 0.415768833849 0.778822538769
470308548 0.317605779154 0.799943863589 0.283095975232 0.854676864781 0.315211558308 0.872430004912 0.343240454076 0.814118307487
470308552 0.352363261094 0.818468879377 0.324169246646 0.876710406287 0.358101135191 0.890814679672 0.379442724458 0.829696161673
470308556 0.388937048504 0.832994175847 0.367430340557 0.894042523332 0.402724458204 0.904217247912 0.417131062951 0.841133955512
470308580 0.265717234262 0.858676584099 0.225717234262 0.918391691811 0.252012383901 0.934530910112 0.287100103199 0.871798470283
470308584 0.294530443756 0.875868360115 0.259277605779 0.93853062943 0.286769865841 0.952564732299 0.316862745098 0.887306153954
470308588 0.324664602683 0.890884850186 0.294489164087 0.956073258017 0.322972136223 0.967932074942 0.34782249742 0.900498210652
470308592 0.355872033024 0.903445372255 0.330897832817 0.97080906603 0.360247678019 0.980352255982 0.379731682147 0.911164128833
470308596 0.387946336429 0.913479755807 0.368338493292 0.982597712441 0.398348813209 0.989825275419 0.412342621259 0.919374079012
470308645 0.533787409701 0.610483474844 0.541382868937 0.639674408813 0.569246646027 0.628306785489
470308646 0.569246646027 0.628236614974 0.554220846233 0.602133183636 0.533787409701 0.610483474844
470308677 0.545717234262 0.650129815452 0.553601651187 0.680373307136 0.589349845201 0.665707669637
470308678 0.589432404541 0.665637499123 0.57382868937 0.638621851098 0.545758513932 0.650129815452
470308708 0.548111455108 0.684022173883 0.557027863777 0.721914251631 0.584066047472 0.713213107852 0.569205366357 0.677215633991
470308712 0.576305469556 0.674198301874 0.591042311662 0.710265946249 0.616429308566 0.697424742123 0.596078431373 0.664163918322
470308740 0.557481940144 0.735948354501 0.566357069143 0.77545435408 0.590381836945 0.768577643674 0.577007223942 0.730404883868
470308744 0.583529411765 0.728089256894 0.596780185759 0.766262016701 0.619855521156 0.756788997263 0.602311661507 0.720300329801
470308748 0.608503611971 0.717282997684 0.625964912281 0.753771665146 0.647843137255 0.741772507192 0.626336429309 0.707459125675
470308773 0.551620227038 0.786751806891 0.559628482972 0.837906111852 0.600577915377 0.828152410357
470308774 0.600454076367 0.828152410357 0.584437564499 0.778892709284 0.551537667699 0.786751806891
470308777 0.595872033024 0.775103501509 0.611764705882 0.824433373097 0.650691434469 0.808364325311
470308778 0.650567595459 0.808434495825 0.627038183695 0.762262297383 0.595748194014 0.775173672023
470308781 0.637647058824 0.756718826749 0.661093911249 0.802961195706 0.697048503612 0.780997824714
470308782 0.696924664603 0.781067995228 0.666460268318 0.739106027647 0.637564499484 0.756788997263
470308804 0.583199174407 0.841063784998 0.597440660475 0.904147077398 0.632734778122 0.894042523332 0.611351909185 0.832994175847
470308808 0.620763673891 0.829625991159 0.641981424149 0.890744509157 0.675913312693 0.876710406287 0.647843137255 0.818468879377
470308812 0.656965944272 0.813977966458 0.684912280702 0.872359834398 0.717110423117 0.854606694267 0.682641898865 0.79980352256
470308836 0.587946336429 0.919163567469 0.601857585139 0.989684934391 0.631867905057 0.982527541927 0.612342621259 0.913339414778
470308840 0.620515995872 0.911023787804 0.63991744066 0.980211914953 0.669267285862 0.970738895516 0.644375644995 0.903305031226
470308844 0.652466460268 0.900287699109 0.677275541796 0.967721563399 0.705799793602 0.955932916988 0.675665634675 0.890674338643
470308848 0.683343653251 0.887095642411 0.713312693498 0.952424391271 0.74084623323 0.938460458915 0.705675954592 0.875728019086
470308852 0.713188854489 0.871517788225 0.748235294118 0.934250228054 0.774530443756 0.918181180268 0.734571723426 0.858395902042
470308901 0.601898864809 0.55427689285 0.627946336429 0.569503894464 0.639545923633 0.541716370781
470308902 0.639545923633 0.541716370781 0.61040247678 0.533927443688 0.601898864809 0.55427689285
470308933 0.638513931889 0.573994807382 0.665469556244 0.589713002596 0.680330237358 0.554066381307
470308934 0.680371517028 0.553996210792 0.650196078431 0.545926601642 0.638555211558 0.573924636868
470308964 0.664231166151 0.596098519402 0.69737874097 0.616588309592 0.710340557276 0.591256753912 0.674344685243 0.57638060487
470308968 0.677234262126 0.56929338292 0.713188854489 0.584309872991 0.721981424149 0.557294224967 0.684086687307 0.548242228616
470308996 0.707368421053 0.626271840573 0.741589267286 0.647884358992 0.753684210526 0.625991158515 0.717234262126 0.608448529928
470309000 0.720206398349 0.602203354151 0.756615067079 0.619816153252 0.766191950464 0.596730054031 0.728008255934 0.583397656305
470309004 0.730237358101 0.57687179847 0.768421052632 0.590344537225 0.775356037152 0.566346221318 0.735892672859 0.557364395481
470309029 0.73915376677 0.666269033752 0.781011351909 0.696793207494 0.803054695562 0.660936074661
470309030 0.803013415893 0.66107641569 0.756821465428 0.637499122869 0.73907120743 0.666339204266
470309033 0.762187822497 0.626833204687 0.808338493292 0.650410497509 0.824478844169 0.611536032559
470309034 0.824437564499 0.611676373588 0.775149638803 0.595677496316 0.762146542828 0.626903375202
470309037 0.778864809082 0.584169531963 0.828111455108 0.600238579749 0.837936016512 0.559258999368
470309038 0.837936016512 0.559399340397 0.786707946336 0.551329731247 0.778823529412 0.584239702477
470309060 0.799834881321 0.682408252052 0.854530443756 0.717002315627 0.872321981424 0.684864220055 0.814035087719 0.656796014315
470309064 0.818369453044 0.647673847449 0.876615067079 0.675882394218 0.890691434469 0.641919865273 0.82959752322 0.62058802891
470309068 0.832941176471 0.611044838959 0.89395252838 0.63251701635 0.904148606811 0.597221247632 0.841031991744 0.582906462704
470309092 0.858699690402 0.734264262157 0.918431372549 0.774261455336 0.934530443756 0.747947512455 0.871785345717 0.71286225528
470309096 0.875954592363 0.705424180759 0.938617131063 0.740649778963 0.952652218782 0.713142937338 0.887347781218 0.683109957196
470309100 0.890897832817 0.675321030103 0.956160990712 0.705424180759 0.967966976264 0.676934951933 0.900515995872 0.652094589853
470309104 0.903446852425 0.644165321732 0.970856553148 0.669075854326 0.980392156863 0.639744579328 0.911207430341 0.620307346853
470309108 0.913519091847 0.61202722616 0.982703818369 0.631604799663 0.989886480908 0.601571819521 0.919380804954 0.587607887166
470311205 0.612507739938 0.526138516595 0.641609907121 0.534067784717 0.645572755418 0.504245316118
470311206 0.645572755418 0.504245316118 0.615438596491 0.504245316118 0.612507739938 0.526138516595
470311209 0.615397316821 0.496175706968 0.645531475748 0.496245877482 0.64169246646 0.466423408884
470311210 0.64169246646 0.466423408884 0.612549019608 0.474282506491 0.615397316821 0.496175706968
470311237 0.652961816305 0.535541365518 0.683095975232 0.543751315697 0.688173374613 0.505438214862
470311238 0.688173374613 0.505368044348 0.656965944272 0.505368044348 0.652961816305 0.535471195004
470311241 0.656924664603 0.494842467195 0.688132094943 0.49491263771 0.683137254902 0.456669707389
470311242 0.683137254902 0.45652936636 0.653003095975 0.464669146025 0.656924664603 0.494772296681
470311268 0.685737874097 0.540663813066 0.723591331269 0.549856150446 0.728049535604 0.521787944706 0.689205366357 0.518770612589
470311272 0.689783281734 0.511122026524 0.72862745098 0.514209529156 0.72862745098 0.485790470844 0.689824561404 0.48894814399
470311276 0.689205366357 0.481229387411 0.728008255934 0.478212055294 0.7235500516 0.450143849554 0.685696594427 0.459336186934
470311300 0.73742002064 0.550628026103 0.776842105263 0.559680022455 0.781052631579 0.535050171918 0.74080495356 0.530559258999
470311304 0.741589267286 0.523682548593 0.781795665635 0.528243632026 0.783199174407 0.503333099432 0.742703818369 0.503403269946
470311308 0.742703818369 0.496456389025 0.783199174407 0.49652655954 0.781795665635 0.471545856431 0.741589267286 0.476177110378
470311312 0.74080495356 0.469300399972 0.781011351909 0.464809487054 0.776842105263 0.440179636517 0.73737874097 0.449231632868
470311333 0.788606811146 0.539541084836 0.839793601651 0.547680864501 0.843054695562 0.505648726405
470311334 0.843054695562 0.505789067434 0.79124871001 0.505859237948 0.788565531476 0.539611255351
470311337 0.79124871001 0.493930250509 0.843054695562 0.493930250509 0.839752321981 0.451968282928
470311338 0.839752321981 0.452108623956 0.788565531476 0.460248403621 0.79124871001 0.494000421023
470311364 0.843343653251 0.573082590695 0.906418988648 0.587607887166 0.912569659443 0.551329731247 0.848255933953 0.544172338783
470311368 0.849370485036 0.534208125746 0.913684210526 0.541505859238 0.915748194014 0.504806680233 0.851021671827 0.504947021262
470311372 0.851021671827 0.494842467195 0.915706914345 0.49491263771 0.913642930857 0.458283629219 0.849370485036 0.465581362711
470311376 0.848255933953 0.455617149674 0.912528379773 0.448389586696 0.906377708978 0.412181601291 0.843302373581 0.426706897762
470311396 0.920990712074 0.579187425444 0.991455108359 0.593291698828 0.996284829721 0.5628376956 0.924912280702 0.554417233878
470311400 0.925902992776 0.545926601642 0.997275541796 0.554487404393 0.999669762642 0.523682548593 0.927843137255 0.520945898533
470311404 0.928173374613 0.512385095783 1.0 0.515262086871 1.0 0.484387060557 0.928173374613 0.487264051645
470311408 0.927843137255 0.478773419409 0.999669762642 0.47603676935 0.997234262126 0.44523191355 0.925861713106 0.453792716301
470311412 0.924871001032 0.445302084064 0.996243550052 0.436881622342 0.991413828689 0.4063574486 0.920908152735 0.420531892499
470311461 0.597977296182 0.43877622623 0.624066047472 0.423689565645 0.605696594427 0.39990176128
470311462 0.605696594427 0.39990176128 0.584478844169 0.421303768157 0.597977296182 0.43877622623
470311465 0.578823529412 0.41554978598 0.600123839009 0.394217949618 0.576181630547 0.375973615887
470311466 0.576181630547 0.375973615887 0.561238390093 0.402147217739 0.578782249742 0.41554978598
470311493 0.633230134159 0.417023366781 0.660309597523 0.401445512596 0.636738906089 0.370851168339
470311494 0.636697626419 0.370780997825 0.614695562436 0.392884709845 0.633188854489 0.416953196267
470311497 0.607223942208 0.385306294295 0.629308565531 0.363272752789 0.598637770898 0.339835800996
470311498 0.598555211558 0.339765630482 0.583075335397 0.366851449021 0.607182662539 0.385236123781
470311524 0.660144478844 0.397445793278 0.693374613003 0.377096344116 0.676656346749 0.354150585924 0.647100103199 0.379482141604
470311528 0.642105263158 0.373587818399 0.671744066047 0.348326433233 0.651599587203 0.328257666129 0.626418988648 0.357939793699
470311532 0.620598555212 0.35295768718 0.645902992776 0.323345730124 0.622868937049 0.306645147709 0.602641898865 0.339976142025
470311556 0.703818369453 0.367833836222 0.738080495356 0.346361658831 0.723591331269 0.325942039155 0.692012383901 0.351273594835
470311560 0.687719298246 0.345870465231 0.719380804954 0.320679250579 0.702703818369 0.302013893762 0.674138286894 0.330713634131
470311564 0.669267285862 0.325801698126 0.697915376677 0.297172128272 0.679256965944 0.280611886885 0.654076367389 0.312258788857
470311568 0.64875128999 0.307978387482 0.673973168215 0.27633148551 0.653581011352 0.261946530068 0.632156862745 0.296259911585
470311589 0.73209494324 0.323907094239 0.774035087719 0.293453091011 0.746625386997 0.261455336468
470311590 0.746749226006 0.261525506982 0.710175438596 0.298294856501 0.73217750258 0.323977264753
470311593 0.701713106295 0.289734053751 0.738369453044 0.25310504526 0.706295149639 0.225808715178
470311594 0.706418988648 0.225878885692 0.676037151703 0.267840853273 0.701795665635 0.289804224265
470311620 0.794551083591 0.309030945197 0.849329205366 0.274647393165 0.828070175439 0.244684583538 0.777543859649 0.285102799804
470311624 0.771310629515 0.277243702196 0.821919504644 0.23696582696 0.797399380805 0.209599326363 0.751744066047 0.255420672234
470311628 0.744643962848 0.24826327977 0.790381836945 0.202512104414 0.762972136223 0.17809276542 0.722765737874 0.228755876781
470311632 0.714881320949 0.222440530489 0.755252837977 0.171917760157 0.72524251806 0.150656094309 0.690980392157 0.205529436531
470311652 0.853704850361 0.258438004351 0.913477812178 0.218510981685 0.895314757482 0.193530278577 0.838968008256 0.238158725703
470311656 0.833684210526 0.231422356326 0.890154798762 0.186934250228 0.870092879257 0.163497298435 0.81737874097 0.212406146937
470311660 0.811558307534 0.206020630131 0.86435500516 0.157252122658 0.842476780186 0.135429092695 0.793808049536 0.188337660515
470311664 0.787533539732 0.182513507824 0.836326109391 0.129745281033 0.812837977296 0.109746684443 0.768462332301 0.166233948495
470311668 0.76173374613 0.160971159919 0.806233230134 0.104483895867 0.781259029928 0.0863799031647 0.741465428277 0.146235351905
470311717 0.526068111455 0.387411409726 0.53386996904 0.35829064627 0.504024767802 0.354431267981
470311718 0.504024767802 0.354431267981 0.504189886481 0.384604589152 0.526068111455 0.387411409726
470311721 0.496057791538 0.384534418637 0.496016511868 0.354361097467 0.466212590299 0.358360816785
470311722 0.466212590299 0.358430987299 0.474138286894 0.38748158024 0.496057791538 0.384534418637
470311749 0.53564499484 0.347063363974 0.543735810114 0.316890042804 0.505428276574 0.311907936285
470311750 0.505345717234 0.311907936285 0.505469556244 0.343133815171 0.535562435501 0.347063363974
470311753 0.494860681115 0.343063644657 0.494860681115 0.311837765771 0.456594427245 0.316960213318
470311754 0.456511867905 0.316960213318 0.464726522188 0.347133534489 0.494778121775 0.343063644657
470311780 0.540763673891 0.314153392744 0.549886480908 0.276261314995 0.5217750258 0.271840572591 0.518885448916 0.310715037541
470311784 0.511166150671 0.310083502912 0.514220846233 0.271209037962 0.485820433437 0.271279208477 0.488998968008 0.310153673426
470311788 0.481362229102 0.310715037541 0.47830753354 0.271840572591 0.450237358101 0.27633148551 0.459484004128 0.314153392744
470311812 0.550712074303 0.262367553154 0.559711042312 0.22293172409 0.535067079463 0.218791663743 0.530650154799 0.258999368465
470311816 0.523880288958 0.258227492808 0.528379772962 0.218019788085 0.503446852425 0.216686548312 0.503570691434 0.257104764578
470311820 0.496635706914 0.257104764578 0.496635706914 0.216616377798 0.471702786378 0.218089958599 0.476326109391 0.258297663322
470311824 0.46951496388 0.258999368465 0.464974200206 0.218791663743 0.440330237358 0.223001894604 0.449453044376 0.262437723669
470311845 0.539607843137 0.211353589222 0.547698658411 0.160199284261 0.505717234262 0.156971440601
470311846 0.505841073271 0.156971440601 0.505964912281 0.208757280191 0.539731682147 0.211423759736
470311849 0.49399380805 0.208757280191 0.49395252838 0.156901270086 0.451971104231 0.160269454775
470311850 0.45209494324 0.160269454775 0.460350877193 0.211423759736 0.494117647059 0.208757280191
470311876 0.573333333333 0.156620588029 0.58773993808 0.0935372956284 0.551496388029 0.0874324608799 0.54439628483 0.151778822539
470311880 0.534406604747 0.150585923795 0.541671826625 0.0863097326503 0.504974200206 0.0842747877342 0.505139318885 0.148972001965
470311884 0.495108359133 0.148972001965 0.495149638803 0.0842747877342 0.458452012384 0.0863799031647 0.465841073271 0.150656094309
470311888 0.455810113519 0.151708652024 0.448586171311 0.0874324608799 0.412383900929 0.0936074661427 0.426914344685 0.156690758543
470311908 0.579442724458 0.0790821696723 0.593477812178 0.00856080275068 0.563013415893 0.00378920777489 0.554674922601 0.0751526208687
470311912 0.54617131063 0.0741702336678 0.554592363261 0.00273665005965 0.523839009288 0.000350852571749 0.521155830753 0.072205459266
470311916 0.512569659443 0.0718546066943 0.515417956656 0.0 0.484540763674 7.01705143498e-05 0.487512899897 0.0718546066943
470311920 0.479009287926 0.072205459266 0.476160990712 0.000350852571749 0.445407636739 0.002806820574 0.45399380805 0.0741702336678
470311924 0.445490196078 0.0751526208687 0.437069143447 0.00378920777489 0.406563467492 0.00863097326503 0.420722394221 0.0791523401867
470311973 0.438720330237 0.402077047225 0.423570691434 0.375973615887 0.399793601651 0.394358290646
470311974 0.399793601651 0.394358290646 0.421217750258 0.41554978598 0.438720330237 0.402077047225
470311977 0.415479876161 0.421233597642 0.394138286894 0.399971931794 0.375892672859 0.423900077188
470311978 0.375892672859 0.423900077188 0.402105263158 0.438846396744 0.415479876161 0.421233597642
470312005 0.416883384933 0.366781278507 0.401279669763 0.339765630482 0.370732714138 0.363342923304
470312006 0.370650154799 0.363342923304 0.392817337461 0.385306294295 0.416842105263 0.366781278507
470312009 0.385221878225 0.392814539331 0.363137254902 0.37071082731 0.339690402477 0.401375342081
470312010 0.339649122807 0.401445512596 0.366769865841 0.416953196267 0.385180598555 0.392814539331
470312036 0.397399380805 0.339905971511 0.377048503612 0.306715318223 0.354097007224 0.323486071153 0.379484004128 0.353027857694
470312040 0.373581011352 0.358009964213 0.348235294118 0.328398007157 0.328214654283 0.348536944776 0.357936016512 0.373728159427
470312044 0.352899896801 0.379482141604 0.323302373581 0.354220756438 0.306625386997 0.377236685145 0.339938080495 0.397445793278
470312068 0.367801857585 0.2963300821 0.346253869969 0.262086871097 0.325902992776 0.276541997053 0.35124871001 0.30811872851
470312072 0.345799793602 0.312399129886 0.320536635707 0.280752227914 0.301960784314 0.297452810329 0.330691434469 0.325942039155
470312076 0.325779153767 0.330783804645 0.297131062951 0.302224405305 0.280536635707 0.320889762122 0.312239422085 0.346010806259
470312080 0.307946336429 0.35134376535 0.276284829721 0.326152550698 0.261836945304 0.346572170374 0.296181630547 0.367974177251
470312101 0.323921568627 0.267981194302 0.293415892673 0.226019226721 0.261424148607 0.253455897832
470312102 0.261547987616 0.253385727317 0.298286893705 0.289874394779 0.324004127967 0.267911023788
470312105 0.289742002064 0.298365027016 0.253085655315 0.261736018525 0.225758513932 0.293803943583
470312106 0.225841073271 0.293733773069 0.26786377709 0.324047435268 0.289824561404 0.298294856501
470312132 0.308978328173 0.205599607045 0.274551083591 0.150796435338 0.244623323013 0.172058101186 0.285077399381 0.222580871518
470312136 0.277192982456 0.228826047295 0.236862745098 0.178233106449 0.209494324045 0.202722615957 0.255356037152 0.248403620799
470312140 0.248214654283 0.255490842748 0.202476780186 0.209739667392 0.178039215686 0.237106167988 0.228730650155 0.277313872711
470312144 0.222414860681 0.285243140832 0.171805985552 0.244895095081 0.150588235294 0.274857904708 0.205448916409 0.309171286226
470312164 0.258410732714 0.146305522419 0.218452012384 0.0865904147077 0.193519091847 0.104764577924 0.238142414861 0.161111500947
470312168 0.231413828689 0.166374289524 0.186873065015 0.109957195986 0.16342621259 0.13002596309 0.212342621259 0.182653848853
470312172 0.206026831785 0.188478001544 0.157234262126 0.135709774753 0.135438596491 0.157532804715 0.188317853457 0.206231141674
470312176 0.182497420021 0.212476317451 0.129700722394 0.163707809978 0.109680082559 0.187214932285 0.166233230134 0.231562697355
470312180 0.160908152735 0.238299066732 0.104478844169 0.193810960634 0.0863570691434 0.218791663743 0.146212590299 0.258578345379
470312229 0.387409700722 0.474071994948 0.35830753354 0.466212897341 0.354427244582 0.496035365939
470312230 0.354427244582 0.496035365939 0.384561403509 0.495965195425 0.387409700722 0.474071994948
470312233 0.384561403509 0.504104975089 0.354385964912 0.504034804575 0.358348813209 0.533857273174
470312234 0.358348813209 0.533857273174 0.387450980392 0.525998175567 0.384561403509 0.504104975089
470312261 0.346955624355 0.46459897551 0.316821465428 0.456459195846 0.311826625387 0.494702126167
470312262 0.311826625387 0.494842467195 0.343034055728 0.494702126167 0.346955624355 0.464669146025
470312265 0.343075335397 0.505438214862 0.311867905057 0.505368044348 0.316904024768 0.543681145183
470312266 0.316945304438 0.543751315697 0.347038183695 0.535611536033 0.343075335397 0.505508385376
470312292 0.314055727554 0.459406357449 0.276202270382 0.450284190583 0.271785345717 0.478352396323 0.310629514964 0.481299557926
470312296 0.310010319917 0.489018314504 0.271166150671 0.485860641359 0.271207430341 0.51427969967 0.310010319917 0.511192197039
470312300 0.310629514964 0.518840783103 0.271785345717 0.521787944706 0.276243550052 0.549856150446 0.314097007224 0.54073398358
470312324 0.262456140351 0.449442144411 0.222992776058 0.44039014806 0.218823529412 0.465019998597 0.25907120743 0.469510911515
470312328 0.258286893705 0.476387621921 0.218080495356 0.471826538489 0.216676986584 0.496807241597 0.257172342621 0.496737071083
470312332 0.257172342621 0.503543610975 0.216676986584 0.503543610975 0.218080495356 0.528454143569 0.258286893705 0.523893060136
470312336 0.25907120743 0.530699600028 0.218864809082 0.535190512946 0.223034055728 0.559820363483 0.262497420021 0.550768367132
470312357 0.211228070175 0.460458915164 0.16004127967 0.452319135499 0.156780185759 0.494351273595
470312358 0.156780185759 0.494210932566 0.20862745098 0.494070591537 0.211269349845 0.460318574135
470312361 0.20862745098 0.506139920006 0.156821465428 0.506069749491 0.160123839009 0.548101887587
470312362 0.160123839009 0.547961546558 0.211310629515 0.539751596379 0.20862745098 0.505999578977
470312388 0.156697626419 0.42684723879 0.0936222910217 0.412392112834 0.0875128998968 0.448600098239 0.151785345717 0.455757490702
470312392 0.150670794634 0.465791874254 0.0863983488132 0.458494140762 0.0843343653251 0.495123149253 0.149019607843 0.495052978738
470312396 0.149060887513 0.50508736229 0.0843343653251 0.505017191776 0.0863983488132 0.541716370781 0.150712074303 0.534348466774
470312400 0.151826625387 0.544382850326 0.0875128998968 0.55154024279 0.0937048503612 0.587818398709 0.156738906089 0.573293102238
470312420 0.0790092879257 0.420742404042 0.0085036119711 0.406638130657 0.00371517027864 0.4371623044 0.075128998968 0.445512595607
470312424 0.0740970072239 0.454003227844 0.00272445820433 0.445512595607 0.000288957688338 0.476247280893 0.0721568627451 0.478983930952
470312428 0.071826625387 0.487544733703 0.0 0.484667742615 0.0 0.515542768928 0.071826625387 0.512595607326
470312432 0.0721568627451 0.521156410076 0.000330237358101 0.523893060136 0.0027657378741 0.554697915936 0.0741382868937 0.546137113185
470312436 0.075128998968 0.554697915936 0.0037564499484 0.563048207143 0.00858617131063 0.593572380886 0.0790918472652 0.579468107501
470312485 0.402063983488 0.561153603256 0.375892672859 0.576099922812 0.394138286894 0.600028068206
470312486 0.394138286894 0.600028068206 0.415479876161 0.578696231843 0.402063983488 0.561153603256
470312489 0.421217750258 0.584309872991 0.399793601651 0.605501368325 0.423570691434 0.623956213599
470312490 0.423570691434 0.623956213599 0.438720330237 0.597852782261 0.421217750258 0.584309872991
470312517 0.366769865841 0.583046803733 0.339649122807 0.598554487404 0.363095975232 0.629219002175
470312518 0.363178534572 0.62928917269 0.385221878225 0.607185460669 0.366811145511 0.583116974247
470312521 0.392858617131 0.614623535191 0.370691434469 0.636586906182 0.401279669763 0.660164199004
470312522 0.401362229102 0.660234369518 0.416965944272 0.633218721493 0.392899896801 0.614693705705
470312548 0.339814241486 0.602624377237 0.306542827657 0.622903655884 0.323219814241 0.645919584591 0.352817337461 0.62058802891
470312552 0.357853457172 0.626412181601 0.328132094943 0.651603396253 0.348194014448 0.671742333871 0.373498452012 0.642130376816
470312556 0.379401444788 0.64704231282 0.353973168215 0.676584099361 0.376924664603 0.693354852291 0.397275541796 0.660164199004
470312580 0.296222910217 0.632166163778 0.261919504644 0.653638341169 0.276367389061 0.674057960845 0.307987616099 0.648796575679
470312584 0.312363261094 0.654199705284 0.280660474716 0.679390919935 0.297296181631 0.697986106238 0.325902992776 0.669356536383
470312588 0.330773993808 0.674198301874 0.302084623323 0.702757701214 0.320701754386 0.719458283629 0.345964912281 0.687811381657
470312592 0.35133126935 0.692021612518 0.325985552116 0.723598343976 0.346377708978 0.738123640446 0.367884416925 0.703810258929
470312613 0.26782249742 0.676303417304 0.225841073271 0.706687250018 0.253209494324 0.738755175075
470312614 0.253126934985 0.738614834047 0.289742002064 0.701985825556 0.26778121775 0.67623324679
470312617 0.298245614035 0.710406287278 0.261506707946 0.746965125254 0.293498452012 0.774401796365
470312618 0.293415892673 0.774261455336 0.323880288958 0.73236965827 0.298163054696 0.710336116764
470312644 0.205490196078 0.691179566346 0.150670794634 0.725492947863 0.171888544892 0.755455757491 0.222456140351 0.715037541225
470312648 0.228730650155 0.722896638832 0.178080495356 0.763104343555 0.202559339525 0.790541014666 0.248255933953 0.74478983931
470312652 0.255438596491 0.751877061259 0.209576883385 0.797558066101 0.236986584107 0.822047575609 0.277275541796 0.771454634762
470312656 0.28515995872 0.77769981054 0.244705882353 0.828152410357 0.274674922601 0.849414076205 0.309060887513 0.794610904498
470312676 0.146377708978 0.741632166164 0.0865634674923 0.781489018315 0.104685242518 0.806469721423 0.161114551084 0.761911444811
470312680 0.166398348813 0.768577643674 0.109886480908 0.812995579258 0.129907120743 0.836502701565 0.182703818369 0.787664023577
470312684 0.188524251806 0.793979369869 0.13568627451 0.842677706828 0.157481940144 0.86450073679 0.206233230134 0.811732509999
470312688 0.212549019608 0.817486492176 0.163673890609 0.870184548453 0.187162022704 0.890253315557 0.231620227038 0.833766051505
470312692 0.238348813209 0.839099010596 0.193808049536 0.895445933619 0.218740970072 0.913620096835 0.258658410733 0.853834818609
470312741 0.474097007224 0.612448249246 0.46608875129 0.641498842187 0.495933952528 0.645568732019
470312742 0.495933952528 0.645568732019 0.495975232198 0.615395410848 0.474097007224 0.612448249246
470312745 0.504024767802 0.615325240334 0.503859649123 0.645498561504 0.533704850361 0.64170935373
470312746 0.533704850361 0.64170935373 0.525944272446 0.61251841976 0.504024767802 0.615325240334
470312773 0.464685242518 0.652866465511 0.456470588235 0.682969616167 0.494736842105 0.688092063715
470312774 0.494819401445 0.688092063715 0.494819401445 0.656936355343 0.464767801858 0.652866465511
470312777 0.505428276574 0.656866184829 0.505263157895 0.6880218932 0.543570691434 0.683109957196
470312778 0.543653250774 0.683109957196 0.53560371517 0.652936636026 0.505510835913 0.656866184829
470312804 0.459318885449 0.685776436741 0.450072239422 0.72366851449 0.478101135191 0.728159427409 0.481197110423 0.689355132973
470312808 0.488916408669 0.689846326574 0.485696594427 0.728650621009 0.514138286894 0.728720791523 0.511083591331 0.689916497088
470312812 0.518720330237 0.689214791944 0.521609907121 0.728089256894 0.549721362229 0.723738685005 0.540639834881 0.685846607256
470312836 0.449411764706 0.737421935303 0.440288957688 0.776857764367 0.464932920537 0.781067995228 0.469473684211 0.740860290506
470312840 0.476408668731 0.741632166164 0.471744066047 0.781839870886 0.496718266254 0.783243281173 0.496718266254 0.742754894393
470312844 0.503570691434 0.742754894393 0.503446852425 0.783243281173 0.528379772962 0.781839870886 0.523880288958 0.741632166164
470312848 0.530732714138 0.740790119992 0.535149638803 0.781067995228 0.559793601651 0.776927934882 0.550794633643 0.737421935303
470312869 0.460474716202 0.788576240264 0.45221878225 0.839730545225 0.494200206398 0.843098729914
470312870 0.494076367389 0.843098729914 0.494076367389 0.791242719809 0.460350877193 0.788576240264
470312873 0.50604747162 0.791172549295 0.505923632611 0.842958388885 0.54790505676 0.839730545225
470312874 0.54778121775 0.839730545225 0.539690402477 0.788576240264 0.505923632611 0.791172549295
470312900 0.426831785346 0.843309241457 0.412301341589 0.906322363343 0.448503611971 0.912497368606 0.45572755418 0.848221177461
470312904 0.465841073271 0.849343905691 0.458452012384 0.913620096835 0.495108359133 0.915655041751 0.495108359133 0.850957827521
470312908 0.505139318885 0.850957827521 0.504974200206 0.915655041751 0.541671826625 0.913620096835 0.534406604747 0.849343905691
470312912 0.54439628483 0.848151006947 0.551496388029 0.912497368606 0.587698658411 0.906322363343 0.573292053664 0.843309241457
470312932 0.420722394221 0.920917830328 0.406563467492 0.991439197249 0.437027863777 0.996280962739 0.445490196078 0.924847379131
470312936 0.45395252838 0.925829766332 0.445366357069 0.997193179426 0.476160990712 0.999649147428 0.478968008256 0.927864711248
470312940 0.487554179567 0.928145393306 0.484623323013 1.0 0.515459236326 1.0 0.512652218782 0.928145393306
470312944 0.521155830753 0.927794540734 0.523839009288 0.999649147428 0.554592363261 0.99726334994 0.54617131063 0.925829766332
470312948 0.55471620227 0.924847379131 0.563013415893 0.996210792225 0.593519091847 0.991439197249 0.579484004128 0.920917830328
470312997 0.561238390093 0.597852782261 0.576181630547 0.624026384113 0.600123839009 0.605782050382
470312998 0.600123839009 0.605782050382 0.578823529412 0.58445021402 0.561238390093 0.597852782261
470313001 0.584520123839 0.578626061329 0.605779153767 0.600028068206 0.624107327141 0.576240263841
470313002 0.624107327141 0.576240263841 0.598018575851 0.561153603256 0.584520123839 0.578626061329
470313029 0.583034055728 0.633288892008 0.598513931889 0.660374710547 0.629226006192 0.636937758754
470313030 0.629267285862 0.636867588239 0.607223942208 0.614834046734 0.583116615067 0.633218721493
470313033 0.614695562436 0.607185460669 0.636656346749 0.629359343204 0.660268317853 0.598835169462
470313034 0.660309597523 0.598764998947 0.633271413829 0.583116974247 0.614736842105 0.607185460669
470313060 0.602724458204 0.660164199004 0.622951496388 0.693425022805 0.645985552116 0.676794610904 0.620681114551 0.647112483335
470313064 0.626460268318 0.642130376816 0.651640866873 0.6718826749 0.671785345717 0.651813907796 0.642146542828 0.626482352116
470313068 0.647182662539 0.62058802891 0.676697626419 0.645989755105 0.693457172343 0.622973826398 0.660227038184 0.602624377237
470313092 0.632198142415 0.703810258929 0.653622291022 0.738123640446 0.674014447884 0.72366851449 0.648792569659 0.692021612518
470313096 0.654158926729 0.687671040629 0.679339525284 0.719388113115 0.697997936017 0.702757701214 0.669349845201 0.674128131359
470313100 0.674179566563 0.669286365869 0.702703818369 0.697986106238 0.719380804954 0.679390919935 0.687760577915 0.654129534769
470313104 0.692053663571 0.648726405165 0.723632610939 0.673987790331 0.738121775026 0.653638341169 0.703818369453 0.632095993264
470313125 0.676037151703 0.732018805698 0.706418988648 0.773980773279 0.738452012384 0.746684443197
470313126 0.738369453044 0.746754613711 0.701713106295 0.710125605221 0.675954592363 0.732088976212
470313129 0.710134158927 0.701634972984 0.746707946336 0.738334151989 0.774117647059 0.706336397446
470313130 0.774035087719 0.70640656796 0.73209494324 0.675952564732 0.710051599587 0.701705143499
470313156 0.691021671827 0.794400392955 0.725325077399 0.849273735176 0.755294117647 0.828012069328 0.714963880289 0.777489298997
470313160 0.722807017544 0.771173952705 0.763054695562 0.821837064066 0.790464396285 0.797347554558 0.744685242518 0.751666549716
470313164 0.751702786378 0.744509157252 0.797358101135 0.790400673637 0.821878224974 0.76303417304 0.771269349845 0.722686127289
470313168 0.777585139319 0.714686688653 0.828111455108 0.755104904919 0.849370485036 0.725142095292 0.794551083591 0.690828713774
470313188 0.741671826625 0.853624307066 0.781506707946 0.913479755807 0.806480908153 0.895375763104 0.761981424149 0.838888499053
470313192 0.76866873065 0.833625710476 0.813085655315 0.890112974528 0.83657378741 0.870044207424 0.78773993808 0.817346151147
470313196 0.794014447884 0.811521998456 0.842724458204 0.864360395762 0.864561403509 0.842537365799 0.811764705882 0.793768858326
470313200 0.817585139319 0.787453512034 0.870299277606 0.836292190022 0.89036119711 0.812855238229 0.833849329205 0.768367132131
470313204 0.839133126935 0.761700933268 0.895521155831 0.80625920988 0.913684210526 0.781278506771 0.85386996904 0.741421654621
