# Xscale/Yscale
# 65.22/110.886
402668165 0.457988347133 0.747885215446 0.447562097516 0.832990639035 0.379638147807 0.815296791299
402668166 0.379638147807 0.815296791299 0.412143514259 0.735926988078 0.457988347133 0.747885215446
402668169 0.339773075744 0.693640315279 0.288101809261 0.762034882672 0.238270469181 0.712641812312
402668170 0.238270469181 0.712641812312 0.30604109169 0.660245657703 0.339773075744 0.693640315279
402668173 0.264642747623 0.587576429847 0.185525912297 0.620655447938 0.167279975468 0.552865104702
402668174 0.167279975468 0.552865104702 0.252223244404 0.541745576538 0.264642747623 0.587576429847
402668177 0.252223244404 0.458245405191 0.167279975468 0.447044712588 0.185525912297 0.379272405894
402668178 0.185525912297 0.379272405894 0.264642747623 0.412432588424 0.252223244404 0.458245405191
402668181 0.30634774609 0.33995274426 0.238423796381 0.287502480025 0.288408463661 0.238154501019
402668182 0.288408463661 0.238154501019 0.340079730144 0.306594159768 0.30634774609 0.33995274426
402668185 0.41245016866 0.264478834118 0.380098129408 0.185072957813 0.448022079117 0.167451256245
402668186 0.448022079117 0.167451256245 0.458295001533 0.252565698104 0.41245016866 0.264478834118
402668189 0.542164980067 0.252123802825 0.553971174486 0.167198744657 0.621588469795 0.185965766643
402668190 0.621588469795 0.185965766643 0.587856485741 0.264812510146 0.542164980067 0.252123802825
402668193 0.660533578657 0.306395757805 0.712971481141 0.23860541457 0.76234283962 0.288575654276
402668194 0.76234283962 0.288575654276 0.69380558111 0.340178201035 0.660533578657 0.306404776076
402668197 0.736123888378 0.412766264452 0.815394050905 0.380093068557 0.833333333333 0.447973594502
402668198 0.833333333333 0.447973594502 0.748236737197 0.458660245658 0.736123888378 0.412775282723
402668201 0.748083409997 0.542250599715 0.833180006133 0.553162707646 0.815087396504 0.620998142236
402668202 0.815087396504 0.620998142236 0.735817233977 0.588117526108 0.748083409997 0.542259617986
402668205 0.69380558111 0.660606388543 0.76218951242 0.712326172826 0.712818153941 0.762206229822
402668206 0.712818153941 0.762215248093 0.660380251457 0.694334722147 0.69380558111 0.660615406814
402668209 0.58754983134 0.735818768826 0.620975160994 0.814728640225 0.553357865685 0.833360388146
402668210 0.553357865685 0.833369406417 0.541704998467 0.748417293437 0.58754983134 0.735818768826
402668293 0.523612388838 0.750374258247 0.535571910457 0.835263243331 0.465348052745 0.83578630305
402668294 0.465348052745 0.835777284779 0.476080956762 0.750725970817 0.523612388838 0.750374258247
402668297 0.395277522232 0.728414768321 0.363078810181 0.807874754252 0.302054584483 0.773118337752
402668298 0.302054584483 0.773118337752 0.354032505366 0.70491315405 0.395277522232 0.728414768321
402668301 0.295461514873 0.645654095197 0.227690892364 0.698266688311 0.192425636308 0.63760979745
402668302 0.192425636308 0.63760979745 0.271542471634 0.604648016882 0.295461514873 0.645645076926
402668305 0.2500766636 0.523790198943 0.164980067464 0.535144202154 0.164980067464 0.464936962286
402668306 0.164980067464 0.464936962286 0.2500766636 0.47632703858 0.2500766636 0.523790198943
402668309 0.271542471634 0.39555038508 0.192425636308 0.362570567971 0.227690892364 0.301922695381
402668310 0.227690892364 0.301922695381 0.295461514873 0.354553325037 0.271542471634 0.39555038508
402668313 0.354339159767 0.295131937305 0.302514566084 0.226836570893 0.363538791782 0.192188373645
402668314 0.363538791782 0.192188373645 0.395584176633 0.271702469203 0.354339159767 0.295131937305
402668317 0.476540938362 0.249661814837 0.465961361546 0.164583446062 0.536185219258 0.165214725033
402668318 0.536185219258 0.165214725033 0.523919043238 0.250085673575 0.476540938362 0.249652796566
402668321 0.604875804968 0.271206464297 0.638147807421 0.192170337103 0.698712051518 0.227711343181
402668322 0.698712051518 0.227711343181 0.645814167433 0.295240156557 0.604875804968 0.271206464297
402668325 0.705458448329 0.354390996158 0.773689052438 0.302382627203 0.808494326894 0.363355157549
402668326 0.808494326894 0.363355157549 0.729070837167 0.395604494706 0.705458448329 0.354390996158
402668329 0.750689972401 0.476480349187 0.835633241337 0.465135364248 0.835633241337 0.535351622387
402668330 0.835633241337 0.535342604116 0.750689972401 0.52394350955 0.750689972401 0.476480349187
402668333 0.728764182766 0.605180094872 0.808187672493 0.63760979745 0.773229070837 0.698501163357
402668334 0.773229070837 0.698501163357 0.705151793928 0.646339483794 0.728764182766 0.605171076601
402668337 0.645507513033 0.70526486662 0.698252069917 0.772865826164 0.63768782582 0.808316649532
402668338 0.63768782582 0.808316649532 0.604569150567 0.729226412712 0.645507513033 0.70526486662
402668677 0.44357559031 0.838013815991 0.435142594296 0.905677903432 0.353572523766 0.884259509767
402668678 0.353572523766 0.884259509767 0.379484820607 0.821185722273 0.44357559031 0.838013815991
402668681 0.282122048451 0.764433742763 0.241030358786 0.81875980737 0.18107942349 0.759311364825
402668682 0.18107942349 0.759320383096 0.235203925176 0.717737135436 0.282122048451 0.764442761034
402668685 0.179086169887 0.620159443032 0.116222017786 0.646438684775 0.0942962281509 0.564976642678
402668686 0.0942962281509 0.564976642678 0.161913523459 0.556165791894 0.179086169887 0.620159443032
402668689 0.161913523459 0.443744025395 0.0942962281509 0.434861028444 0.116375344986 0.353417022888
402668690 0.116375344986 0.353426041159 0.179239497087 0.3797684108 0.161913523459 0.443744025395
402668693 0.235510579577 0.282037407788 0.18153940509 0.240372995689 0.241490340386 0.181032772397
402668694 0.241490340386 0.181032772397 0.282582030052 0.235421964901 0.235510579577 0.282046426059
402668697 0.379944802208 0.178913478708 0.354185832567 0.11580361813 0.435755903097 0.094502461988
402668698 0.435755903097 0.094511480259 0.44403557191 0.162184585971 0.379944802208 0.178913478708
402668701 0.556884391291 0.161868946486 0.566084023306 0.0943220965676 0.647500766636 0.116732500045
402668702 0.647500766636 0.116732500045 0.620821833793 0.179481629782 0.556884391291 0.161877964757
402668705 0.71849126035 0.235557238966 0.760196258816 0.181609941742 0.819533885311 0.241599480548
402668706 0.819533885311 0.241599480548 0.765102729224 0.282686723301 0.71849126035 0.235557238966
402668709 0.821373811714 0.380165214725 0.884391291015 0.354111429757 0.90601042625 0.435654636293
402668710 0.90601042625 0.435654636293 0.838393130941 0.444221993759 0.821373811714 0.380165214725
402668713 0.838393130941 0.556607687174 0.90616375345 0.565274245622 0.884391291015 0.646781379074
402668714 0.884391291015 0.646790397345 0.821373811714 0.620637411395 0.838393130941 0.556607687174
402668717 0.764642747623 0.718260195155 0.81892057651 0.759473693703 0.759582950015 0.819318940173
402668718 0.759582950015 0.819327958444 0.717877951549 0.765281460238 0.764642747623 0.718269213426
402668721 0.620361852193 0.821239831899 0.647040785035 0.88402503472 0.565624041705 0.906327218946
402668722 0.565624041705 0.906327218946 0.55642440969 0.838762332486 0.620361852193 0.821239831899
402668805 0.532812020852 0.841134137763 0.542164980067 0.90867196941 0.457835019933 0.909086809877
402668806 0.457835019933 0.909077791606 0.466574670347 0.84145879552 0.532812020852 0.841134137763
402668809 0.357865685373 0.811806720416 0.332260042932 0.874952654077 0.258969641214 0.833071803474
402668810 0.258969641214 0.833071803474 0.300367985281 0.778899049474 0.357865685373 0.811806720416
402668813 0.221097822754 0.699105387515 0.167126648267 0.740841945782 0.124808341 0.667884133254
402668814 0.124808341 0.667884133254 0.187825820301 0.641785256931 0.221097822754 0.699105387515
402668817 0.158846979454 0.533313493137 0.091229684146 0.542367837238 0.091229684146 0.458010930144
402668818 0.091229684146 0.458010930144 0.158846979454 0.467038219433 0.158846979454 0.533313493137
402668821 0.187979147501 0.358331980593 0.1249616682 0.332206049456 0.167279975468 0.25926627347
402668822 0.167279975468 0.25926627347 0.221251149954 0.30102988655 0.187979147501 0.358331980593
402668825 0.300674639681 0.221128005339 0.259429622815 0.166910159984 0.332566697332 0.12511047382
402668826 0.332566697332 0.12511047382 0.358325666973 0.188292480566 0.300674639681 0.221128005339
402668829 0.466727997547 0.159037209386 0.458141674333 0.0914091950291 0.542471634468 0.091878145122
402668830 0.542471634468 0.091878145122 0.532965348053 0.159406958498 0.466727997547 0.159037209386
402668833 0.641061024226 0.18823837094 0.667279975468 0.125281820969 0.740263722784 0.167694749563
402668834 0.740263722784 0.167694749563 0.698405397117 0.221560882348 0.641061024226 0.18823837094
402668837 0.778135541245 0.300723265336 0.832260042932 0.259185109031 0.874271695799 0.332305250437
402668838 0.874271695799 0.332305250437 0.811254216498 0.358160633443 0.778135541245 0.300723265336
402668841 0.840539711745 0.466857854012 0.908157007053 0.45779449164 0.908157007053 0.542151398734
402668842 0.908157007053 0.542151398734 0.840539711745 0.533133127717 0.840539711745 0.466857854012
402668845 0.811714198099 0.642155006042 0.8748850046 0.667983334235 0.832873351733 0.741130530455
402668846 0.832873351733 0.741121512184 0.778748850046 0.699610410692 0.811714198099 0.642155006042
402668849 0.699018705918 0.779070396624 0.740877031585 0.832900456325 0.667893284269 0.875376512815
402668850 0.667893284269 0.875376512815 0.641674333027 0.812437999387 0.699018705918 0.779061378353
402669188 0.459214964735 0.913821402161 0.453081876725 0.998701368974 0.391597669427 0.989304330574 0.411223551058 0.906489547824
402669192 0.333333333333 0.880895694677 0.301287948482 0.959724401638 0.245783501993 0.931794816298 0.290095062864 0.8591075519
402669196 0.223704385158 0.810688454809 0.16881324747 0.875701170572 0.124808341 0.831953537868 0.189359092303 0.776572335552
402669200 0.141367678626 0.710035531988 0.0689972401104 0.754802229317 0.040631708065 0.699538264524 0.119288561791 0.666937214797
402669204 0.0941429009506 0.588956225312 0.0113462128182 0.609039914868 0.0016865992027 0.547724690222 0.0864765409384 0.541132334109
402669208 0.0864765409384 0.459372689068 0.0016865992027 0.45282542431 0.0113462128182 0.391501181394 0.0941429009506 0.411548797864
402669212 0.119441888991 0.333387442959 0.0407850352653 0.300786393233 0.0691505673106 0.24552242844 0.141521005826 0.290289125769
402669216 0.189512419503 0.224004833793 0.1249616682 0.168641668019 0.16896657467 0.124885017045 0.223857712358 0.189879696265
402669220 0.290095062864 0.141496672258 0.245783501993 0.0688274444024 0.301287948482 0.0408798225204 0.333333333333 0.119708529481
402669224 0.411223551058 0.0941507494183 0.391597669427 0.0113359666685 0.453081876725 0.00192990999766 0.459214964735 0.0868188950814
402669228 0.541091689666 0.0865032555958 0.548144740877 0.00168641668019 0.609322293775 0.0117147340512 0.588929776142 0.0943220965676
402669232 0.667279975468 0.119519145789 0.70009199632 0.0410060783147 0.755289788408 0.0694857781866 0.710211591536 0.141731147304
402669236 0.776755596443 0.189690312573 0.832260042932 0.125119492091 0.875958295002 0.169209819093 0.810794234897 0.224076979961
402669240 0.859092302975 0.290361271937 0.931769395891 0.245973341991 0.959828273536 0.30138159912 0.88101809261 0.33356780838
402669244 0.90647040785 0.411503706509 0.989267095983 0.391591364104 0.998926709598 0.452933643562 0.913983440662 0.459336615984
402669248 0.913983440662 0.541330736071 0.998926709598 0.547814872933 0.989267095983 0.609139115849 0.90647040785 0.589154627275
402669252 0.88101809261 0.667397146619 0.959674946335 0.699700593402 0.931616068691 0.755063759176 0.859092302975 0.710567609978
402669256 0.810640907697 0.776878956766 0.875651640601 0.831845318616 0.831800061331 0.875872517721 0.776602269243 0.811211514528
402669260 0.710058264336 0.859188716339 0.754983134008 0.931488195083 0.699632014719 0.959895748787 0.666973321067 0.881346608228
402669264 0.588776448942 0.906417401656 0.609168966575 0.989042800714 0.547838086477 0.99902602673 0.540938362466 0.914200169543
402669316 0.523765716038 0.914957704309 0.53097209445 0.999756506683 0.46887457835 1.0 0.475314320761 0.915147088
402669320 0.394357559031 0.902052558483 0.3750383318 0.984903414317 0.315854032505 0.965928972097 0.348206071757 0.887244557473
402669324 0.27522232444 0.849647385603 0.23106409077 0.922397777898 0.180772769089 0.886027090886 0.235970561178 0.821275904983
402669328 0.178166206685 0.763144130007 0.113615455382 0.818633551575 0.0771235817234 0.768455891636 0.149647347439 0.724013852064
402669332 0.11254216498 0.6509117472 0.0340386384545 0.683639052721 0.0148727384238 0.624596432372 0.0976694265563 0.604864455387
402669336 0.0849432689359 0.523997619176 0.0 0.530761322439 0.000153327200245 0.468679544758 0.0849432689359 0.475578522086
402669340 0.0978227537565 0.394432119474 0.015026065624 0.374501740526 0.034345292855 0.315504211533 0.112848819381 0.348420900745
402669344 0.15010732904 0.275408978591 0.0775835633241 0.23080461014 0.114228764183 0.18070811464 0.178626188286 0.236332810274
402669348 0.236430542778 0.17830925455 0.18138607789 0.113458867666 0.231677399571 0.0771783633642 0.275682306041 0.150009920098
402669352 0.348819380558 0.112602131919 0.316467341306 0.0338726259402 0.375651640601 0.0149883664304 0.394970867832 0.0978752953484
402669356 0.475927629561 0.0848619302707 0.469487887151 0.0 0.531585403251 0.000315639485598 0.524379024839 0.0851054235882
402669360 0.605642440969 0.0977129664701 0.625728304201 0.0150334577855 0.684605949095 0.0345219414534 0.651487273842 0.112917771405
402669364 0.72477767556 0.150055011453 0.769549218031 0.077620258644 0.819533885311 0.114342658226 0.763876111622 0.178697040203
402669368 0.821833793315 0.236594340133 0.886691199019 0.18141153978 0.923029745477 0.231760546868 0.85019932536 0.275859892141
402669372 0.88745783502 0.348889850838 0.966114688746 0.316315855924 0.985127261576 0.375394549357 0.902330573444 0.394973215735
402669376 0.915210058264 0.475993362553 1.0 0.469175549664 1.0 0.531266345616 0.915210058264 0.524412459643
402669380 0.902177246243 0.60560395361 0.984973934376 0.625245747885 0.965808034345 0.684315423047 0.88730450782 0.651669281965
402669384 0.84973934376 0.724572984867 0.922569763876 0.768735458038 0.886077890218 0.819048392042 0.821373811714 0.763811482063
402669388 0.763109475621 0.821762891618 0.81876724931 0.886207456306 0.76862925483 0.922848691449 0.724011039558 0.850341792472
402669392 0.650720637841 0.8872986671 0.683685985894 0.965748606677 0.624808341 0.985137889364 0.604722477768 0.902422307595
