# Xscale/Yscale
# 273.047/319.13
436260900 0.420561295308 1.0 0.495328643054 1.0 0.495328643054 0.9814809012 0.420561295308 0.9814809012
436260904 0.336447571297 1.0 0.411214919043 1.0 0.411214919043 0.9814809012 0.336447571297 0.9814809012
436260908 0.25233750966 1.0 0.327104857406 1.0 0.327104857406 0.9814809012 0.25233750966 0.9814809012
436260912 0.168223785649 1.0 0.242991133395 1.0 0.242991133395 0.9814809012 0.168223785649 0.9814809012
436260916 0.0841137240109 1.0 0.158881071757 1.0 0.158881071757 0.9814809012 0.0841137240109 0.9814809012
436260920 0.0 1.0 0.074767347746 1.0 0.074767347746 0.9814809012 0.0 0.9814809012
436260932 0.420561295308 0.9814809012 0.495328643054 0.9814809012 0.495328643054 0.9629618024 0.420561295308 0.9629618024
436260936 0.336447571297 0.9814809012 0.411214919043 0.9814809012 0.411214919043 0.9629618024 0.336447571297 0.9629618024
436260940 0.25233750966 0.9814809012 0.327104857406 0.9814809012 0.327104857406 0.9629618024 0.25233750966 0.9629618024
436260944 0.168223785649 0.9814809012 0.242991133395 0.9814809012 0.242991133395 0.9629618024 0.168223785649 0.9629618024
436260948 0.0841137240109 0.9814809012 0.158881071757 0.9814809012 0.158881071757 0.9629618024 0.0841137240109 0.9629618024
436260952 0.0 0.9814809012 0.074767347746 0.9814809012 0.074767347746 0.9629618024 0.0 0.9629618024
436260964 0.420561295308 0.9629618024 0.495328643054 0.9629618024 0.495328643054 0.9444427036 0.420561295308 0.9444427036
436260968 0.336447571297 0.9629618024 0.411214919043 0.9629618024 0.411214919043 0.9444427036 0.336447571297 0.9444427036
436260972 0.25233750966 0.9629618024 0.327104857406 0.9629618024 0.327104857406 0.9444427036 0.25233750966 0.9444427036
436260976 0.168223785649 0.9629618024 0.242991133395 0.9629618024 0.242991133395 0.9444427036 0.168223785649 0.9444427036
436260980 0.0841137240109 0.9629618024 0.158881071757 0.9629618024 0.158881071757 0.9444427036 0.0841137240109 0.9444427036
436260984 0.0 0.9629618024 0.074767347746 0.9629618024 0.074767347746 0.9444427036 0.0 0.9444427036
436260996 0.420561295308 0.9444427036 0.495328643054 0.9444427036 0.495328643054 0.925923604801 0.420561295308 0.925923604801
436261000 0.336447571297 0.9444427036 0.411214919043 0.9444427036 0.411214919043 0.925923604801 0.336447571297 0.925923604801
436261004 0.25233750966 0.9444427036 0.327104857406 0.9444427036 0.327104857406 0.925923604801 0.25233750966 0.925923604801
436261008 0.168223785649 0.9444427036 0.242991133395 0.9444427036 0.242991133395 0.925923604801 0.168223785649 0.925923604801
436261012 0.0841137240109 0.9444427036 0.158881071757 0.9444427036 0.158881071757 0.925923604801 0.0841137240109 0.925923604801
436261016 0.0 0.9444427036 0.074767347746 0.9444427036 0.074767347746 0.925923604801 0.0 0.925923604801
436261028 0.420561295308 0.925923604801 0.495328643054 0.925923604801 0.495328643054 0.907404506001 0.420561295308 0.907404506001
436261032 0.336447571297 0.925923604801 0.411214919043 0.925923604801 0.411214919043 0.907404506001 0.336447571297 0.907404506001
436261036 0.25233750966 0.925923604801 0.327104857406 0.925923604801 0.327104857406 0.907404506001 0.25233750966 0.907404506001
436261040 0.168223785649 0.925923604801 0.242991133395 0.925923604801 0.242991133395 0.907404506001 0.168223785649 0.907404506001
436261044 0.0841137240109 0.925923604801 0.158881071757 0.925923604801 0.158881071757 0.907404506001 0.0841137240109 0.907404506001
436261048 0.0 0.925923604801 0.074767347746 0.925923604801 0.074767347746 0.907404506001 0.0 0.907404506001
436261060 0.420561295308 0.907404506001 0.495328643054 0.907404506001 0.495328643054 0.888885407201 0.420561295308 0.888885407201
436261064 0.336447571297 0.907404506001 0.411214919043 0.907404506001 0.411214919043 0.888885407201 0.336447571297 0.888885407201
436261068 0.25233750966 0.907404506001 0.327104857406 0.907404506001 0.327104857406 0.888885407201 0.25233750966 0.888885407201
436261072 0.168223785649 0.907404506001 0.242991133395 0.907404506001 0.242991133395 0.888885407201 0.168223785649 0.888885407201
436261076 0.0841137240109 0.907404506001 0.158881071757 0.907404506001 0.158881071757 0.888885407201 0.0841137240109 0.888885407201
436261080 0.0 0.907404506001 0.074767347746 0.907404506001 0.074767347746 0.888885407201 0.0 0.888885407201
436261092 0.420561295308 0.888885407201 0.495328643054 0.888885407201 0.495328643054 0.870366308401 0.420561295308 0.870366308401
436261096 0.336447571297 0.888885407201 0.411214919043 0.888885407201 0.411214919043 0.870366308401 0.336447571297 0.870366308401
436261100 0.25233750966 0.888885407201 0.327104857406 0.888885407201 0.327104857406 0.870366308401 0.25233750966 0.870366308401
436261104 0.168223785649 0.888885407201 0.242991133395 0.888885407201 0.242991133395 0.870366308401 0.168223785649 0.870366308401
436261108 0.0841137240109 0.888885407201 0.158881071757 0.888885407201 0.158881071757 0.870366308401 0.0841137240109 0.870366308401
436261112 0.0 0.888885407201 0.074767347746 0.888885407201 0.074767347746 0.870366308401 0.0 0.870366308401
436261124 0.420561295308 0.870366308401 0.495328643054 0.870366308401 0.495328643054 0.851847209601 0.420561295308 0.851847209601
436261128 0.336447571297 0.870366308401 0.411214919043 0.870366308401 0.411214919043 0.851847209601 0.336447571297 0.851847209601
436261132 0.25233750966 0.870366308401 0.327104857406 0.870366308401 0.327104857406 0.851847209601 0.25233750966 0.851847209601
436261136 0.168223785649 0.870366308401 0.242991133395 0.870366308401 0.242991133395 0.851847209601 0.168223785649 0.851847209601
436261140 0.0841137240109 0.870366308401 0.158881071757 0.870366308401 0.158881071757 0.851847209601 0.0841137240109 0.851847209601
436261144 0.0 0.870366308401 0.074767347746 0.870366308401 0.074767347746 0.851847209601 0.0 0.851847209601
436261156 0.420561295308 0.851847209601 0.495328643054 0.851847209601 0.495328643054 0.833328110801 0.420561295308 0.833328110801
436261160 0.336447571297 0.851847209601 0.411214919043 0.851847209601 0.411214919043 0.833328110801 0.336447571297 0.833328110801
436261164 0.25233750966 0.851847209601 0.327104857406 0.851847209601 0.327104857406 0.833328110801 0.25233750966 0.833328110801
436261168 0.168223785649 0.851847209601 0.242991133395 0.851847209601 0.242991133395 0.833328110801 0.168223785649 0.833328110801
436261172 0.0841137240109 0.851847209601 0.158881071757 0.851847209601 0.158881071757 0.833328110801 0.0841137240109 0.833328110801
436261176 0.0 0.851847209601 0.074767347746 0.851847209601 0.074767347746 0.833328110801 0.0 0.833328110801
436261188 0.420561295308 0.833328110801 0.495328643054 0.833328110801 0.495328643054 0.814809012001 0.420561295308 0.814809012001
436261192 0.336447571297 0.833328110801 0.411214919043 0.833328110801 0.411214919043 0.814809012001 0.336447571297 0.814809012001
436261196 0.25233750966 0.833328110801 0.327104857406 0.833328110801 0.327104857406 0.814809012001 0.25233750966 0.814809012001
436261200 0.168223785649 0.833328110801 0.242991133395 0.833328110801 0.242991133395 0.814809012001 0.168223785649 0.814809012001
436261204 0.0841137240109 0.833328110801 0.158881071757 0.833328110801 0.158881071757 0.814809012001 0.0841137240109 0.814809012001
436261208 0.0 0.833328110801 0.074767347746 0.833328110801 0.074767347746 0.814809012001 0.0 0.814809012001
436261220 0.420561295308 0.814809012001 0.495328643054 0.814809012001 0.495328643054 0.796289913202 0.420561295308 0.796289913202
436261224 0.336447571297 0.814809012001 0.411214919043 0.814809012001 0.411214919043 0.796289913202 0.336447571297 0.796289913202
436261228 0.25233750966 0.814809012001 0.327104857406 0.814809012001 0.327104857406 0.796289913202 0.25233750966 0.796289913202
436261232 0.168223785649 0.814809012001 0.242991133395 0.814809012001 0.242991133395 0.796289913202 0.168223785649 0.796289913202
436261236 0.0841137240109 0.814809012001 0.158881071757 0.814809012001 0.158881071757 0.796289913202 0.0841137240109 0.796289913202
436261240 0.0 0.814809012001 0.074767347746 0.814809012001 0.074767347746 0.796289913202 0.0 0.796289913202
436261252 0.420561295308 0.796289913202 0.495328643054 0.796289913202 0.495328643054 0.777770814402 0.420561295308 0.777770814402
436261256 0.336447571297 0.796289913202 0.411214919043 0.796289913202 0.411214919043 0.777770814402 0.336447571297 0.777770814402
436261260 0.25233750966 0.796289913202 0.327104857406 0.796289913202 0.327104857406 0.777770814402 0.25233750966 0.777770814402
436261264 0.168223785649 0.796289913202 0.242991133395 0.796289913202 0.242991133395 0.777770814402 0.168223785649 0.777770814402
436261268 0.0841137240109 0.796289913202 0.158881071757 0.796289913202 0.158881071757 0.777770814402 0.0841137240109 0.777770814402
436261272 0.0 0.796289913202 0.074767347746 0.796289913202 0.074767347746 0.777770814402 0.0 0.777770814402
436261284 0.420561295308 0.777770814402 0.495328643054 0.777770814402 0.495328643054 0.759251715602 0.420561295308 0.759251715602
436261288 0.336447571297 0.777770814402 0.411214919043 0.777770814402 0.411214919043 0.759251715602 0.336447571297 0.759251715602
436261292 0.25233750966 0.777770814402 0.327104857406 0.777770814402 0.327104857406 0.759251715602 0.25233750966 0.759251715602
436261296 0.168223785649 0.777770814402 0.242991133395 0.777770814402 0.242991133395 0.759251715602 0.168223785649 0.759251715602
436261300 0.0841137240109 0.777770814402 0.158881071757 0.777770814402 0.158881071757 0.759251715602 0.0841137240109 0.759251715602
436261304 0.0 0.777770814402 0.074767347746 0.777770814402 0.074767347746 0.759251715602 0.0 0.759251715602
436261316 0.420561295308 0.759251715602 0.495328643054 0.759251715602 0.495328643054 0.740763951994 0.420561295308 0.740763951994
436261320 0.336447571297 0.759251715602 0.411214919043 0.759251715602 0.411214919043 0.740763951994 0.336447571297 0.740763951994
436261324 0.25233750966 0.759251715602 0.327104857406 0.759251715602 0.327104857406 0.740763951994 0.25233750966 0.740763951994
436261328 0.168223785649 0.759251715602 0.242991133395 0.759251715602 0.242991133395 0.740763951994 0.168223785649 0.740763951994
436261332 0.0841137240109 0.759251715602 0.158881071757 0.759251715602 0.158881071757 0.740763951994 0.0841137240109 0.740763951994
436261336 0.0 0.759251715602 0.074767347746 0.759251715602 0.074767347746 0.740763951994 0.0 0.740763951994
436261348 0.420561295308 0.740763951994 0.495328643054 0.740763951994 0.495328643054 0.722244853195 0.420561295308 0.722244853195
436261352 0.336447571297 0.740763951994 0.411214919043 0.740763951994 0.411214919043 0.722244853195 0.336447571297 0.722244853195
436261356 0.25233750966 0.740763951994 0.327104857406 0.740763951994 0.327104857406 0.722244853195 0.25233750966 0.722244853195
436261360 0.168223785649 0.740763951994 0.242991133395 0.740763951994 0.242991133395 0.722244853195 0.168223785649 0.722244853195
436261364 0.0841137240109 0.740763951994 0.158881071757 0.740763951994 0.158881071757 0.722244853195 0.0841137240109 0.722244853195
436261368 0.0 0.740763951994 0.074767347746 0.740763951994 0.074767347746 0.722244853195 0.0 0.722244853195
436261380 0.420561295308 0.722244853195 0.495328643054 0.722244853195 0.495328643054 0.703725754395 0.420561295308 0.703725754395
436261384 0.336447571297 0.722244853195 0.411214919043 0.722244853195 0.411214919043 0.703725754395 0.336447571297 0.703725754395
436261388 0.25233750966 0.722244853195 0.327104857406 0.722244853195 0.327104857406 0.703725754395 0.25233750966 0.703725754395
436261392 0.168223785649 0.722244853195 0.242991133395 0.722244853195 0.242991133395 0.703725754395 0.168223785649 0.703725754395
436261396 0.0841137240109 0.722244853195 0.158881071757 0.722244853195 0.158881071757 0.703725754395 0.0841137240109 0.703725754395
436261400 0.0 0.722244853195 0.074767347746 0.722244853195 0.074767347746 0.703725754395 0.0 0.703725754395
436261412 0.420561295308 0.703725754395 0.495328643054 0.703725754395 0.495328643054 0.685206655595 0.420561295308 0.685206655595
436261416 0.336447571297 0.703725754395 0.411214919043 0.703725754395 0.411214919043 0.685206655595 0.336447571297 0.685206655595
436261420 0.25233750966 0.703725754395 0.327104857406 0.703725754395 0.327104857406 0.685206655595 0.25233750966 0.685206655595
436261424 0.168223785649 0.703725754395 0.242991133395 0.703725754395 0.242991133395 0.685206655595 0.168223785649 0.685206655595
436261428 0.0841137240109 0.703725754395 0.158881071757 0.703725754395 0.158881071757 0.685206655595 0.0841137240109 0.685206655595
436261432 0.0 0.703725754395 0.074767347746 0.703725754395 0.074767347746 0.685206655595 0.0 0.685206655595
436261444 0.420561295308 0.685206655595 0.495328643054 0.685206655595 0.495328643054 0.666687556795 0.420561295308 0.666687556795
436261448 0.336447571297 0.685206655595 0.411214919043 0.685206655595 0.411214919043 0.666687556795 0.336447571297 0.666687556795
436261452 0.25233750966 0.685206655595 0.327104857406 0.685206655595 0.327104857406 0.666687556795 0.25233750966 0.666687556795
436261456 0.168223785649 0.685206655595 0.242991133395 0.685206655595 0.242991133395 0.666687556795 0.168223785649 0.666687556795
436261460 0.0841137240109 0.685206655595 0.158881071757 0.685206655595 0.158881071757 0.666687556795 0.0841137240109 0.666687556795
436261464 0.0 0.685206655595 0.074767347746 0.685206655595 0.074767347746 0.666687556795 0.0 0.666687556795
436261476 0.420561295308 0.666687556795 0.495328643054 0.666687556795 0.495328643054 0.648168457995 0.420561295308 0.648168457995
436261480 0.336447571297 0.666687556795 0.411214919043 0.666687556795 0.411214919043 0.648168457995 0.336447571297 0.648168457995
436261484 0.25233750966 0.666687556795 0.327104857406 0.666687556795 0.327104857406 0.648168457995 0.25233750966 0.648168457995
436261488 0.168223785649 0.666687556795 0.242991133395 0.666687556795 0.242991133395 0.648168457995 0.168223785649 0.648168457995
436261492 0.0841137240109 0.666687556795 0.158881071757 0.666687556795 0.158881071757 0.648168457995 0.0841137240109 0.648168457995
436261496 0.0 0.666687556795 0.074767347746 0.666687556795 0.074767347746 0.648168457995 0.0 0.648168457995
436261508 0.420561295308 0.648168457995 0.495328643054 0.648168457995 0.495328643054 0.629649359195 0.420561295308 0.629649359195
436261512 0.336447571297 0.648168457995 0.411214919043 0.648168457995 0.411214919043 0.629649359195 0.336447571297 0.629649359195
436261516 0.25233750966 0.648168457995 0.327104857406 0.648168457995 0.327104857406 0.629649359195 0.25233750966 0.629649359195
436261520 0.168223785649 0.648168457995 0.242991133395 0.648168457995 0.242991133395 0.629649359195 0.168223785649 0.629649359195
436261524 0.0841137240109 0.648168457995 0.158881071757 0.648168457995 0.158881071757 0.629649359195 0.0841137240109 0.629649359195
436261528 0.0 0.648168457995 0.074767347746 0.648168457995 0.074767347746 0.629649359195 0.0 0.629649359195
436261540 0.420561295308 0.629649359195 0.495328643054 0.629649359195 0.495328643054 0.611130260395 0.420561295308 0.611130260395
436261544 0.336447571297 0.629649359195 0.411214919043 0.629649359195 0.411214919043 0.611130260395 0.336447571297 0.611130260395
436261548 0.25233750966 0.629649359195 0.327104857406 0.629649359195 0.327104857406 0.611130260395 0.25233750966 0.611130260395
436261552 0.168223785649 0.629649359195 0.242991133395 0.629649359195 0.242991133395 0.611130260395 0.168223785649 0.611130260395
436261556 0.0841137240109 0.629649359195 0.158881071757 0.629649359195 0.158881071757 0.611130260395 0.0841137240109 0.611130260395
436261560 0.0 0.629649359195 0.074767347746 0.629649359195 0.074767347746 0.611130260395 0.0 0.611130260395
436261572 0.420561295308 0.611130260395 0.495328643054 0.611130260395 0.495328643054 0.592611161596 0.420561295308 0.592611161596
436261576 0.336447571297 0.611130260395 0.411214919043 0.611130260395 0.411214919043 0.592611161596 0.336447571297 0.592611161596
436261580 0.25233750966 0.611130260395 0.327104857406 0.611130260395 0.327104857406 0.592611161596 0.25233750966 0.592611161596
436261584 0.168223785649 0.611130260395 0.242991133395 0.611130260395 0.242991133395 0.592611161596 0.168223785649 0.592611161596
436261588 0.0841137240109 0.611130260395 0.158881071757 0.611130260395 0.158881071757 0.592611161596 0.0841137240109 0.592611161596
436261592 0.0 0.611130260395 0.074767347746 0.611130260395 0.074767347746 0.592611161596 0.0 0.592611161596
436261604 0.420561295308 0.592611161596 0.495328643054 0.592611161596 0.495328643054 0.574092062796 0.420561295308 0.574092062796
436261608 0.336447571297 0.592611161596 0.411214919043 0.592611161596 0.411214919043 0.574092062796 0.336447571297 0.574092062796
436261612 0.25233750966 0.592611161596 0.327104857406 0.592611161596 0.327104857406 0.574092062796 0.25233750966 0.574092062796
436261616 0.168223785649 0.592611161596 0.242991133395 0.592611161596 0.242991133395 0.574092062796 0.168223785649 0.574092062796
436261620 0.0841137240109 0.592611161596 0.158881071757 0.592611161596 0.158881071757 0.574092062796 0.0841137240109 0.574092062796
436261624 0.0 0.592611161596 0.074767347746 0.592611161596 0.074767347746 0.574092062796 0.0 0.574092062796
436261636 0.420561295308 0.574092062796 0.495328643054 0.574092062796 0.495328643054 0.555572963996 0.420561295308 0.555572963996
436261640 0.336447571297 0.574092062796 0.411214919043 0.574092062796 0.411214919043 0.555572963996 0.336447571297 0.555572963996
436261644 0.25233750966 0.574092062796 0.327104857406 0.574092062796 0.327104857406 0.555572963996 0.25233750966 0.555572963996
436261648 0.168223785649 0.574092062796 0.242991133395 0.574092062796 0.242991133395 0.555572963996 0.168223785649 0.555572963996
436261652 0.0841137240109 0.574092062796 0.158881071757 0.574092062796 0.158881071757 0.555572963996 0.0841137240109 0.555572963996
436261656 0.0 0.574092062796 0.074767347746 0.574092062796 0.074767347746 0.555572963996 0.0 0.555572963996
436261668 0.420561295308 0.555572963996 0.495328643054 0.555572963996 0.495328643054 0.537053865196 0.420561295308 0.537053865196
436261672 0.336447571297 0.555572963996 0.411214919043 0.555572963996 0.411214919043 0.537053865196 0.336447571297 0.537053865196
436261676 0.25233750966 0.555572963996 0.327104857406 0.555572963996 0.327104857406 0.537053865196 0.25233750966 0.537053865196
436261680 0.168223785649 0.555572963996 0.242991133395 0.555572963996 0.242991133395 0.537053865196 0.168223785649 0.537053865196
436261684 0.0841137240109 0.555572963996 0.158881071757 0.555572963996 0.158881071757 0.537053865196 0.0841137240109 0.537053865196
436261688 0.0 0.555572963996 0.074767347746 0.555572963996 0.074767347746 0.537053865196 0.0 0.537053865196
436261700 0.420561295308 0.537053865196 0.495328643054 0.537053865196 0.495328643054 0.518534766396 0.420561295308 0.518534766396
436261704 0.336447571297 0.537053865196 0.411214919043 0.537053865196 0.411214919043 0.518534766396 0.336447571297 0.518534766396
436261708 0.25233750966 0.537053865196 0.327104857406 0.537053865196 0.327104857406 0.518534766396 0.25233750966 0.518534766396
436261712 0.168223785649 0.537053865196 0.242991133395 0.537053865196 0.242991133395 0.518534766396 0.168223785649 0.518534766396
436261716 0.0841137240109 0.537053865196 0.158881071757 0.537053865196 0.158881071757 0.518534766396 0.0841137240109 0.518534766396
436261720 0.0 0.537053865196 0.074767347746 0.537053865196 0.074767347746 0.518534766396 0.0 0.518534766396
436261732 0.420561295308 0.518534766396 0.495328643054 0.518534766396 0.495328643054 0.500015667596 0.420561295308 0.500015667596
436261736 0.336447571297 0.518534766396 0.411214919043 0.518534766396 0.411214919043 0.500015667596 0.336447571297 0.500015667596
436261740 0.25233750966 0.518534766396 0.327104857406 0.518534766396 0.327104857406 0.500015667596 0.25233750966 0.500015667596
436261744 0.168223785649 0.518534766396 0.242991133395 0.518534766396 0.242991133395 0.500015667596 0.168223785649 0.500015667596
436261748 0.0841137240109 0.518534766396 0.158881071757 0.518534766396 0.158881071757 0.500015667596 0.0841137240109 0.500015667596
436261752 0.0 0.518534766396 0.074767347746 0.518534766396 0.074767347746 0.500015667596 0.0 0.500015667596
436261764 0.420561295308 0.500015667596 0.495328643054 0.500015667596 0.495328643054 0.481496568796 0.420561295308 0.481496568796
436261768 0.336447571297 0.500015667596 0.411214919043 0.500015667596 0.411214919043 0.481496568796 0.336447571297 0.481496568796
436261772 0.25233750966 0.500015667596 0.327104857406 0.500015667596 0.327104857406 0.481496568796 0.25233750966 0.481496568796
436261776 0.168223785649 0.500015667596 0.242991133395 0.500015667596 0.242991133395 0.481496568796 0.168223785649 0.481496568796
436261780 0.0841137240109 0.500015667596 0.158881071757 0.500015667596 0.158881071757 0.481496568796 0.0841137240109 0.481496568796
436261784 0.0 0.500015667596 0.074767347746 0.500015667596 0.074767347746 0.481496568796 0.0 0.481496568796
436261796 0.420561295308 0.481496568796 0.495328643054 0.481496568796 0.495328643054 0.462977469997 0.420561295308 0.462977469997
436261800 0.336447571297 0.481496568796 0.411214919043 0.481496568796 0.411214919043 0.462977469997 0.336447571297 0.462977469997
436261804 0.25233750966 0.481496568796 0.327104857406 0.481496568796 0.327104857406 0.462977469997 0.25233750966 0.462977469997
436261808 0.168223785649 0.481496568796 0.242991133395 0.481496568796 0.242991133395 0.462977469997 0.168223785649 0.462977469997
436261812 0.0841137240109 0.481496568796 0.158881071757 0.481496568796 0.158881071757 0.462977469997 0.0841137240109 0.462977469997
436261816 0.0 0.481496568796 0.074767347746 0.481496568796 0.074767347746 0.462977469997 0.0 0.462977469997
436261828 0.420561295308 0.462977469997 0.495328643054 0.462977469997 0.495328643054 0.444458371197 0.420561295308 0.444458371197
436261832 0.336447571297 0.462977469997 0.411214919043 0.462977469997 0.411214919043 0.444458371197 0.336447571297 0.444458371197
436261836 0.25233750966 0.462977469997 0.327104857406 0.462977469997 0.327104857406 0.444458371197 0.25233750966 0.444458371197
436261840 0.168223785649 0.462977469997 0.242991133395 0.462977469997 0.242991133395 0.444458371197 0.168223785649 0.444458371197
436261844 0.0841137240109 0.462977469997 0.158881071757 0.462977469997 0.158881071757 0.444458371197 0.0841137240109 0.444458371197
436261848 0.0 0.462977469997 0.074767347746 0.462977469997 0.074767347746 0.444458371197 0.0 0.444458371197
436261860 0.420561295308 0.444458371197 0.495328643054 0.444458371197 0.495328643054 0.425939272397 0.420561295308 0.425939272397
436261864 0.336447571297 0.444458371197 0.411214919043 0.444458371197 0.411214919043 0.425939272397 0.336447571297 0.425939272397
436261868 0.25233750966 0.444458371197 0.327104857406 0.444458371197 0.327104857406 0.425939272397 0.25233750966 0.425939272397
436261872 0.168223785649 0.444458371197 0.242991133395 0.444458371197 0.242991133395 0.425939272397 0.168223785649 0.425939272397
436261876 0.0841137240109 0.444458371197 0.158881071757 0.444458371197 0.158881071757 0.425939272397 0.0841137240109 0.425939272397
436261880 0.0 0.444458371197 0.074767347746 0.444458371197 0.074767347746 0.425939272397 0.0 0.425939272397
436261892 0.420561295308 0.425939272397 0.495328643054 0.425939272397 0.495328643054 0.407420173597 0.420561295308 0.407420173597
436261896 0.336447571297 0.425939272397 0.411214919043 0.425939272397 0.411214919043 0.407420173597 0.336447571297 0.407420173597
436261900 0.25233750966 0.425939272397 0.327104857406 0.425939272397 0.327104857406 0.407420173597 0.25233750966 0.407420173597
436261904 0.168223785649 0.425939272397 0.242991133395 0.425939272397 0.242991133395 0.407420173597 0.168223785649 0.407420173597
436261908 0.0841137240109 0.425939272397 0.158881071757 0.425939272397 0.158881071757 0.407420173597 0.0841137240109 0.407420173597
436261912 0.0 0.425939272397 0.074767347746 0.425939272397 0.074767347746 0.407420173597 0.0 0.407420173597
436261924 0.420561295308 0.407420173597 0.495328643054 0.407420173597 0.495328643054 0.388901074797 0.420561295308 0.388901074797
436261928 0.336447571297 0.407420173597 0.411214919043 0.407420173597 0.411214919043 0.388901074797 0.336447571297 0.388901074797
436261932 0.25233750966 0.407420173597 0.327104857406 0.407420173597 0.327104857406 0.388901074797 0.25233750966 0.388901074797
436261936 0.168223785649 0.407420173597 0.242991133395 0.407420173597 0.242991133395 0.388901074797 0.168223785649 0.388901074797
436261940 0.0841137240109 0.407420173597 0.158881071757 0.407420173597 0.158881071757 0.388901074797 0.0841137240109 0.388901074797
436261944 0.0 0.407420173597 0.074767347746 0.407420173597 0.074767347746 0.388901074797 0.0 0.388901074797
436261956 0.420561295308 0.388901074797 0.495328643054 0.388901074797 0.495328643054 0.370381975997 0.420561295308 0.370381975997
436261960 0.336447571297 0.388901074797 0.411214919043 0.388901074797 0.411214919043 0.370381975997 0.336447571297 0.370381975997
436261964 0.25233750966 0.388901074797 0.327104857406 0.388901074797 0.327104857406 0.370381975997 0.25233750966 0.370381975997
436261968 0.168223785649 0.388901074797 0.242991133395 0.388901074797 0.242991133395 0.370381975997 0.168223785649 0.370381975997
436261972 0.0841137240109 0.388901074797 0.158881071757 0.388901074797 0.158881071757 0.370381975997 0.0841137240109 0.370381975997
436261976 0.0 0.388901074797 0.074767347746 0.388901074797 0.074767347746 0.370381975997 0.0 0.370381975997
436261988 0.420561295308 0.370381975997 0.495328643054 0.370381975997 0.495328643054 0.351862877197 0.420561295308 0.351862877197
436261992 0.336447571297 0.370381975997 0.411214919043 0.370381975997 0.411214919043 0.351862877197 0.336447571297 0.351862877197
436261996 0.25233750966 0.370381975997 0.327104857406 0.370381975997 0.327104857406 0.351862877197 0.25233750966 0.351862877197
436262000 0.168223785649 0.370381975997 0.242991133395 0.370381975997 0.242991133395 0.351862877197 0.168223785649 0.351862877197
436262004 0.0841137240109 0.370381975997 0.158881071757 0.370381975997 0.158881071757 0.351862877197 0.0841137240109 0.351862877197
436262008 0.0 0.370381975997 0.074767347746 0.370381975997 0.074767347746 0.351862877197 0.0 0.351862877197
436262020 0.420561295308 0.351862877197 0.495328643054 0.351862877197 0.495328643054 0.333343778398 0.420561295308 0.333343778398
436262024 0.336447571297 0.351862877197 0.411214919043 0.351862877197 0.411214919043 0.333343778398 0.336447571297 0.333343778398
436262028 0.25233750966 0.351862877197 0.327104857406 0.351862877197 0.327104857406 0.333343778398 0.25233750966 0.333343778398
436262032 0.168223785649 0.351862877197 0.242991133395 0.351862877197 0.242991133395 0.333343778398 0.168223785649 0.333343778398
436262036 0.0841137240109 0.351862877197 0.158881071757 0.351862877197 0.158881071757 0.333343778398 0.0841137240109 0.333343778398
436262040 0.0 0.351862877197 0.074767347746 0.351862877197 0.074767347746 0.333343778398 0.0 0.333343778398
436262052 0.420561295308 0.333343778398 0.495328643054 0.333343778398 0.495328643054 0.314824679598 0.420561295308 0.314824679598
436262056 0.336447571297 0.333343778398 0.411214919043 0.333343778398 0.411214919043 0.314824679598 0.336447571297 0.314824679598
436262060 0.25233750966 0.333343778398 0.327104857406 0.333343778398 0.327104857406 0.314824679598 0.25233750966 0.314824679598
436262064 0.168223785649 0.333343778398 0.242991133395 0.333343778398 0.242991133395 0.314824679598 0.168223785649 0.314824679598
436262068 0.0841137240109 0.333343778398 0.158881071757 0.333343778398 0.158881071757 0.314824679598 0.0841137240109 0.314824679598
436262072 0.0 0.333343778398 0.074767347746 0.333343778398 0.074767347746 0.314824679598 0.0 0.314824679598
436262084 0.420561295308 0.314824679598 0.495328643054 0.314824679598 0.495328643054 0.296305580798 0.420561295308 0.296305580798
436262088 0.336447571297 0.314824679598 0.411214919043 0.314824679598 0.411214919043 0.296305580798 0.336447571297 0.296305580798
436262092 0.25233750966 0.314824679598 0.327104857406 0.314824679598 0.327104857406 0.296305580798 0.25233750966 0.296305580798
436262096 0.168223785649 0.314824679598 0.242991133395 0.314824679598 0.242991133395 0.296305580798 0.168223785649 0.296305580798
436262100 0.0841137240109 0.314824679598 0.158881071757 0.314824679598 0.158881071757 0.296305580798 0.0841137240109 0.296305580798
436262104 0.0 0.314824679598 0.074767347746 0.314824679598 0.074767347746 0.296305580798 0.0 0.296305580798
436262116 0.420561295308 0.296305580798 0.495328643054 0.296305580798 0.495328643054 0.277786481998 0.420561295308 0.277786481998
436262120 0.336447571297 0.296305580798 0.411214919043 0.296305580798 0.411214919043 0.277786481998 0.336447571297 0.277786481998
436262124 0.25233750966 0.296305580798 0.327104857406 0.296305580798 0.327104857406 0.277786481998 0.25233750966 0.277786481998
436262128 0.168223785649 0.296305580798 0.242991133395 0.296305580798 0.242991133395 0.277786481998 0.168223785649 0.277786481998
436262132 0.0841137240109 0.296305580798 0.158881071757 0.296305580798 0.158881071757 0.277786481998 0.0841137240109 0.277786481998
436262136 0.0 0.296305580798 0.074767347746 0.296305580798 0.074767347746 0.277786481998 0.0 0.277786481998
436262148 0.420561295308 0.277786481998 0.495328643054 0.277786481998 0.495328643054 0.259267383198 0.420561295308 0.259267383198
436262152 0.336447571297 0.277786481998 0.411214919043 0.277786481998 0.411214919043 0.259267383198 0.336447571297 0.259267383198
436262156 0.25233750966 0.277786481998 0.327104857406 0.277786481998 0.327104857406 0.259267383198 0.25233750966 0.259267383198
436262160 0.168223785649 0.277786481998 0.242991133395 0.277786481998 0.242991133395 0.259267383198 0.168223785649 0.259267383198
436262164 0.0841137240109 0.277786481998 0.158881071757 0.277786481998 0.158881071757 0.259267383198 0.0841137240109 0.259267383198
436262168 0.0 0.277786481998 0.074767347746 0.277786481998 0.074767347746 0.259267383198 0.0 0.259267383198
436262180 0.420561295308 0.259267383198 0.495328643054 0.259267383198 0.495328643054 0.240748284398 0.420561295308 0.240748284398
436262184 0.336447571297 0.259267383198 0.411214919043 0.259267383198 0.411214919043 0.240748284398 0.336447571297 0.240748284398
436262188 0.25233750966 0.259267383198 0.327104857406 0.259267383198 0.327104857406 0.240748284398 0.25233750966 0.240748284398
436262192 0.168223785649 0.259267383198 0.242991133395 0.259267383198 0.242991133395 0.240748284398 0.168223785649 0.240748284398
436262196 0.0841137240109 0.259267383198 0.158881071757 0.259267383198 0.158881071757 0.240748284398 0.0841137240109 0.240748284398
436262200 0.0 0.259267383198 0.074767347746 0.259267383198 0.074767347746 0.240748284398 0.0 0.240748284398
436262212 0.420561295308 0.240748284398 0.495328643054 0.240748284398 0.495328643054 0.222229185598 0.420561295308 0.222229185598
436262216 0.336447571297 0.240748284398 0.411214919043 0.240748284398 0.411214919043 0.222229185598 0.336447571297 0.222229185598
436262220 0.25233750966 0.240748284398 0.327104857406 0.240748284398 0.327104857406 0.222229185598 0.25233750966 0.222229185598
436262224 0.168223785649 0.240748284398 0.242991133395 0.240748284398 0.242991133395 0.222229185598 0.168223785649 0.222229185598
436262228 0.0841137240109 0.240748284398 0.158881071757 0.240748284398 0.158881071757 0.222229185598 0.0841137240109 0.222229185598
436262232 0.0 0.240748284398 0.074767347746 0.240748284398 0.074767347746 0.222229185598 0.0 0.222229185598
436262244 0.420561295308 0.222229185598 0.495328643054 0.222229185598 0.495328643054 0.203710086798 0.420561295308 0.203710086798
436262248 0.336447571297 0.222229185598 0.411214919043 0.222229185598 0.411214919043 0.203710086798 0.336447571297 0.203710086798
436262252 0.25233750966 0.222229185598 0.327104857406 0.222229185598 0.327104857406 0.203710086798 0.25233750966 0.203710086798
436262256 0.168223785649 0.222229185598 0.242991133395 0.222229185598 0.242991133395 0.203710086798 0.168223785649 0.203710086798
436262260 0.0841137240109 0.222229185598 0.158881071757 0.222229185598 0.158881071757 0.203710086798 0.0841137240109 0.203710086798
436262264 0.0 0.222229185598 0.074767347746 0.222229185598 0.074767347746 0.203710086798 0.0 0.203710086798
436262276 0.420561295308 0.203710086798 0.495328643054 0.203710086798 0.495328643054 0.185190987999 0.420561295308 0.185190987999
436262280 0.336447571297 0.203710086798 0.411214919043 0.203710086798 0.411214919043 0.185190987999 0.336447571297 0.185190987999
436262284 0.25233750966 0.203710086798 0.327104857406 0.203710086798 0.327104857406 0.185190987999 0.25233750966 0.185190987999
436262288 0.168223785649 0.203710086798 0.242991133395 0.203710086798 0.242991133395 0.185190987999 0.168223785649 0.185190987999
436262292 0.0841137240109 0.203710086798 0.158881071757 0.203710086798 0.158881071757 0.185190987999 0.0841137240109 0.185190987999
436262296 0.0 0.203710086798 0.074767347746 0.203710086798 0.074767347746 0.185190987999 0.0 0.185190987999
436262308 0.420561295308 0.185190987999 0.495328643054 0.185190987999 0.495328643054 0.166671889199 0.420561295308 0.166671889199
436262312 0.336447571297 0.185190987999 0.411214919043 0.185190987999 0.411214919043 0.166671889199 0.336447571297 0.166671889199
436262316 0.25233750966 0.185190987999 0.327104857406 0.185190987999 0.327104857406 0.166671889199 0.25233750966 0.166671889199
436262320 0.168223785649 0.185190987999 0.242991133395 0.185190987999 0.242991133395 0.166671889199 0.168223785649 0.166671889199
436262324 0.0841137240109 0.185190987999 0.158881071757 0.185190987999 0.158881071757 0.166671889199 0.0841137240109 0.166671889199
436262328 0.0 0.185190987999 0.074767347746 0.185190987999 0.074767347746 0.166671889199 0.0 0.166671889199
436262340 0.420561295308 0.166671889199 0.495328643054 0.166671889199 0.495328643054 0.148152790399 0.420561295308 0.148152790399
436262344 0.336447571297 0.166671889199 0.411214919043 0.166671889199 0.411214919043 0.148152790399 0.336447571297 0.148152790399
436262348 0.25233750966 0.166671889199 0.327104857406 0.166671889199 0.327104857406 0.148152790399 0.25233750966 0.148152790399
436262352 0.168223785649 0.166671889199 0.242991133395 0.166671889199 0.242991133395 0.148152790399 0.168223785649 0.148152790399
436262356 0.0841137240109 0.166671889199 0.158881071757 0.166671889199 0.158881071757 0.148152790399 0.0841137240109 0.148152790399
436262360 0.0 0.166671889199 0.074767347746 0.166671889199 0.074767347746 0.148152790399 0.0 0.148152790399
436262372 0.420561295308 0.148152790399 0.495328643054 0.148152790399 0.495328643054 0.129633691599 0.420561295308 0.129633691599
436262376 0.336447571297 0.148152790399 0.411214919043 0.148152790399 0.411214919043 0.129633691599 0.336447571297 0.129633691599
436262380 0.25233750966 0.148152790399 0.327104857406 0.148152790399 0.327104857406 0.129633691599 0.25233750966 0.129633691599
436262384 0.168223785649 0.148152790399 0.242991133395 0.148152790399 0.242991133395 0.129633691599 0.168223785649 0.129633691599
436262388 0.0841137240109 0.148152790399 0.158881071757 0.148152790399 0.158881071757 0.129633691599 0.0841137240109 0.129633691599
436262392 0.0 0.148152790399 0.074767347746 0.148152790399 0.074767347746 0.129633691599 0.0 0.129633691599
436262404 0.420561295308 0.129633691599 0.495328643054 0.129633691599 0.495328643054 0.111114592799 0.420561295308 0.111114592799
436262408 0.336447571297 0.129633691599 0.411214919043 0.129633691599 0.411214919043 0.111114592799 0.336447571297 0.111114592799
436262412 0.25233750966 0.129633691599 0.327104857406 0.129633691599 0.327104857406 0.111114592799 0.25233750966 0.111114592799
436262416 0.168223785649 0.129633691599 0.242991133395 0.129633691599 0.242991133395 0.111114592799 0.168223785649 0.111114592799
436262420 0.0841137240109 0.129633691599 0.158881071757 0.129633691599 0.158881071757 0.111114592799 0.0841137240109 0.111114592799
436262424 0.0 0.129633691599 0.074767347746 0.129633691599 0.074767347746 0.111114592799 0.0 0.111114592799
436262436 0.420561295308 0.111114592799 0.495328643054 0.111114592799 0.495328643054 0.0925954939993 0.420561295308 0.0925954939993
436262440 0.336447571297 0.111114592799 0.411214919043 0.111114592799 0.411214919043 0.0925954939993 0.336447571297 0.0925954939993
436262444 0.25233750966 0.111114592799 0.327104857406 0.111114592799 0.327104857406 0.0925954939993 0.25233750966 0.0925954939993
436262448 0.168223785649 0.111114592799 0.242991133395 0.111114592799 0.242991133395 0.0925954939993 0.168223785649 0.0925954939993
436262452 0.0841137240109 0.111114592799 0.158881071757 0.111114592799 0.158881071757 0.0925954939993 0.0841137240109 0.0925954939993
436262456 0.0 0.111114592799 0.074767347746 0.111114592799 0.074767347746 0.0925954939993 0.0 0.0925954939993
436262468 0.420561295308 0.0925954939993 0.495328643054 0.0925954939993 0.495328643054 0.0740763951994 0.420561295308 0.0740763951994
436262472 0.336447571297 0.0925954939993 0.411214919043 0.0925954939993 0.411214919043 0.0740763951994 0.336447571297 0.0740763951994
436262476 0.25233750966 0.0925954939993 0.327104857406 0.0925954939993 0.327104857406 0.0740763951994 0.25233750966 0.0740763951994
436262480 0.168223785649 0.0925954939993 0.242991133395 0.0925954939993 0.242991133395 0.0740763951994 0.168223785649 0.0740763951994
436262484 0.0841137240109 0.0925954939993 0.158881071757 0.0925954939993 0.158881071757 0.0740763951994 0.0841137240109 0.0740763951994
436262488 0.0 0.0925954939993 0.074767347746 0.0925954939993 0.074767347746 0.0740763951994 0.0 0.0740763951994
436262500 0.420561295308 0.0740763951994 0.495328643054 0.0740763951994 0.495328643054 0.0555572963996 0.420561295308 0.0555572963996
436262504 0.336447571297 0.0740763951994 0.411214919043 0.0740763951994 0.411214919043 0.0555572963996 0.336447571297 0.0555572963996
436262508 0.25233750966 0.0740763951994 0.327104857406 0.0740763951994 0.327104857406 0.0555572963996 0.25233750966 0.0555572963996
436262512 0.168223785649 0.0740763951994 0.242991133395 0.0740763951994 0.242991133395 0.0555572963996 0.168223785649 0.0555572963996
436262516 0.0841137240109 0.0740763951994 0.158881071757 0.0740763951994 0.158881071757 0.0555572963996 0.0841137240109 0.0555572963996
436262520 0.0 0.0740763951994 0.074767347746 0.0740763951994 0.074767347746 0.0555572963996 0.0 0.0555572963996
436262532 0.420561295308 0.0555572963996 0.495328643054 0.0555572963996 0.495328643054 0.0370381975997 0.420561295308 0.0370381975997
436262536 0.336447571297 0.0555572963996 0.411214919043 0.0555572963996 0.411214919043 0.0370381975997 0.336447571297 0.0370381975997
436262540 0.25233750966 0.0555572963996 0.327104857406 0.0555572963996 0.327104857406 0.0370381975997 0.25233750966 0.0370381975997
436262544 0.168223785649 0.0555572963996 0.242991133395 0.0555572963996 0.242991133395 0.0370381975997 0.168223785649 0.0370381975997
436262548 0.0841137240109 0.0555572963996 0.158881071757 0.0555572963996 0.158881071757 0.0370381975997 0.0841137240109 0.0370381975997
436262552 0.0 0.0555572963996 0.074767347746 0.0555572963996 0.074767347746 0.0370381975997 0.0 0.0370381975997
436262564 0.420561295308 0.0370381975997 0.495328643054 0.0370381975997 0.495328643054 0.0185190987999 0.420561295308 0.0185190987999
436262568 0.336447571297 0.0370381975997 0.411214919043 0.0370381975997 0.411214919043 0.0185190987999 0.336447571297 0.0185190987999
436262572 0.25233750966 0.0370381975997 0.327104857406 0.0370381975997 0.327104857406 0.0185190987999 0.25233750966 0.0185190987999
436262576 0.168223785649 0.0370381975997 0.242991133395 0.0370381975997 0.242991133395 0.0185190987999 0.168223785649 0.0185190987999
436262580 0.0841137240109 0.0370381975997 0.158881071757 0.0370381975997 0.158881071757 0.0185190987999 0.0841137240109 0.0185190987999
436262584 0.0 0.0370381975997 0.074767347746 0.0370381975997 0.074767347746 0.0185190987999 0.0 0.0185190987999
436262596 0.420561295308 0.0185190987999 0.495328643054 0.0185190987999 0.495328643054 0.0 0.420561295308 0.0
436262600 0.336447571297 0.0185190987999 0.411214919043 0.0185190987999 0.411214919043 0.0 0.336447571297 0.0
436262604 0.25233750966 0.0185190987999 0.327104857406 0.0185190987999 0.327104857406 0.0 0.25233750966 0.0
436262608 0.168223785649 0.0185190987999 0.242991133395 0.0185190987999 0.242991133395 0.0 0.168223785649 0.0
436262612 0.0841137240109 0.0185190987999 0.158881071757 0.0185190987999 0.158881071757 0.0 0.0841137240109 0.0
436262616 0.0 0.0185190987999 0.074767347746 0.0185190987999 0.074767347746 0.0 0.0 0.0
436264996 0.504671356946 1.0 0.579438704692 1.0 0.579438704692 0.9814809012 0.504671356946 0.9814809012
436265000 0.588785080957 1.0 0.663552428703 1.0 0.663552428703 0.9814809012 0.588785080957 0.9814809012
436265004 0.672898804968 1.0 0.74766249034 1.0 0.74766249034 0.9814809012 0.672898804968 0.9814809012
436265008 0.757008866605 1.0 0.831776214351 1.0 0.831776214351 0.9814809012 0.757008866605 0.9814809012
436265012 0.841122590616 1.0 0.915886275989 1.0 0.915886275989 0.9814809012 0.841122590616 0.9814809012
436265016 0.925232652254 1.0 1.0 1.0 1.0 0.9814809012 0.925232652254 0.9814809012
436265028 0.504671356946 0.9814809012 0.579438704692 0.9814809012 0.579438704692 0.9629618024 0.504671356946 0.9629618024
436265032 0.588785080957 0.9814809012 0.663552428703 0.9814809012 0.663552428703 0.9629618024 0.588785080957 0.9629618024
436265036 0.672898804968 0.9814809012 0.74766249034 0.9814809012 0.74766249034 0.9629618024 0.672898804968 0.9629618024
436265040 0.757008866605 0.9814809012 0.831776214351 0.9814809012 0.831776214351 0.9629618024 0.757008866605 0.9629618024
436265044 0.841122590616 0.9814809012 0.915886275989 0.9814809012 0.915886275989 0.9629618024 0.841122590616 0.9629618024
436265048 0.925232652254 0.9814809012 1.0 0.9814809012 1.0 0.9629618024 0.925232652254 0.9629618024
436265060 0.504671356946 0.9629618024 0.579438704692 0.9629618024 0.579438704692 0.9444427036 0.504671356946 0.9444427036
436265064 0.588785080957 0.9629618024 0.663552428703 0.9629618024 0.663552428703 0.9444427036 0.588785080957 0.9444427036
436265068 0.672898804968 0.9629618024 0.74766249034 0.9629618024 0.74766249034 0.9444427036 0.672898804968 0.9444427036
436265072 0.757008866605 0.9629618024 0.831776214351 0.9629618024 0.831776214351 0.9444427036 0.757008866605 0.9444427036
436265076 0.841122590616 0.9629618024 0.915886275989 0.9629618024 0.915886275989 0.9444427036 0.841122590616 0.9444427036
436265080 0.925232652254 0.9629618024 1.0 0.9629618024 1.0 0.9444427036 0.925232652254 0.9444427036
436265092 0.504671356946 0.9444427036 0.579438704692 0.9444427036 0.579438704692 0.925923604801 0.504671356946 0.925923604801
436265096 0.588785080957 0.9444427036 0.663552428703 0.9444427036 0.663552428703 0.925923604801 0.588785080957 0.925923604801
436265100 0.672898804968 0.9444427036 0.74766249034 0.9444427036 0.74766249034 0.925923604801 0.672898804968 0.925923604801
436265104 0.757008866605 0.9444427036 0.831776214351 0.9444427036 0.831776214351 0.925923604801 0.757008866605 0.925923604801
436265108 0.841122590616 0.9444427036 0.915886275989 0.9444427036 0.915886275989 0.925923604801 0.841122590616 0.925923604801
436265112 0.925232652254 0.9444427036 1.0 0.9444427036 1.0 0.925923604801 0.925232652254 0.925923604801
436265124 0.504671356946 0.925923604801 0.579438704692 0.925923604801 0.579438704692 0.907404506001 0.504671356946 0.907404506001
436265128 0.588785080957 0.925923604801 0.663552428703 0.925923604801 0.663552428703 0.907404506001 0.588785080957 0.907404506001
436265132 0.672898804968 0.925923604801 0.74766249034 0.925923604801 0.74766249034 0.907404506001 0.672898804968 0.907404506001
436265136 0.757008866605 0.925923604801 0.831776214351 0.925923604801 0.831776214351 0.907404506001 0.757008866605 0.907404506001
436265140 0.841122590616 0.925923604801 0.915886275989 0.925923604801 0.915886275989 0.907404506001 0.841122590616 0.907404506001
436265144 0.925232652254 0.925923604801 1.0 0.925923604801 1.0 0.907404506001 0.925232652254 0.907404506001
436265156 0.504671356946 0.907404506001 0.579438704692 0.907404506001 0.579438704692 0.888885407201 0.504671356946 0.888885407201
436265160 0.588785080957 0.907404506001 0.663552428703 0.907404506001 0.663552428703 0.888885407201 0.588785080957 0.888885407201
436265164 0.672898804968 0.907404506001 0.74766249034 0.907404506001 0.74766249034 0.888885407201 0.672898804968 0.888885407201
436265168 0.757008866605 0.907404506001 0.831776214351 0.907404506001 0.831776214351 0.888885407201 0.757008866605 0.888885407201
436265172 0.841122590616 0.907404506001 0.915886275989 0.907404506001 0.915886275989 0.888885407201 0.841122590616 0.888885407201
436265176 0.925232652254 0.907404506001 1.0 0.907404506001 1.0 0.888885407201 0.925232652254 0.888885407201
436265188 0.504671356946 0.888885407201 0.579438704692 0.888885407201 0.579438704692 0.870366308401 0.504671356946 0.870366308401
436265192 0.588785080957 0.888885407201 0.663552428703 0.888885407201 0.663552428703 0.870366308401 0.588785080957 0.870366308401
436265196 0.672898804968 0.888885407201 0.74766249034 0.888885407201 0.74766249034 0.870366308401 0.672898804968 0.870366308401
436265200 0.757008866605 0.888885407201 0.831776214351 0.888885407201 0.831776214351 0.870366308401 0.757008866605 0.870366308401
436265204 0.841122590616 0.888885407201 0.915886275989 0.888885407201 0.915886275989 0.870366308401 0.841122590616 0.870366308401
436265208 0.925232652254 0.888885407201 1.0 0.888885407201 1.0 0.870366308401 0.925232652254 0.870366308401
436265220 0.504671356946 0.870366308401 0.579438704692 0.870366308401 0.579438704692 0.851847209601 0.504671356946 0.851847209601
436265224 0.588785080957 0.870366308401 0.663552428703 0.870366308401 0.663552428703 0.851847209601 0.588785080957 0.851847209601
436265228 0.672898804968 0.870366308401 0.74766249034 0.870366308401 0.74766249034 0.851847209601 0.672898804968 0.851847209601
436265232 0.757008866605 0.870366308401 0.831776214351 0.870366308401 0.831776214351 0.851847209601 0.757008866605 0.851847209601
436265236 0.841122590616 0.870366308401 0.915886275989 0.870366308401 0.915886275989 0.851847209601 0.841122590616 0.851847209601
436265240 0.925232652254 0.870366308401 1.0 0.870366308401 1.0 0.851847209601 0.925232652254 0.851847209601
436265252 0.504671356946 0.851847209601 0.579438704692 0.851847209601 0.579438704692 0.833328110801 0.504671356946 0.833328110801
436265256 0.588785080957 0.851847209601 0.663552428703 0.851847209601 0.663552428703 0.833328110801 0.588785080957 0.833328110801
436265260 0.672898804968 0.851847209601 0.74766249034 0.851847209601 0.74766249034 0.833328110801 0.672898804968 0.833328110801
436265264 0.757008866605 0.851847209601 0.831776214351 0.851847209601 0.831776214351 0.833328110801 0.757008866605 0.833328110801
436265268 0.841122590616 0.851847209601 0.915886275989 0.851847209601 0.915886275989 0.833328110801 0.841122590616 0.833328110801
436265272 0.925232652254 0.851847209601 1.0 0.851847209601 1.0 0.833328110801 0.925232652254 0.833328110801
436265284 0.504671356946 0.833328110801 0.579438704692 0.833328110801 0.579438704692 0.814809012001 0.504671356946 0.814809012001
436265288 0.588785080957 0.833328110801 0.663552428703 0.833328110801 0.663552428703 0.814809012001 0.588785080957 0.814809012001
436265292 0.672898804968 0.833328110801 0.74766249034 0.833328110801 0.74766249034 0.814809012001 0.672898804968 0.814809012001
436265296 0.757008866605 0.833328110801 0.831776214351 0.833328110801 0.831776214351 0.814809012001 0.757008866605 0.814809012001
436265300 0.841122590616 0.833328110801 0.915886275989 0.833328110801 0.915886275989 0.814809012001 0.841122590616 0.814809012001
436265304 0.925232652254 0.833328110801 1.0 0.833328110801 1.0 0.814809012001 0.925232652254 0.814809012001
436265316 0.504671356946 0.814809012001 0.579438704692 0.814809012001 0.579438704692 0.796289913202 0.504671356946 0.796289913202
436265320 0.588785080957 0.814809012001 0.663552428703 0.814809012001 0.663552428703 0.796289913202 0.588785080957 0.796289913202
436265324 0.672898804968 0.814809012001 0.74766249034 0.814809012001 0.74766249034 0.796289913202 0.672898804968 0.796289913202
436265328 0.757008866605 0.814809012001 0.831776214351 0.814809012001 0.831776214351 0.796289913202 0.757008866605 0.796289913202
436265332 0.841122590616 0.814809012001 0.915886275989 0.814809012001 0.915886275989 0.796289913202 0.841122590616 0.796289913202
436265336 0.925232652254 0.814809012001 1.0 0.814809012001 1.0 0.796289913202 0.925232652254 0.796289913202
436265348 0.504671356946 0.796289913202 0.579438704692 0.796289913202 0.579438704692 0.777770814402 0.504671356946 0.777770814402
436265352 0.588785080957 0.796289913202 0.663552428703 0.796289913202 0.663552428703 0.777770814402 0.588785080957 0.777770814402
436265356 0.672898804968 0.796289913202 0.74766249034 0.796289913202 0.74766249034 0.777770814402 0.672898804968 0.777770814402
436265360 0.757008866605 0.796289913202 0.831776214351 0.796289913202 0.831776214351 0.777770814402 0.757008866605 0.777770814402
436265364 0.841122590616 0.796289913202 0.915886275989 0.796289913202 0.915886275989 0.777770814402 0.841122590616 0.777770814402
436265368 0.925232652254 0.796289913202 1.0 0.796289913202 1.0 0.777770814402 0.925232652254 0.777770814402
436265380 0.504671356946 0.777770814402 0.579438704692 0.777770814402 0.579438704692 0.759251715602 0.504671356946 0.759251715602
436265384 0.588785080957 0.777770814402 0.663552428703 0.777770814402 0.663552428703 0.759251715602 0.588785080957 0.759251715602
436265388 0.672898804968 0.777770814402 0.74766249034 0.777770814402 0.74766249034 0.759251715602 0.672898804968 0.759251715602
436265392 0.757008866605 0.777770814402 0.831776214351 0.777770814402 0.831776214351 0.759251715602 0.757008866605 0.759251715602
436265396 0.841122590616 0.777770814402 0.915886275989 0.777770814402 0.915886275989 0.759251715602 0.841122590616 0.759251715602
436265400 0.925232652254 0.777770814402 1.0 0.777770814402 1.0 0.759251715602 0.925232652254 0.759251715602
436265412 0.504671356946 0.759251715602 0.579438704692 0.759251715602 0.579438704692 0.740763951994 0.504671356946 0.740763951994
436265416 0.588785080957 0.759251715602 0.663552428703 0.759251715602 0.663552428703 0.740763951994 0.588785080957 0.740763951994
436265420 0.672898804968 0.759251715602 0.74766249034 0.759251715602 0.74766249034 0.740763951994 0.672898804968 0.740763951994
436265424 0.757008866605 0.759251715602 0.831776214351 0.759251715602 0.831776214351 0.740763951994 0.757008866605 0.740763951994
436265428 0.841122590616 0.759251715602 0.915886275989 0.759251715602 0.915886275989 0.740763951994 0.841122590616 0.740763951994
436265432 0.925232652254 0.759251715602 1.0 0.759251715602 1.0 0.740763951994 0.925232652254 0.740763951994
436265444 0.504671356946 0.740763951994 0.579438704692 0.740763951994 0.579438704692 0.722244853195 0.504671356946 0.722244853195
436265448 0.588785080957 0.740763951994 0.663552428703 0.740763951994 0.663552428703 0.722244853195 0.588785080957 0.722244853195
436265452 0.672898804968 0.740763951994 0.74766249034 0.740763951994 0.74766249034 0.722244853195 0.672898804968 0.722244853195
436265456 0.757008866605 0.740763951994 0.831776214351 0.740763951994 0.831776214351 0.722244853195 0.757008866605 0.722244853195
436265460 0.841122590616 0.740763951994 0.915886275989 0.740763951994 0.915886275989 0.722244853195 0.841122590616 0.722244853195
436265464 0.925232652254 0.740763951994 1.0 0.740763951994 1.0 0.722244853195 0.925232652254 0.722244853195
436265476 0.504671356946 0.722244853195 0.579438704692 0.722244853195 0.579438704692 0.703725754395 0.504671356946 0.703725754395
436265480 0.588785080957 0.722244853195 0.663552428703 0.722244853195 0.663552428703 0.703725754395 0.588785080957 0.703725754395
436265484 0.672898804968 0.722244853195 0.74766249034 0.722244853195 0.74766249034 0.703725754395 0.672898804968 0.703725754395
436265488 0.757008866605 0.722244853195 0.831776214351 0.722244853195 0.831776214351 0.703725754395 0.757008866605 0.703725754395
436265492 0.841122590616 0.722244853195 0.915886275989 0.722244853195 0.915886275989 0.703725754395 0.841122590616 0.703725754395
436265496 0.925232652254 0.722244853195 1.0 0.722244853195 1.0 0.703725754395 0.925232652254 0.703725754395
436265508 0.504671356946 0.703725754395 0.579438704692 0.703725754395 0.579438704692 0.685206655595 0.504671356946 0.685206655595
436265512 0.588785080957 0.703725754395 0.663552428703 0.703725754395 0.663552428703 0.685206655595 0.588785080957 0.685206655595
436265516 0.672898804968 0.703725754395 0.74766249034 0.703725754395 0.74766249034 0.685206655595 0.672898804968 0.685206655595
436265520 0.757008866605 0.703725754395 0.831776214351 0.703725754395 0.831776214351 0.685206655595 0.757008866605 0.685206655595
436265524 0.841122590616 0.703725754395 0.915886275989 0.703725754395 0.915886275989 0.685206655595 0.841122590616 0.685206655595
436265528 0.925232652254 0.703725754395 1.0 0.703725754395 1.0 0.685206655595 0.925232652254 0.685206655595
436265540 0.504671356946 0.685206655595 0.579438704692 0.685206655595 0.579438704692 0.666687556795 0.504671356946 0.666687556795
436265544 0.588785080957 0.685206655595 0.663552428703 0.685206655595 0.663552428703 0.666687556795 0.588785080957 0.666687556795
436265548 0.672898804968 0.685206655595 0.74766249034 0.685206655595 0.74766249034 0.666687556795 0.672898804968 0.666687556795
436265552 0.757008866605 0.685206655595 0.831776214351 0.685206655595 0.831776214351 0.666687556795 0.757008866605 0.666687556795
436265556 0.841122590616 0.685206655595 0.915886275989 0.685206655595 0.915886275989 0.666687556795 0.841122590616 0.666687556795
436265560 0.925232652254 0.685206655595 1.0 0.685206655595 1.0 0.666687556795 0.925232652254 0.666687556795
436265572 0.504671356946 0.666687556795 0.579438704692 0.666687556795 0.579438704692 0.648168457995 0.504671356946 0.648168457995
436265576 0.588785080957 0.666687556795 0.663552428703 0.666687556795 0.663552428703 0.648168457995 0.588785080957 0.648168457995
436265580 0.672898804968 0.666687556795 0.74766249034 0.666687556795 0.74766249034 0.648168457995 0.672898804968 0.648168457995
436265584 0.757008866605 0.666687556795 0.831776214351 0.666687556795 0.831776214351 0.648168457995 0.757008866605 0.648168457995
436265588 0.841122590616 0.666687556795 0.915886275989 0.666687556795 0.915886275989 0.648168457995 0.841122590616 0.648168457995
436265592 0.925232652254 0.666687556795 1.0 0.666687556795 1.0 0.648168457995 0.925232652254 0.648168457995
436265604 0.504671356946 0.648168457995 0.579438704692 0.648168457995 0.579438704692 0.629649359195 0.504671356946 0.629649359195
436265608 0.588785080957 0.648168457995 0.663552428703 0.648168457995 0.663552428703 0.629649359195 0.588785080957 0.629649359195
436265612 0.672898804968 0.648168457995 0.74766249034 0.648168457995 0.74766249034 0.629649359195 0.672898804968 0.629649359195
436265616 0.757008866605 0.648168457995 0.831776214351 0.648168457995 0.831776214351 0.629649359195 0.757008866605 0.629649359195
436265620 0.841122590616 0.648168457995 0.915886275989 0.648168457995 0.915886275989 0.629649359195 0.841122590616 0.629649359195
436265624 0.925232652254 0.648168457995 1.0 0.648168457995 1.0 0.629649359195 0.925232652254 0.629649359195
436265636 0.504671356946 0.629649359195 0.579438704692 0.629649359195 0.579438704692 0.611130260395 0.504671356946 0.611130260395
436265640 0.588785080957 0.629649359195 0.663552428703 0.629649359195 0.663552428703 0.611130260395 0.588785080957 0.611130260395
436265644 0.672898804968 0.629649359195 0.74766249034 0.629649359195 0.74766249034 0.611130260395 0.672898804968 0.611130260395
436265648 0.757008866605 0.629649359195 0.831776214351 0.629649359195 0.831776214351 0.611130260395 0.757008866605 0.611130260395
436265652 0.841122590616 0.629649359195 0.915886275989 0.629649359195 0.915886275989 0.611130260395 0.841122590616 0.611130260395
436265656 0.925232652254 0.629649359195 1.0 0.629649359195 1.0 0.611130260395 0.925232652254 0.611130260395
436265668 0.504671356946 0.611130260395 0.579438704692 0.611130260395 0.579438704692 0.592611161596 0.504671356946 0.592611161596
436265672 0.588785080957 0.611130260395 0.663552428703 0.611130260395 0.663552428703 0.592611161596 0.588785080957 0.592611161596
436265676 0.672898804968 0.611130260395 0.74766249034 0.611130260395 0.74766249034 0.592611161596 0.672898804968 0.592611161596
436265680 0.757008866605 0.611130260395 0.831776214351 0.611130260395 0.831776214351 0.592611161596 0.757008866605 0.592611161596
436265684 0.841122590616 0.611130260395 0.915886275989 0.611130260395 0.915886275989 0.592611161596 0.841122590616 0.592611161596
436265688 0.925232652254 0.611130260395 1.0 0.611130260395 1.0 0.592611161596 0.925232652254 0.592611161596
436265700 0.504671356946 0.592611161596 0.579438704692 0.592611161596 0.579438704692 0.574092062796 0.504671356946 0.574092062796
436265704 0.588785080957 0.592611161596 0.663552428703 0.592611161596 0.663552428703 0.574092062796 0.588785080957 0.574092062796
436265708 0.672898804968 0.592611161596 0.74766249034 0.592611161596 0.74766249034 0.574092062796 0.672898804968 0.574092062796
436265712 0.757008866605 0.592611161596 0.831776214351 0.592611161596 0.831776214351 0.574092062796 0.757008866605 0.574092062796
436265716 0.841122590616 0.592611161596 0.915886275989 0.592611161596 0.915886275989 0.574092062796 0.841122590616 0.574092062796
436265720 0.925232652254 0.592611161596 1.0 0.592611161596 1.0 0.574092062796 0.925232652254 0.574092062796
436265732 0.504671356946 0.574092062796 0.579438704692 0.574092062796 0.579438704692 0.555572963996 0.504671356946 0.555572963996
436265736 0.588785080957 0.574092062796 0.663552428703 0.574092062796 0.663552428703 0.555572963996 0.588785080957 0.555572963996
436265740 0.672898804968 0.574092062796 0.74766249034 0.574092062796 0.74766249034 0.555572963996 0.672898804968 0.555572963996
436265744 0.757008866605 0.574092062796 0.831776214351 0.574092062796 0.831776214351 0.555572963996 0.757008866605 0.555572963996
436265748 0.841122590616 0.574092062796 0.915886275989 0.574092062796 0.915886275989 0.555572963996 0.841122590616 0.555572963996
436265752 0.925232652254 0.574092062796 1.0 0.574092062796 1.0 0.555572963996 0.925232652254 0.555572963996
436265764 0.504671356946 0.555572963996 0.579438704692 0.555572963996 0.579438704692 0.537053865196 0.504671356946 0.537053865196
436265768 0.588785080957 0.555572963996 0.663552428703 0.555572963996 0.663552428703 0.537053865196 0.588785080957 0.537053865196
436265772 0.672898804968 0.555572963996 0.74766249034 0.555572963996 0.74766249034 0.537053865196 0.672898804968 0.537053865196
436265776 0.757008866605 0.555572963996 0.831776214351 0.555572963996 0.831776214351 0.537053865196 0.757008866605 0.537053865196
436265780 0.841122590616 0.555572963996 0.915886275989 0.555572963996 0.915886275989 0.537053865196 0.841122590616 0.537053865196
436265784 0.925232652254 0.555572963996 1.0 0.555572963996 1.0 0.537053865196 0.925232652254 0.537053865196
436265796 0.504671356946 0.537053865196 0.579438704692 0.537053865196 0.579438704692 0.518534766396 0.504671356946 0.518534766396
436265800 0.588785080957 0.537053865196 0.663552428703 0.537053865196 0.663552428703 0.518534766396 0.588785080957 0.518534766396
436265804 0.672898804968 0.537053865196 0.74766249034 0.537053865196 0.74766249034 0.518534766396 0.672898804968 0.518534766396
436265808 0.757008866605 0.537053865196 0.831776214351 0.537053865196 0.831776214351 0.518534766396 0.757008866605 0.518534766396
436265812 0.841122590616 0.537053865196 0.915886275989 0.537053865196 0.915886275989 0.518534766396 0.841122590616 0.518534766396
436265816 0.925232652254 0.537053865196 1.0 0.537053865196 1.0 0.518534766396 0.925232652254 0.518534766396
436265828 0.504671356946 0.518534766396 0.579438704692 0.518534766396 0.579438704692 0.500015667596 0.504671356946 0.500015667596
436265832 0.588785080957 0.518534766396 0.663552428703 0.518534766396 0.663552428703 0.500015667596 0.588785080957 0.500015667596
436265836 0.672898804968 0.518534766396 0.74766249034 0.518534766396 0.74766249034 0.500015667596 0.672898804968 0.500015667596
436265840 0.757008866605 0.518534766396 0.831776214351 0.518534766396 0.831776214351 0.500015667596 0.757008866605 0.500015667596
436265844 0.841122590616 0.518534766396 0.915886275989 0.518534766396 0.915886275989 0.500015667596 0.841122590616 0.500015667596
436265848 0.925232652254 0.518534766396 1.0 0.518534766396 1.0 0.500015667596 0.925232652254 0.500015667596
436265860 0.504671356946 0.500015667596 0.579438704692 0.500015667596 0.579438704692 0.481496568796 0.504671356946 0.481496568796
436265864 0.588785080957 0.500015667596 0.663552428703 0.500015667596 0.663552428703 0.481496568796 0.588785080957 0.481496568796
436265868 0.672898804968 0.500015667596 0.74766249034 0.500015667596 0.74766249034 0.481496568796 0.672898804968 0.481496568796
436265872 0.757008866605 0.500015667596 0.831776214351 0.500015667596 0.831776214351 0.481496568796 0.757008866605 0.481496568796
436265876 0.841122590616 0.500015667596 0.915886275989 0.500015667596 0.915886275989 0.481496568796 0.841122590616 0.481496568796
436265880 0.925232652254 0.500015667596 1.0 0.500015667596 1.0 0.481496568796 0.925232652254 0.481496568796
436265892 0.504671356946 0.481496568796 0.579438704692 0.481496568796 0.579438704692 0.462977469997 0.504671356946 0.462977469997
436265896 0.588785080957 0.481496568796 0.663552428703 0.481496568796 0.663552428703 0.462977469997 0.588785080957 0.462977469997
436265900 0.672898804968 0.481496568796 0.74766249034 0.481496568796 0.74766249034 0.462977469997 0.672898804968 0.462977469997
436265904 0.757008866605 0.481496568796 0.831776214351 0.481496568796 0.831776214351 0.462977469997 0.757008866605 0.462977469997
436265908 0.841122590616 0.481496568796 0.915886275989 0.481496568796 0.915886275989 0.462977469997 0.841122590616 0.462977469997
436265912 0.925232652254 0.481496568796 1.0 0.481496568796 1.0 0.462977469997 0.925232652254 0.462977469997
436265924 0.504671356946 0.462977469997 0.579438704692 0.462977469997 0.579438704692 0.444458371197 0.504671356946 0.444458371197
436265928 0.588785080957 0.462977469997 0.663552428703 0.462977469997 0.663552428703 0.444458371197 0.588785080957 0.444458371197
436265932 0.672898804968 0.462977469997 0.74766249034 0.462977469997 0.74766249034 0.444458371197 0.672898804968 0.444458371197
436265936 0.757008866605 0.462977469997 0.831776214351 0.462977469997 0.831776214351 0.444458371197 0.757008866605 0.444458371197
436265940 0.841122590616 0.462977469997 0.915886275989 0.462977469997 0.915886275989 0.444458371197 0.841122590616 0.444458371197
436265944 0.925232652254 0.462977469997 1.0 0.462977469997 1.0 0.444458371197 0.925232652254 0.444458371197
436265956 0.504671356946 0.444458371197 0.579438704692 0.444458371197 0.579438704692 0.425939272397 0.504671356946 0.425939272397
436265960 0.588785080957 0.444458371197 0.663552428703 0.444458371197 0.663552428703 0.425939272397 0.588785080957 0.425939272397
436265964 0.672898804968 0.444458371197 0.74766249034 0.444458371197 0.74766249034 0.425939272397 0.672898804968 0.425939272397
436265968 0.757008866605 0.444458371197 0.831776214351 0.444458371197 0.831776214351 0.425939272397 0.757008866605 0.425939272397
436265972 0.841122590616 0.444458371197 0.915886275989 0.444458371197 0.915886275989 0.425939272397 0.841122590616 0.425939272397
436265976 0.925232652254 0.444458371197 1.0 0.444458371197 1.0 0.425939272397 0.925232652254 0.425939272397
436265988 0.504671356946 0.425939272397 0.579438704692 0.425939272397 0.579438704692 0.407420173597 0.504671356946 0.407420173597
436265992 0.588785080957 0.425939272397 0.663552428703 0.425939272397 0.663552428703 0.407420173597 0.588785080957 0.407420173597
436265996 0.672898804968 0.425939272397 0.74766249034 0.425939272397 0.74766249034 0.407420173597 0.672898804968 0.407420173597
436266000 0.757008866605 0.425939272397 0.831776214351 0.425939272397 0.831776214351 0.407420173597 0.757008866605 0.407420173597
436266004 0.841122590616 0.425939272397 0.915886275989 0.425939272397 0.915886275989 0.407420173597 0.841122590616 0.407420173597
436266008 0.925232652254 0.425939272397 1.0 0.425939272397 1.0 0.407420173597 0.925232652254 0.407420173597
436266020 0.504671356946 0.407420173597 0.579438704692 0.407420173597 0.579438704692 0.388901074797 0.504671356946 0.388901074797
436266024 0.588785080957 0.407420173597 0.663552428703 0.407420173597 0.663552428703 0.388901074797 0.588785080957 0.388901074797
436266028 0.672898804968 0.407420173597 0.74766249034 0.407420173597 0.74766249034 0.388901074797 0.672898804968 0.388901074797
436266032 0.757008866605 0.407420173597 0.831776214351 0.407420173597 0.831776214351 0.388901074797 0.757008866605 0.388901074797
436266036 0.841122590616 0.407420173597 0.915886275989 0.407420173597 0.915886275989 0.388901074797 0.841122590616 0.388901074797
436266040 0.925232652254 0.407420173597 1.0 0.407420173597 1.0 0.388901074797 0.925232652254 0.388901074797
436266052 0.504671356946 0.388901074797 0.579438704692 0.388901074797 0.579438704692 0.370381975997 0.504671356946 0.370381975997
436266056 0.588785080957 0.388901074797 0.663552428703 0.388901074797 0.663552428703 0.370381975997 0.588785080957 0.370381975997
436266060 0.672898804968 0.388901074797 0.74766249034 0.388901074797 0.74766249034 0.370381975997 0.672898804968 0.370381975997
436266064 0.757008866605 0.388901074797 0.831776214351 0.388901074797 0.831776214351 0.370381975997 0.757008866605 0.370381975997
436266068 0.841122590616 0.388901074797 0.915886275989 0.388901074797 0.915886275989 0.370381975997 0.841122590616 0.370381975997
436266072 0.925232652254 0.388901074797 1.0 0.388901074797 1.0 0.370381975997 0.925232652254 0.370381975997
436266084 0.504671356946 0.370381975997 0.579438704692 0.370381975997 0.579438704692 0.351862877197 0.504671356946 0.351862877197
436266088 0.588785080957 0.370381975997 0.663552428703 0.370381975997 0.663552428703 0.351862877197 0.588785080957 0.351862877197
436266092 0.672898804968 0.370381975997 0.74766249034 0.370381975997 0.74766249034 0.351862877197 0.672898804968 0.351862877197
436266096 0.757008866605 0.370381975997 0.831776214351 0.370381975997 0.831776214351 0.351862877197 0.757008866605 0.351862877197
436266100 0.841122590616 0.370381975997 0.915886275989 0.370381975997 0.915886275989 0.351862877197 0.841122590616 0.351862877197
436266104 0.925232652254 0.370381975997 1.0 0.370381975997 1.0 0.351862877197 0.925232652254 0.351862877197
436266116 0.504671356946 0.351862877197 0.579438704692 0.351862877197 0.579438704692 0.333343778398 0.504671356946 0.333343778398
436266120 0.588785080957 0.351862877197 0.663552428703 0.351862877197 0.663552428703 0.333343778398 0.588785080957 0.333343778398
436266124 0.672898804968 0.351862877197 0.74766249034 0.351862877197 0.74766249034 0.333343778398 0.672898804968 0.333343778398
436266128 0.757008866605 0.351862877197 0.831776214351 0.351862877197 0.831776214351 0.333343778398 0.757008866605 0.333343778398
436266132 0.841122590616 0.351862877197 0.915886275989 0.351862877197 0.915886275989 0.333343778398 0.841122590616 0.333343778398
436266136 0.925232652254 0.351862877197 1.0 0.351862877197 1.0 0.333343778398 0.925232652254 0.333343778398
436266148 0.504671356946 0.333343778398 0.579438704692 0.333343778398 0.579438704692 0.314824679598 0.504671356946 0.314824679598
436266152 0.588785080957 0.333343778398 0.663552428703 0.333343778398 0.663552428703 0.314824679598 0.588785080957 0.314824679598
436266156 0.672898804968 0.333343778398 0.74766249034 0.333343778398 0.74766249034 0.314824679598 0.672898804968 0.314824679598
436266160 0.757008866605 0.333343778398 0.831776214351 0.333343778398 0.831776214351 0.314824679598 0.757008866605 0.314824679598
436266164 0.841122590616 0.333343778398 0.915886275989 0.333343778398 0.915886275989 0.314824679598 0.841122590616 0.314824679598
436266168 0.925232652254 0.333343778398 1.0 0.333343778398 1.0 0.314824679598 0.925232652254 0.314824679598
436266180 0.504671356946 0.314824679598 0.579438704692 0.314824679598 0.579438704692 0.296305580798 0.504671356946 0.296305580798
436266184 0.588785080957 0.314824679598 0.663552428703 0.314824679598 0.663552428703 0.296305580798 0.588785080957 0.296305580798
436266188 0.672898804968 0.314824679598 0.74766249034 0.314824679598 0.74766249034 0.296305580798 0.672898804968 0.296305580798
436266192 0.757008866605 0.314824679598 0.831776214351 0.314824679598 0.831776214351 0.296305580798 0.757008866605 0.296305580798
436266196 0.841122590616 0.314824679598 0.915886275989 0.314824679598 0.915886275989 0.296305580798 0.841122590616 0.296305580798
436266200 0.925232652254 0.314824679598 1.0 0.314824679598 1.0 0.296305580798 0.925232652254 0.296305580798
436266212 0.504671356946 0.296305580798 0.579438704692 0.296305580798 0.579438704692 0.277786481998 0.504671356946 0.277786481998
436266216 0.588785080957 0.296305580798 0.663552428703 0.296305580798 0.663552428703 0.277786481998 0.588785080957 0.277786481998
436266220 0.672898804968 0.296305580798 0.74766249034 0.296305580798 0.74766249034 0.277786481998 0.672898804968 0.277786481998
436266224 0.757008866605 0.296305580798 0.831776214351 0.296305580798 0.831776214351 0.277786481998 0.757008866605 0.277786481998
436266228 0.841122590616 0.296305580798 0.915886275989 0.296305580798 0.915886275989 0.277786481998 0.841122590616 0.277786481998
436266232 0.925232652254 0.296305580798 1.0 0.296305580798 1.0 0.277786481998 0.925232652254 0.277786481998
436266244 0.504671356946 0.277786481998 0.579438704692 0.277786481998 0.579438704692 0.259267383198 0.504671356946 0.259267383198
436266248 0.588785080957 0.277786481998 0.663552428703 0.277786481998 0.663552428703 0.259267383198 0.588785080957 0.259267383198
436266252 0.672898804968 0.277786481998 0.74766249034 0.277786481998 0.74766249034 0.259267383198 0.672898804968 0.259267383198
436266256 0.757008866605 0.277786481998 0.831776214351 0.277786481998 0.831776214351 0.259267383198 0.757008866605 0.259267383198
436266260 0.841122590616 0.277786481998 0.915886275989 0.277786481998 0.915886275989 0.259267383198 0.841122590616 0.259267383198
436266264 0.925232652254 0.277786481998 1.0 0.277786481998 1.0 0.259267383198 0.925232652254 0.259267383198
436266276 0.504671356946 0.259267383198 0.579438704692 0.259267383198 0.579438704692 0.240748284398 0.504671356946 0.240748284398
436266280 0.588785080957 0.259267383198 0.663552428703 0.259267383198 0.663552428703 0.240748284398 0.588785080957 0.240748284398
436266284 0.672898804968 0.259267383198 0.74766249034 0.259267383198 0.74766249034 0.240748284398 0.672898804968 0.240748284398
436266288 0.757008866605 0.259267383198 0.831776214351 0.259267383198 0.831776214351 0.240748284398 0.757008866605 0.240748284398
436266292 0.841122590616 0.259267383198 0.915886275989 0.259267383198 0.915886275989 0.240748284398 0.841122590616 0.240748284398
436266296 0.925232652254 0.259267383198 1.0 0.259267383198 1.0 0.240748284398 0.925232652254 0.240748284398
436266308 0.504671356946 0.240748284398 0.579438704692 0.240748284398 0.579438704692 0.222229185598 0.504671356946 0.222229185598
436266312 0.588785080957 0.240748284398 0.663552428703 0.240748284398 0.663552428703 0.222229185598 0.588785080957 0.222229185598
436266316 0.672898804968 0.240748284398 0.74766249034 0.240748284398 0.74766249034 0.222229185598 0.672898804968 0.222229185598
436266320 0.757008866605 0.240748284398 0.831776214351 0.240748284398 0.831776214351 0.222229185598 0.757008866605 0.222229185598
436266324 0.841122590616 0.240748284398 0.915886275989 0.240748284398 0.915886275989 0.222229185598 0.841122590616 0.222229185598
436266328 0.925232652254 0.240748284398 1.0 0.240748284398 1.0 0.222229185598 0.925232652254 0.222229185598
436266340 0.504671356946 0.222229185598 0.579438704692 0.222229185598 0.579438704692 0.203710086798 0.504671356946 0.203710086798
436266344 0.588785080957 0.222229185598 0.663552428703 0.222229185598 0.663552428703 0.203710086798 0.588785080957 0.203710086798
436266348 0.672898804968 0.222229185598 0.74766249034 0.222229185598 0.74766249034 0.203710086798 0.672898804968 0.203710086798
436266352 0.757008866605 0.222229185598 0.831776214351 0.222229185598 0.831776214351 0.203710086798 0.757008866605 0.203710086798
436266356 0.841122590616 0.222229185598 0.915886275989 0.222229185598 0.915886275989 0.203710086798 0.841122590616 0.203710086798
436266360 0.925232652254 0.222229185598 1.0 0.222229185598 1.0 0.203710086798 0.925232652254 0.203710086798
436266372 0.504671356946 0.203710086798 0.579438704692 0.203710086798 0.579438704692 0.185190987999 0.504671356946 0.185190987999
436266376 0.588785080957 0.203710086798 0.663552428703 0.203710086798 0.663552428703 0.185190987999 0.588785080957 0.185190987999
436266380 0.672898804968 0.203710086798 0.74766249034 0.203710086798 0.74766249034 0.185190987999 0.672898804968 0.185190987999
436266384 0.757008866605 0.203710086798 0.831776214351 0.203710086798 0.831776214351 0.185190987999 0.757008866605 0.185190987999
436266388 0.841122590616 0.203710086798 0.915886275989 0.203710086798 0.915886275989 0.185190987999 0.841122590616 0.185190987999
436266392 0.925232652254 0.203710086798 1.0 0.203710086798 1.0 0.185190987999 0.925232652254 0.185190987999
436266404 0.504671356946 0.185190987999 0.579438704692 0.185190987999 0.579438704692 0.166671889199 0.504671356946 0.166671889199
436266408 0.588785080957 0.185190987999 0.663552428703 0.185190987999 0.663552428703 0.166671889199 0.588785080957 0.166671889199
436266412 0.672898804968 0.185190987999 0.74766249034 0.185190987999 0.74766249034 0.166671889199 0.672898804968 0.166671889199
436266416 0.757008866605 0.185190987999 0.831776214351 0.185190987999 0.831776214351 0.166671889199 0.757008866605 0.166671889199
436266420 0.841122590616 0.185190987999 0.915886275989 0.185190987999 0.915886275989 0.166671889199 0.841122590616 0.166671889199
436266424 0.925232652254 0.185190987999 1.0 0.185190987999 1.0 0.166671889199 0.925232652254 0.166671889199
436266436 0.504671356946 0.166671889199 0.579438704692 0.166671889199 0.579438704692 0.148152790399 0.504671356946 0.148152790399
436266440 0.588785080957 0.166671889199 0.663552428703 0.166671889199 0.663552428703 0.148152790399 0.588785080957 0.148152790399
436266444 0.672898804968 0.166671889199 0.74766249034 0.166671889199 0.74766249034 0.148152790399 0.672898804968 0.148152790399
436266448 0.757008866605 0.166671889199 0.831776214351 0.166671889199 0.831776214351 0.148152790399 0.757008866605 0.148152790399
436266452 0.841122590616 0.166671889199 0.915886275989 0.166671889199 0.915886275989 0.148152790399 0.841122590616 0.148152790399
436266456 0.925232652254 0.166671889199 1.0 0.166671889199 1.0 0.148152790399 0.925232652254 0.148152790399
436266468 0.504671356946 0.148152790399 0.579438704692 0.148152790399 0.579438704692 0.129633691599 0.504671356946 0.129633691599
436266472 0.588785080957 0.148152790399 0.663552428703 0.148152790399 0.663552428703 0.129633691599 0.588785080957 0.129633691599
436266476 0.672898804968 0.148152790399 0.74766249034 0.148152790399 0.74766249034 0.129633691599 0.672898804968 0.129633691599
436266480 0.757008866605 0.148152790399 0.831776214351 0.148152790399 0.831776214351 0.129633691599 0.757008866605 0.129633691599
436266484 0.841122590616 0.148152790399 0.915886275989 0.148152790399 0.915886275989 0.129633691599 0.841122590616 0.129633691599
436266488 0.925232652254 0.148152790399 1.0 0.148152790399 1.0 0.129633691599 0.925232652254 0.129633691599
436266500 0.504671356946 0.129633691599 0.579438704692 0.129633691599 0.579438704692 0.111114592799 0.504671356946 0.111114592799
436266504 0.588785080957 0.129633691599 0.663552428703 0.129633691599 0.663552428703 0.111114592799 0.588785080957 0.111114592799
436266508 0.672898804968 0.129633691599 0.74766249034 0.129633691599 0.74766249034 0.111114592799 0.672898804968 0.111114592799
436266512 0.757008866605 0.129633691599 0.831776214351 0.129633691599 0.831776214351 0.111114592799 0.757008866605 0.111114592799
436266516 0.841122590616 0.129633691599 0.915886275989 0.129633691599 0.915886275989 0.111114592799 0.841122590616 0.111114592799
436266520 0.925232652254 0.129633691599 1.0 0.129633691599 1.0 0.111114592799 0.925232652254 0.111114592799
436266532 0.504671356946 0.111114592799 0.579438704692 0.111114592799 0.579438704692 0.0925954939993 0.504671356946 0.0925954939993
436266536 0.588785080957 0.111114592799 0.663552428703 0.111114592799 0.663552428703 0.0925954939993 0.588785080957 0.0925954939993
436266540 0.672898804968 0.111114592799 0.74766249034 0.111114592799 0.74766249034 0.0925954939993 0.672898804968 0.0925954939993
436266544 0.757008866605 0.111114592799 0.831776214351 0.111114592799 0.831776214351 0.0925954939993 0.757008866605 0.0925954939993
436266548 0.841122590616 0.111114592799 0.915886275989 0.111114592799 0.915886275989 0.0925954939993 0.841122590616 0.0925954939993
436266552 0.925232652254 0.111114592799 1.0 0.111114592799 1.0 0.0925954939993 0.925232652254 0.0925954939993
436266564 0.504671356946 0.0925954939993 0.579438704692 0.0925954939993 0.579438704692 0.0740763951994 0.504671356946 0.0740763951994
436266568 0.588785080957 0.0925954939993 0.663552428703 0.0925954939993 0.663552428703 0.0740763951994 0.588785080957 0.0740763951994
436266572 0.672898804968 0.0925954939993 0.74766249034 0.0925954939993 0.74766249034 0.0740763951994 0.672898804968 0.0740763951994
436266576 0.757008866605 0.0925954939993 0.831776214351 0.0925954939993 0.831776214351 0.0740763951994 0.757008866605 0.0740763951994
436266580 0.841122590616 0.0925954939993 0.915886275989 0.0925954939993 0.915886275989 0.0740763951994 0.841122590616 0.0740763951994
436266584 0.925232652254 0.0925954939993 1.0 0.0925954939993 1.0 0.0740763951994 0.925232652254 0.0740763951994
436266596 0.504671356946 0.0740763951994 0.579438704692 0.0740763951994 0.579438704692 0.0555572963996 0.504671356946 0.0555572963996
436266600 0.588785080957 0.0740763951994 0.663552428703 0.0740763951994 0.663552428703 0.0555572963996 0.588785080957 0.0555572963996
436266604 0.672898804968 0.0740763951994 0.74766249034 0.0740763951994 0.74766249034 0.0555572963996 0.672898804968 0.0555572963996
436266608 0.757008866605 0.0740763951994 0.831776214351 0.0740763951994 0.831776214351 0.0555572963996 0.757008866605 0.0555572963996
436266612 0.841122590616 0.0740763951994 0.915886275989 0.0740763951994 0.915886275989 0.0555572963996 0.841122590616 0.0555572963996
436266616 0.925232652254 0.0740763951994 1.0 0.0740763951994 1.0 0.0555572963996 0.925232652254 0.0555572963996
436266628 0.504671356946 0.0555572963996 0.579438704692 0.0555572963996 0.579438704692 0.0370381975997 0.504671356946 0.0370381975997
436266632 0.588785080957 0.0555572963996 0.663552428703 0.0555572963996 0.663552428703 0.0370381975997 0.588785080957 0.0370381975997
436266636 0.672898804968 0.0555572963996 0.74766249034 0.0555572963996 0.74766249034 0.0370381975997 0.672898804968 0.0370381975997
436266640 0.757008866605 0.0555572963996 0.831776214351 0.0555572963996 0.831776214351 0.0370381975997 0.757008866605 0.0370381975997
436266644 0.841122590616 0.0555572963996 0.915886275989 0.0555572963996 0.915886275989 0.0370381975997 0.841122590616 0.0370381975997
436266648 0.925232652254 0.0555572963996 1.0 0.0555572963996 1.0 0.0370381975997 0.925232652254 0.0370381975997
436266660 0.504671356946 0.0370381975997 0.579438704692 0.0370381975997 0.579438704692 0.0185190987999 0.504671356946 0.0185190987999
436266664 0.588785080957 0.0370381975997 0.663552428703 0.0370381975997 0.663552428703 0.0185190987999 0.588785080957 0.0185190987999
436266668 0.672898804968 0.0370381975997 0.74766249034 0.0370381975997 0.74766249034 0.0185190987999 0.672898804968 0.0185190987999
436266672 0.757008866605 0.0370381975997 0.831776214351 0.0370381975997 0.831776214351 0.0185190987999 0.757008866605 0.0185190987999
436266676 0.841122590616 0.0370381975997 0.915886275989 0.0370381975997 0.915886275989 0.0185190987999 0.841122590616 0.0185190987999
436266680 0.925232652254 0.0370381975997 1.0 0.0370381975997 1.0 0.0185190987999 0.925232652254 0.0185190987999
436266692 0.504671356946 0.0185190987999 0.579438704692 0.0185190987999 0.579438704692 0.0 0.504671356946 0.0
436266696 0.588785080957 0.0185190987999 0.663552428703 0.0185190987999 0.663552428703 0.0 0.588785080957 0.0
436266700 0.672898804968 0.0185190987999 0.74766249034 0.0185190987999 0.74766249034 0.0 0.672898804968 0.0
436266704 0.757008866605 0.0185190987999 0.831776214351 0.0185190987999 0.831776214351 0.0 0.757008866605 0.0
436266708 0.841122590616 0.0185190987999 0.915886275989 0.0185190987999 0.915886275989 0.0 0.841122590616 0.0
436266712 0.925232652254 0.0185190987999 1.0 0.0185190987999 1.0 0.0 0.925232652254 0.0
