# Xscale/Yscale
# 253.112/318.526
369136661 0.336447896583 1.0 0.411217168684 1.0 0.411217168684 0.973659921011
369136662 0.411217168684 0.973659921011 0.336447896583 0.973659921011 0.336447896583 1.0
369136665 0.168225923702 1.0 0.242991244982 1.0 0.242991244982 0.973659921011
369136666 0.242991244982 0.973659921011 0.168225923702 0.973659921011 0.168225923702 1.0
369136669 0.0 1.0 0.0747653212807 1.0 0.0747653212807 0.973659921011
369136670 0.0747653212807 0.973659921011 0.0 0.973659921011 0.0 1.0
369136677 0.336447896583 0.973659921011 0.411217168684 0.973659921011 0.411217168684 0.947351236634
369136678 0.411217168684 0.947351236634 0.336447896583 0.947351236634 0.336447896583 0.973659921011
369136681 0.168225923702 0.973659921011 0.242991244982 0.973659921011 0.242991244982 0.947351236634
369136682 0.242991244982 0.947351236634 0.168225923702 0.947351236634 0.168225923702 0.973659921011
369136685 0.0 0.973659921011 0.0747653212807 0.973659921011 0.0747653212807 0.947351236634
369136686 0.0747653212807 0.947351236634 0.0 0.947351236634 0.0 0.973659921011
369136693 0.336447896583 0.947351236634 0.411217168684 0.947351236634 0.411217168684 0.921042552256
369136694 0.411217168684 0.921042552256 0.336447896583 0.921042552256 0.336447896583 0.947351236634
369136697 0.168225923702 0.947351236634 0.242991244982 0.947351236634 0.242991244982 0.921042552256
369136698 0.242991244982 0.921042552256 0.168225923702 0.921042552256 0.168225923702 0.947351236634
369136701 0.0 0.947351236634 0.0747653212807 0.947351236634 0.0747653212807 0.921042552256
369136702 0.0747653212807 0.921042552256 0.0 0.921042552256 0.0 0.947351236634
369136709 0.336447896583 0.894733867879 0.411217168684 0.894733867879 0.411217168684 0.868425183502
369136710 0.411217168684 0.868425183502 0.336447896583 0.868425183502 0.336447896583 0.894733867879
369136713 0.168225923702 0.894733867879 0.242991244982 0.894733867879 0.242991244982 0.868425183502
369136714 0.242991244982 0.868425183502 0.168225923702 0.868425183502 0.168225923702 0.894733867879
369136717 0.0 0.894733867879 0.0747653212807 0.894733867879 0.0747653212807 0.868425183502
369136718 0.0747653212807 0.868425183502 0.0 0.868425183502 0.0 0.894733867879
369136725 0.336447896583 0.868425183502 0.411217168684 0.868425183502 0.411217168684 0.842085104513
369136726 0.411217168684 0.842085104513 0.336447896583 0.842085104513 0.336447896583 0.868425183502
369136729 0.168225923702 0.868425183502 0.242991244982 0.868425183502 0.242991244982 0.842085104513
369136730 0.242991244982 0.842085104513 0.168225923702 0.842085104513 0.168225923702 0.868425183502
369136733 0.0 0.868425183502 0.0747653212807 0.868425183502 0.0747653212807 0.842085104513
369136734 0.0747653212807 0.842085104513 0.0 0.842085104513 0.0 0.868425183502
369136741 0.336447896583 0.842085104513 0.411217168684 0.842085104513 0.411217168684 0.815776420135
369136742 0.411217168684 0.815776420135 0.336447896583 0.815776420135 0.336447896583 0.842085104513
369136745 0.168225923702 0.842085104513 0.242991244982 0.842085104513 0.242991244982 0.815776420135
369136746 0.242991244982 0.815776420135 0.168225923702 0.815776420135 0.168225923702 0.842085104513
369136749 0.0 0.842085104513 0.0747653212807 0.842085104513 0.0747653212807 0.815776420135
369136750 0.0747653212807 0.815776420135 0.0 0.815776420135 0.0 0.842085104513
369136757 0.336447896583 0.815776420135 0.411217168684 0.815776420135 0.411217168684 0.789467735758
369136758 0.411217168684 0.789467735758 0.336447896583 0.789467735758 0.336447896583 0.815776420135
369136761 0.168225923702 0.815776420135 0.242991244982 0.815776420135 0.242991244982 0.789467735758
369136762 0.242991244982 0.789467735758 0.168225923702 0.789467735758 0.168225923702 0.815776420135
369136765 0.0 0.815776420135 0.0747653212807 0.815776420135 0.0747653212807 0.789467735758
369136766 0.0747653212807 0.789467735758 0.0 0.789467735758 0.0 0.815776420135
369136773 0.336447896583 0.789467735758 0.411217168684 0.789467735758 0.411217168684 0.76315905138
369136774 0.411217168684 0.76315905138 0.336447896583 0.76315905138 0.336447896583 0.789467735758
369136777 0.168225923702 0.789467735758 0.242991244982 0.789467735758 0.242991244982 0.76315905138
369136778 0.242991244982 0.76315905138 0.168225923702 0.76315905138 0.168225923702 0.789467735758
369136781 0.0 0.789467735758 0.0747653212807 0.789467735758 0.0747653212807 0.76315905138
369136782 0.0747653212807 0.76315905138 0.0 0.76315905138 0.0 0.789467735758
369136789 0.336447896583 0.76315905138 0.411217168684 0.76315905138 0.411217168684 0.736850367003
369136790 0.411217168684 0.736850367003 0.336447896583 0.736850367003 0.336447896583 0.76315905138
369136793 0.168225923702 0.76315905138 0.242991244982 0.76315905138 0.242991244982 0.736850367003
369136794 0.242991244982 0.736850367003 0.168225923702 0.736850367003 0.168225923702 0.76315905138
369136797 0.0 0.76315905138 0.0747653212807 0.76315905138 0.0747653212807 0.736850367003
369136798 0.0747653212807 0.736850367003 0.0 0.736850367003 0.0 0.76315905138
369136805 0.336447896583 0.736850367003 0.411217168684 0.736850367003 0.411217168684 0.710510288014
369136806 0.411217168684 0.710510288014 0.336447896583 0.710510288014 0.336447896583 0.736850367003
369136809 0.168225923702 0.736850367003 0.242991244982 0.736850367003 0.242991244982 0.710510288014
369136810 0.242991244982 0.710510288014 0.168225923702 0.710510288014 0.168225923702 0.736850367003
369136813 0.0 0.736850367003 0.0747653212807 0.736850367003 0.0747653212807 0.710510288014
369136814 0.0747653212807 0.710510288014 0.0 0.710510288014 0.0 0.736850367003
369136821 0.336447896583 0.710510288014 0.411217168684 0.710510288014 0.411217168684 0.684201603637
369136822 0.411217168684 0.684201603637 0.336447896583 0.684201603637 0.336447896583 0.710510288014
369136825 0.168225923702 0.710510288014 0.242991244982 0.710510288014 0.242991244982 0.684201603637
369136826 0.242991244982 0.684201603637 0.168225923702 0.684201603637 0.168225923702 0.710510288014
369136829 0.0 0.710510288014 0.0747653212807 0.710510288014 0.0747653212807 0.684201603637
369136830 0.0747653212807 0.684201603637 0.0 0.684201603637 0.0 0.710510288014
369136837 0.336447896583 0.684201603637 0.411217168684 0.684201603637 0.411217168684 0.657892919259
369136838 0.411217168684 0.657892919259 0.336447896583 0.657892919259 0.336447896583 0.684201603637
369136841 0.168225923702 0.684201603637 0.242991244982 0.684201603637 0.242991244982 0.657892919259
369136842 0.242991244982 0.657892919259 0.168225923702 0.657892919259 0.168225923702 0.684201603637
369136845 0.0 0.684201603637 0.0747653212807 0.684201603637 0.0747653212807 0.657892919259
369136846 0.0747653212807 0.657892919259 0.0 0.657892919259 0.0 0.684201603637
369136853 0.336447896583 0.631584234882 0.411217168684 0.631584234882 0.411217168684 0.605244155893
369136854 0.411217168684 0.605244155893 0.336447896583 0.605244155893 0.336447896583 0.631584234882
369136857 0.168225923702 0.631584234882 0.242991244982 0.631584234882 0.242991244982 0.605244155893
369136858 0.242991244982 0.605244155893 0.168225923702 0.605244155893 0.168225923702 0.631584234882
369136861 0.0 0.631584234882 0.0747653212807 0.631584234882 0.0747653212807 0.605244155893
369136862 0.0747653212807 0.605244155893 0.0 0.605244155893 0.0 0.631584234882
369136869 0.336447896583 0.605244155893 0.411217168684 0.605244155893 0.411217168684 0.578935471516
369136870 0.411217168684 0.578935471516 0.336447896583 0.578935471516 0.336447896583 0.605244155893
369136873 0.168225923702 0.605244155893 0.242991244982 0.605244155893 0.242991244982 0.578935471516
369136874 0.242991244982 0.578935471516 0.168225923702 0.578935471516 0.168225923702 0.605244155893
369136877 0.0 0.605244155893 0.0747653212807 0.605244155893 0.0747653212807 0.578935471516
369136878 0.0747653212807 0.578935471516 0.0 0.578935471516 0.0 0.605244155893
369136885 0.336447896583 0.578935471516 0.411217168684 0.578935471516 0.411217168684 0.552626787138
369136886 0.411217168684 0.552626787138 0.336447896583 0.552626787138 0.336447896583 0.578935471516
369136889 0.168225923702 0.578935471516 0.242991244982 0.578935471516 0.242991244982 0.552626787138
369136890 0.242991244982 0.552626787138 0.168225923702 0.552626787138 0.168225923702 0.578935471516
369136893 0.0 0.578935471516 0.0747653212807 0.578935471516 0.0747653212807 0.552626787138
369136894 0.0747653212807 0.552626787138 0.0 0.552626787138 0.0 0.578935471516
369136901 0.336447896583 0.552626787138 0.411217168684 0.552626787138 0.411217168684 0.526318102761
369136902 0.411217168684 0.526318102761 0.336447896583 0.526318102761 0.336447896583 0.552626787138
369136905 0.168225923702 0.552626787138 0.242991244982 0.552626787138 0.242991244982 0.526318102761
369136906 0.242991244982 0.526318102761 0.168225923702 0.526318102761 0.168225923702 0.552626787138
369136909 0.0 0.552626787138 0.0747653212807 0.552626787138 0.0747653212807 0.526318102761
369136910 0.0747653212807 0.526318102761 0.0 0.526318102761 0.0 0.552626787138
369136917 0.336447896583 0.526318102761 0.411217168684 0.526318102761 0.411217168684 0.500009418383
369136918 0.411217168684 0.500009418383 0.336447896583 0.500009418383 0.336447896583 0.526318102761
369136921 0.168225923702 0.526318102761 0.242991244982 0.526318102761 0.242991244982 0.500009418383
369136922 0.242991244982 0.500009418383 0.168225923702 0.500009418383 0.168225923702 0.526318102761
369136925 0.0 0.526318102761 0.0747653212807 0.526318102761 0.0747653212807 0.500009418383
369136926 0.0747653212807 0.500009418383 0.0 0.500009418383 0.0 0.526318102761
369136933 0.336447896583 0.500009418383 0.411217168684 0.500009418383 0.411217168684 0.473669339395
369136934 0.411217168684 0.473669339395 0.336447896583 0.473669339395 0.336447896583 0.500009418383
369136937 0.168225923702 0.500009418383 0.242991244982 0.500009418383 0.242991244982 0.473669339395
369136938 0.242991244982 0.473669339395 0.168225923702 0.473669339395 0.168225923702 0.500009418383
369136941 0.0 0.500009418383 0.0747653212807 0.500009418383 0.0747653212807 0.473669339395
369136942 0.0747653212807 0.473669339395 0.0 0.473669339395 0.0 0.500009418383
369136949 0.336447896583 0.473669339395 0.411217168684 0.473669339395 0.411217168684 0.447360655017
369136950 0.411217168684 0.447360655017 0.336447896583 0.447360655017 0.336447896583 0.473669339395
369136953 0.168225923702 0.473669339395 0.242991244982 0.473669339395 0.242991244982 0.447360655017
369136954 0.242991244982 0.447360655017 0.168225923702 0.447360655017 0.168225923702 0.473669339395
369136957 0.0 0.473669339395 0.0747653212807 0.473669339395 0.0747653212807 0.447360655017
369136958 0.0747653212807 0.447360655017 0.0 0.447360655017 0.0 0.473669339395
369136965 0.336447896583 0.447360655017 0.411217168684 0.447360655017 0.411217168684 0.42105197064
369136966 0.411217168684 0.42105197064 0.336447896583 0.42105197064 0.336447896583 0.447360655017
369136969 0.168225923702 0.447360655017 0.242991244982 0.447360655017 0.242991244982 0.42105197064
369136970 0.242991244982 0.42105197064 0.168225923702 0.42105197064 0.168225923702 0.447360655017
369136973 0.0 0.447360655017 0.0747653212807 0.447360655017 0.0747653212807 0.42105197064
369136974 0.0747653212807 0.42105197064 0.0 0.42105197064 0.0 0.447360655017
369136981 0.336447896583 0.394733867879 0.411217168684 0.394733867879 0.411217168684 0.368418904579
369136982 0.411217168684 0.368418904579 0.336447896583 0.368418904579 0.336447896583 0.394733867879
369136985 0.168225923702 0.394733867879 0.242991244982 0.394733867879 0.242991244982 0.368418904579
369136986 0.242991244982 0.368418904579 0.168225923702 0.368418904579 0.168225923702 0.394733867879
369136989 0.0 0.394733867879 0.0747653212807 0.394733867879 0.0747653212807 0.368418904579
369136990 0.0747653212807 0.368418904579 0.0 0.368418904579 0.0 0.394733867879
369136997 0.336447896583 0.368418904579 0.411217168684 0.368418904579 0.411217168684 0.34210394128
369136998 0.411217168684 0.34210394128 0.336447896583 0.34210394128 0.336447896583 0.368418904579
369137001 0.168225923702 0.368418904579 0.242991244982 0.368418904579 0.242991244982 0.34210394128
369137002 0.242991244982 0.34210394128 0.168225923702 0.34210394128 0.168225923702 0.368418904579
369137005 0.0 0.368418904579 0.0747653212807 0.368418904579 0.0747653212807 0.34210394128
369137006 0.0747653212807 0.34210394128 0.0 0.34210394128 0.0 0.368418904579
369137013 0.336447896583 0.34210394128 0.411217168684 0.34210394128 0.411217168684 0.315785838519
369137014 0.411217168684 0.315785838519 0.336447896583 0.315785838519 0.336447896583 0.34210394128
369137017 0.168225923702 0.34210394128 0.242991244982 0.34210394128 0.242991244982 0.315785838519
369137018 0.242991244982 0.315785838519 0.168225923702 0.315785838519 0.168225923702 0.34210394128
369137021 0.0 0.34210394128 0.0747653212807 0.34210394128 0.0747653212807 0.315785838519
369137022 0.0747653212807 0.315785838519 0.0 0.315785838519 0.0 0.34210394128
369137029 0.336447896583 0.315785838519 0.411217168684 0.315785838519 0.411217168684 0.289470875219
369137030 0.411217168684 0.289470875219 0.336447896583 0.289470875219 0.336447896583 0.315785838519
369137033 0.168225923702 0.315785838519 0.242991244982 0.315785838519 0.242991244982 0.289470875219
369137034 0.242991244982 0.289470875219 0.168225923702 0.289470875219 0.168225923702 0.315785838519
369137037 0.0 0.315785838519 0.0747653212807 0.315785838519 0.0747653212807 0.289470875219
369137038 0.0747653212807 0.289470875219 0.0 0.289470875219 0.0 0.315785838519
369137045 0.336447896583 0.289470875219 0.411217168684 0.289470875219 0.411217168684 0.263155911919
369137046 0.411217168684 0.263155911919 0.336447896583 0.263155911919 0.336447896583 0.289470875219
369137049 0.168225923702 0.289470875219 0.242991244982 0.289470875219 0.242991244982 0.263155911919
369137050 0.242991244982 0.263155911919 0.168225923702 0.263155911919 0.168225923702 0.289470875219
369137053 0.0 0.289470875219 0.0747653212807 0.289470875219 0.0747653212807 0.263155911919
369137054 0.0747653212807 0.263155911919 0.0 0.263155911919 0.0 0.289470875219
369137061 0.336447896583 0.263155911919 0.411217168684 0.263155911919 0.411217168684 0.23684094862
369137062 0.411217168684 0.23684094862 0.336447896583 0.23684094862 0.336447896583 0.263155911919
369137065 0.168225923702 0.263155911919 0.242991244982 0.263155911919 0.242991244982 0.23684094862
369137066 0.242991244982 0.23684094862 0.168225923702 0.23684094862 0.168225923702 0.263155911919
369137069 0.0 0.263155911919 0.0747653212807 0.263155911919 0.0747653212807 0.23684094862
369137070 0.0747653212807 0.23684094862 0.0 0.23684094862 0.0 0.263155911919
369137077 0.336447896583 0.23684094862 0.411217168684 0.23684094862 0.411217168684 0.21052598532
369137078 0.411217168684 0.21052598532 0.336447896583 0.21052598532 0.336447896583 0.23684094862
369137081 0.168225923702 0.23684094862 0.242991244982 0.23684094862 0.242991244982 0.21052598532
369137082 0.242991244982 0.21052598532 0.168225923702 0.21052598532 0.168225923702 0.23684094862
369137085 0.0 0.23684094862 0.0747653212807 0.23684094862 0.0747653212807 0.21052598532
369137086 0.0747653212807 0.21052598532 0.0 0.21052598532 0.0 0.23684094862
369137093 0.336447896583 0.21052598532 0.411217168684 0.21052598532 0.411217168684 0.18421102202
369137094 0.411217168684 0.18421102202 0.336447896583 0.18421102202 0.336447896583 0.21052598532
369137097 0.168225923702 0.21052598532 0.242991244982 0.21052598532 0.242991244982 0.18421102202
369137098 0.242991244982 0.18421102202 0.168225923702 0.18421102202 0.168225923702 0.21052598532
369137101 0.0 0.21052598532 0.0747653212807 0.21052598532 0.0747653212807 0.18421102202
369137102 0.0747653212807 0.18421102202 0.0 0.18421102202 0.0 0.21052598532
369137109 0.336447896583 0.18421102202 0.411217168684 0.18421102202 0.411217168684 0.157892919259
369137110 0.411217168684 0.157892919259 0.336447896583 0.157892919259 0.336447896583 0.18421102202
369137113 0.168225923702 0.18421102202 0.242991244982 0.18421102202 0.242991244982 0.157892919259
369137114 0.242991244982 0.157892919259 0.168225923702 0.157892919259 0.168225923702 0.18421102202
369137117 0.0 0.18421102202 0.0747653212807 0.18421102202 0.0747653212807 0.157892919259
369137118 0.0747653212807 0.157892919259 0.0 0.157892919259 0.0 0.18421102202
369137125 0.336447896583 0.13157795596 0.411217168684 0.13157795596 0.411217168684 0.10526299266
369137126 0.411217168684 0.10526299266 0.336447896583 0.10526299266 0.336447896583 0.13157795596
369137129 0.168225923702 0.13157795596 0.242991244982 0.13157795596 0.242991244982 0.10526299266
369137130 0.242991244982 0.10526299266 0.168225923702 0.10526299266 0.168225923702 0.13157795596
369137133 0.0 0.13157795596 0.0747653212807 0.13157795596 0.0747653212807 0.10526299266
369137134 0.0747653212807 0.10526299266 0.0 0.10526299266 0.0 0.13157795596
369137141 0.336447896583 0.10526299266 0.411217168684 0.10526299266 0.411217168684 0.0789480293602
369137142 0.411217168684 0.0789480293602 0.336447896583 0.0789480293602 0.336447896583 0.10526299266
369137145 0.168225923702 0.10526299266 0.242991244982 0.10526299266 0.242991244982 0.0789480293602
369137146 0.242991244982 0.0789480293602 0.168225923702 0.0789480293602 0.168225923702 0.10526299266
369137149 0.0 0.10526299266 0.0747653212807 0.10526299266 0.0747653212807 0.0789480293602
369137150 0.0747653212807 0.0789480293602 0.0 0.0789480293602 0.0 0.10526299266
369137157 0.336447896583 0.0789480293602 0.411217168684 0.0789480293602 0.411217168684 0.0526330660605
369137158 0.411217168684 0.0526330660605 0.336447896583 0.0526330660605 0.336447896583 0.0789480293602
369137161 0.168225923702 0.0789480293602 0.242991244982 0.0789480293602 0.242991244982 0.0526330660605
369137162 0.242991244982 0.0526330660605 0.168225923702 0.0526330660605 0.168225923702 0.0789480293602
369137165 0.0 0.0789480293602 0.0747653212807 0.0789480293602 0.0747653212807 0.0526330660605
369137166 0.0747653212807 0.0526330660605 0.0 0.0526330660605 0.0 0.0789480293602
369137173 0.336447896583 0.0526330660605 0.411217168684 0.0526330660605 0.411217168684 0.0263181027608
369137174 0.411217168684 0.0263181027608 0.336447896583 0.0263181027608 0.336447896583 0.0526330660605
369137177 0.168225923702 0.0526330660605 0.242991244982 0.0526330660605 0.242991244982 0.0263181027608
369137178 0.242991244982 0.0263181027608 0.168225923702 0.0263181027608 0.168225923702 0.0526330660605
369137181 0.0 0.0526330660605 0.0747653212807 0.0526330660605 0.0747653212807 0.0263181027608
369137182 0.0747653212807 0.0263181027608 0.0 0.0263181027608 0.0 0.0526330660605
369137189 0.336447896583 0.0263181027608 0.411217168684 0.0263181027608 0.411217168684 0.0
369137190 0.411217168684 0.0 0.336447896583 0.0 0.336447896583 0.0263181027608
369137193 0.168225923702 0.0263181027608 0.242991244982 0.0263181027608 0.242991244982 0.0
369137194 0.242991244982 0.0 0.168225923702 0.0 0.168225923702 0.0263181027608
369137197 0.0 0.0263181027608 0.0747653212807 0.0263181027608 0.0747653212807 0.0
369137198 0.0747653212807 0.0 0.0 0.0 0.0 0.0263181027608
369137685 0.420560858434 1.0 0.495326179715 1.0 0.495326179715 0.973659921011
369137686 0.495326179715 0.973659921011 0.420560858434 0.973659921011 0.420560858434 1.0
369137689 0.252338885553 1.0 0.327104206833 1.0 0.327104206833 0.973659921011
369137690 0.327104206833 0.973659921011 0.252338885553 0.973659921011 0.252338885553 1.0
369137693 0.0841129618509 1.0 0.158878283132 1.0 0.158878283132 0.973659921011
369137694 0.158878283132 0.973659921011 0.0841129618509 0.973659921011 0.0841129618509 1.0
369137701 0.420560858434 0.973659921011 0.495326179715 0.973659921011 0.495326179715 0.947351236634
369137702 0.495326179715 0.947351236634 0.420560858434 0.947351236634 0.420560858434 0.973659921011
369137705 0.252338885553 0.973659921011 0.327104206833 0.973659921011 0.327104206833 0.947351236634
369137706 0.327104206833 0.947351236634 0.252338885553 0.947351236634 0.252338885553 0.973659921011
369137709 0.0841129618509 0.973659921011 0.158878283132 0.973659921011 0.158878283132 0.947351236634
369137710 0.158878283132 0.947351236634 0.0841129618509 0.947351236634 0.0841129618509 0.973659921011
369137717 0.420560858434 0.947351236634 0.495326179715 0.947351236634 0.495326179715 0.921042552256
369137718 0.495326179715 0.921042552256 0.420560858434 0.921042552256 0.420560858434 0.947351236634
369137721 0.252338885553 0.947351236634 0.327104206833 0.947351236634 0.327104206833 0.921042552256
369137722 0.327104206833 0.921042552256 0.252338885553 0.921042552256 0.252338885553 0.947351236634
369137725 0.0841129618509 0.947351236634 0.158878283132 0.947351236634 0.158878283132 0.921042552256
369137726 0.158878283132 0.921042552256 0.0841129618509 0.921042552256 0.0841129618509 0.947351236634
369137733 0.420560858434 0.921042552256 0.495326179715 0.921042552256 0.495326179715 0.894733867879
369137734 0.495326179715 0.894733867879 0.420560858434 0.894733867879 0.420560858434 0.921042552256
369137737 0.252338885553 0.921042552256 0.327104206833 0.921042552256 0.327104206833 0.894733867879
369137738 0.327104206833 0.894733867879 0.252338885553 0.894733867879 0.252338885553 0.921042552256
369137741 0.0841129618509 0.921042552256 0.158878283132 0.921042552256 0.158878283132 0.894733867879
369137742 0.158878283132 0.894733867879 0.0841129618509 0.894733867879 0.0841129618509 0.921042552256
369137749 0.420560858434 0.894733867879 0.495326179715 0.894733867879 0.495326179715 0.868425183502
369137750 0.495326179715 0.868425183502 0.420560858434 0.868425183502 0.420560858434 0.894733867879
369137753 0.252338885553 0.894733867879 0.327104206833 0.894733867879 0.327104206833 0.868425183502
369137754 0.327104206833 0.868425183502 0.252338885553 0.868425183502 0.252338885553 0.894733867879
369137757 0.0841129618509 0.894733867879 0.158878283132 0.894733867879 0.158878283132 0.868425183502
369137758 0.158878283132 0.868425183502 0.0841129618509 0.868425183502 0.0841129618509 0.894733867879
369137765 0.420560858434 0.868425183502 0.495326179715 0.868425183502 0.495326179715 0.842085104513
369137766 0.495326179715 0.842085104513 0.420560858434 0.842085104513 0.420560858434 0.868425183502
369137769 0.252338885553 0.868425183502 0.327104206833 0.868425183502 0.327104206833 0.842085104513
369137770 0.327104206833 0.842085104513 0.252338885553 0.842085104513 0.252338885553 0.868425183502
369137773 0.0841129618509 0.868425183502 0.158878283132 0.868425183502 0.158878283132 0.842085104513
369137774 0.158878283132 0.842085104513 0.0841129618509 0.842085104513 0.0841129618509 0.868425183502
369137781 0.420560858434 0.842085104513 0.495326179715 0.842085104513 0.495326179715 0.815776420135
369137782 0.495326179715 0.815776420135 0.420560858434 0.815776420135 0.420560858434 0.842085104513
369137785 0.252338885553 0.842085104513 0.327104206833 0.842085104513 0.327104206833 0.815776420135
369137786 0.327104206833 0.815776420135 0.252338885553 0.815776420135 0.252338885553 0.842085104513
369137789 0.0841129618509 0.842085104513 0.158878283132 0.842085104513 0.158878283132 0.815776420135
369137790 0.158878283132 0.815776420135 0.0841129618509 0.815776420135 0.0841129618509 0.842085104513
369137797 0.420560858434 0.815776420135 0.495326179715 0.815776420135 0.495326179715 0.789467735758
369137798 0.495326179715 0.789467735758 0.420560858434 0.789467735758 0.420560858434 0.815776420135
369137801 0.252338885553 0.815776420135 0.327104206833 0.815776420135 0.327104206833 0.789467735758
369137802 0.327104206833 0.789467735758 0.252338885553 0.789467735758 0.252338885553 0.815776420135
369137805 0.0841129618509 0.815776420135 0.158878283132 0.815776420135 0.158878283132 0.789467735758
369137806 0.158878283132 0.789467735758 0.0841129618509 0.789467735758 0.0841129618509 0.815776420135
369137813 0.420560858434 0.789467735758 0.495326179715 0.789467735758 0.495326179715 0.76315905138
369137814 0.495326179715 0.76315905138 0.420560858434 0.76315905138 0.420560858434 0.789467735758
369137817 0.252338885553 0.789467735758 0.327104206833 0.789467735758 0.327104206833 0.76315905138
369137818 0.327104206833 0.76315905138 0.252338885553 0.76315905138 0.252338885553 0.789467735758
369137821 0.0841129618509 0.789467735758 0.158878283132 0.789467735758 0.158878283132 0.76315905138
369137822 0.158878283132 0.76315905138 0.0841129618509 0.76315905138 0.0841129618509 0.789467735758
369137829 0.420560858434 0.76315905138 0.495326179715 0.76315905138 0.495326179715 0.736850367003
369137830 0.495326179715 0.736850367003 0.420560858434 0.736850367003 0.420560858434 0.76315905138
369137833 0.252338885553 0.76315905138 0.327104206833 0.76315905138 0.327104206833 0.736850367003
369137834 0.327104206833 0.736850367003 0.252338885553 0.736850367003 0.252338885553 0.76315905138
369137837 0.0841129618509 0.76315905138 0.158878283132 0.76315905138 0.158878283132 0.736850367003
369137838 0.158878283132 0.736850367003 0.0841129618509 0.736850367003 0.0841129618509 0.76315905138
369137845 0.420560858434 0.736850367003 0.495326179715 0.736850367003 0.495326179715 0.710510288014
369137846 0.495326179715 0.710510288014 0.420560858434 0.710510288014 0.420560858434 0.736850367003
369137849 0.252338885553 0.736850367003 0.327104206833 0.736850367003 0.327104206833 0.710510288014
369137850 0.327104206833 0.710510288014 0.252338885553 0.710510288014 0.252338885553 0.736850367003
369137853 0.0841129618509 0.736850367003 0.158878283132 0.736850367003 0.158878283132 0.710510288014
369137854 0.158878283132 0.710510288014 0.0841129618509 0.710510288014 0.0841129618509 0.736850367003
369137861 0.420560858434 0.710510288014 0.495326179715 0.710510288014 0.495326179715 0.684201603637
369137862 0.495326179715 0.684201603637 0.420560858434 0.684201603637 0.420560858434 0.710510288014
369137865 0.252338885553 0.710510288014 0.327104206833 0.710510288014 0.327104206833 0.684201603637
369137866 0.327104206833 0.684201603637 0.252338885553 0.684201603637 0.252338885553 0.710510288014
369137869 0.0841129618509 0.710510288014 0.158878283132 0.710510288014 0.158878283132 0.684201603637
369137870 0.158878283132 0.684201603637 0.0841129618509 0.684201603637 0.0841129618509 0.710510288014
369137877 0.420560858434 0.684201603637 0.495326179715 0.684201603637 0.495326179715 0.657892919259
369137878 0.495326179715 0.657892919259 0.420560858434 0.657892919259 0.420560858434 0.684201603637
369137881 0.252338885553 0.684201603637 0.327104206833 0.684201603637 0.327104206833 0.657892919259
369137882 0.327104206833 0.657892919259 0.252338885553 0.657892919259 0.252338885553 0.684201603637
369137885 0.0841129618509 0.684201603637 0.158878283132 0.684201603637 0.158878283132 0.657892919259
369137886 0.158878283132 0.657892919259 0.0841129618509 0.657892919259 0.0841129618509 0.684201603637
369137893 0.420560858434 0.657892919259 0.495326179715 0.657892919259 0.495326179715 0.631584234882
369137894 0.495326179715 0.631584234882 0.420560858434 0.631584234882 0.420560858434 0.657892919259
369137897 0.252338885553 0.657892919259 0.327104206833 0.657892919259 0.327104206833 0.631584234882
369137898 0.327104206833 0.631584234882 0.252338885553 0.631584234882 0.252338885553 0.657892919259
369137901 0.0841129618509 0.657892919259 0.158878283132 0.657892919259 0.158878283132 0.631584234882
369137902 0.158878283132 0.631584234882 0.0841129618509 0.631584234882 0.0841129618509 0.657892919259
369137909 0.420560858434 0.631584234882 0.495326179715 0.631584234882 0.495326179715 0.605244155893
369137910 0.495326179715 0.605244155893 0.420560858434 0.605244155893 0.420560858434 0.631584234882
369137913 0.252338885553 0.631584234882 0.327104206833 0.631584234882 0.327104206833 0.605244155893
369137914 0.327104206833 0.605244155893 0.252338885553 0.605244155893 0.252338885553 0.631584234882
369137917 0.0841129618509 0.631584234882 0.158878283132 0.631584234882 0.158878283132 0.605244155893
369137918 0.158878283132 0.605244155893 0.0841129618509 0.605244155893 0.0841129618509 0.631584234882
369137925 0.420560858434 0.605244155893 0.495326179715 0.605244155893 0.495326179715 0.578935471516
369137926 0.495326179715 0.578935471516 0.420560858434 0.578935471516 0.420560858434 0.605244155893
369137929 0.252338885553 0.605244155893 0.327104206833 0.605244155893 0.327104206833 0.578935471516
369137930 0.327104206833 0.578935471516 0.252338885553 0.578935471516 0.252338885553 0.605244155893
369137933 0.0841129618509 0.605244155893 0.158878283132 0.605244155893 0.158878283132 0.578935471516
369137934 0.158878283132 0.578935471516 0.0841129618509 0.578935471516 0.0841129618509 0.605244155893
369137941 0.420560858434 0.578935471516 0.495326179715 0.578935471516 0.495326179715 0.552626787138
369137942 0.495326179715 0.552626787138 0.420560858434 0.552626787138 0.420560858434 0.578935471516
369137945 0.252338885553 0.578935471516 0.327104206833 0.578935471516 0.327104206833 0.552626787138
369137946 0.327104206833 0.552626787138 0.252338885553 0.552626787138 0.252338885553 0.578935471516
369137949 0.0841129618509 0.578935471516 0.158878283132 0.578935471516 0.158878283132 0.552626787138
369137950 0.158878283132 0.552626787138 0.0841129618509 0.552626787138 0.0841129618509 0.578935471516
369137957 0.420560858434 0.552626787138 0.495326179715 0.552626787138 0.495326179715 0.526318102761
369137958 0.495326179715 0.526318102761 0.420560858434 0.526318102761 0.420560858434 0.552626787138
369137961 0.252338885553 0.552626787138 0.327104206833 0.552626787138 0.327104206833 0.526318102761
369137962 0.327104206833 0.526318102761 0.252338885553 0.526318102761 0.252338885553 0.552626787138
369137965 0.0841129618509 0.552626787138 0.158878283132 0.552626787138 0.158878283132 0.526318102761
369137966 0.158878283132 0.526318102761 0.0841129618509 0.526318102761 0.0841129618509 0.552626787138
369137973 0.420560858434 0.526318102761 0.495326179715 0.526318102761 0.495326179715 0.500009418383
369137974 0.495326179715 0.500009418383 0.420560858434 0.500009418383 0.420560858434 0.526318102761
369137977 0.252338885553 0.526318102761 0.327104206833 0.526318102761 0.327104206833 0.500009418383
369137978 0.327104206833 0.500009418383 0.252338885553 0.500009418383 0.252338885553 0.526318102761
369137981 0.0841129618509 0.526318102761 0.158878283132 0.526318102761 0.158878283132 0.500009418383
369137982 0.158878283132 0.500009418383 0.0841129618509 0.500009418383 0.0841129618509 0.526318102761
369137989 0.420560858434 0.500009418383 0.495326179715 0.500009418383 0.495326179715 0.473669339395
369137990 0.495326179715 0.473669339395 0.420560858434 0.473669339395 0.420560858434 0.500009418383
369137993 0.252338885553 0.500009418383 0.327104206833 0.500009418383 0.327104206833 0.473669339395
369137994 0.327104206833 0.473669339395 0.252338885553 0.473669339395 0.252338885553 0.500009418383
369137997 0.0841129618509 0.500009418383 0.158878283132 0.500009418383 0.158878283132 0.473669339395
369137998 0.158878283132 0.473669339395 0.0841129618509 0.473669339395 0.0841129618509 0.500009418383
369138005 0.420560858434 0.473669339395 0.495326179715 0.473669339395 0.495326179715 0.447360655017
369138006 0.495326179715 0.447360655017 0.420560858434 0.447360655017 0.420560858434 0.473669339395
369138009 0.252338885553 0.473669339395 0.327104206833 0.473669339395 0.327104206833 0.447360655017
369138010 0.327104206833 0.447360655017 0.252338885553 0.447360655017 0.252338885553 0.473669339395
369138013 0.0841129618509 0.473669339395 0.158878283132 0.473669339395 0.158878283132 0.447360655017
369138014 0.158878283132 0.447360655017 0.0841129618509 0.447360655017 0.0841129618509 0.473669339395
369138021 0.420560858434 0.447360655017 0.495326179715 0.447360655017 0.495326179715 0.42105197064
369138022 0.495326179715 0.42105197064 0.420560858434 0.42105197064 0.420560858434 0.447360655017
369138025 0.252338885553 0.447360655017 0.327104206833 0.447360655017 0.327104206833 0.42105197064
369138026 0.327104206833 0.42105197064 0.252338885553 0.42105197064 0.252338885553 0.447360655017
369138029 0.0841129618509 0.447360655017 0.158878283132 0.447360655017 0.158878283132 0.42105197064
369138030 0.158878283132 0.42105197064 0.0841129618509 0.42105197064 0.0841129618509 0.447360655017
369138037 0.420560858434 0.42105197064 0.495326179715 0.42105197064 0.495326179715 0.394733867879
369138038 0.495326179715 0.394733867879 0.420560858434 0.394733867879 0.420560858434 0.42105197064
369138041 0.252338885553 0.42105197064 0.327104206833 0.42105197064 0.327104206833 0.394733867879
369138042 0.327104206833 0.394733867879 0.252338885553 0.394733867879 0.252338885553 0.42105197064
369138045 0.0841129618509 0.42105197064 0.158878283132 0.42105197064 0.158878283132 0.394733867879
369138046 0.158878283132 0.394733867879 0.0841129618509 0.394733867879 0.0841129618509 0.42105197064
369138053 0.420560858434 0.394733867879 0.495326179715 0.394733867879 0.495326179715 0.368418904579
369138054 0.495326179715 0.368418904579 0.420560858434 0.368418904579 0.420560858434 0.394733867879
369138057 0.252338885553 0.394733867879 0.327104206833 0.394733867879 0.327104206833 0.368418904579
369138058 0.327104206833 0.368418904579 0.252338885553 0.368418904579 0.252338885553 0.394733867879
369138061 0.0841129618509 0.394733867879 0.158878283132 0.394733867879 0.158878283132 0.368418904579
369138062 0.158878283132 0.368418904579 0.0841129618509 0.368418904579 0.0841129618509 0.394733867879
369138069 0.420560858434 0.368418904579 0.495326179715 0.368418904579 0.495326179715 0.34210394128
369138070 0.495326179715 0.34210394128 0.420560858434 0.34210394128 0.420560858434 0.368418904579
369138073 0.252338885553 0.368418904579 0.327104206833 0.368418904579 0.327104206833 0.34210394128
369138074 0.327104206833 0.34210394128 0.252338885553 0.34210394128 0.252338885553 0.368418904579
369138077 0.0841129618509 0.368418904579 0.158878283132 0.368418904579 0.158878283132 0.34210394128
369138078 0.158878283132 0.34210394128 0.0841129618509 0.34210394128 0.0841129618509 0.368418904579
369138085 0.420560858434 0.34210394128 0.495326179715 0.34210394128 0.495326179715 0.315785838519
369138086 0.495326179715 0.315785838519 0.420560858434 0.315785838519 0.420560858434 0.34210394128
369138089 0.252338885553 0.34210394128 0.327104206833 0.34210394128 0.327104206833 0.315785838519
369138090 0.327104206833 0.315785838519 0.252338885553 0.315785838519 0.252338885553 0.34210394128
369138093 0.0841129618509 0.34210394128 0.158878283132 0.34210394128 0.158878283132 0.315785838519
369138094 0.158878283132 0.315785838519 0.0841129618509 0.315785838519 0.0841129618509 0.34210394128
369138101 0.420560858434 0.315785838519 0.495326179715 0.315785838519 0.495326179715 0.289470875219
369138102 0.495326179715 0.289470875219 0.420560858434 0.289470875219 0.420560858434 0.315785838519
369138105 0.252338885553 0.315785838519 0.327104206833 0.315785838519 0.327104206833 0.289470875219
369138106 0.327104206833 0.289470875219 0.252338885553 0.289470875219 0.252338885553 0.315785838519
369138109 0.0841129618509 0.315785838519 0.158878283132 0.315785838519 0.158878283132 0.289470875219
369138110 0.158878283132 0.289470875219 0.0841129618509 0.289470875219 0.0841129618509 0.315785838519
369138117 0.420560858434 0.289470875219 0.495326179715 0.289470875219 0.495326179715 0.263155911919
369138118 0.495326179715 0.263155911919 0.420560858434 0.263155911919 0.420560858434 0.289470875219
369138121 0.252338885553 0.289470875219 0.327104206833 0.289470875219 0.327104206833 0.263155911919
369138122 0.327104206833 0.263155911919 0.252338885553 0.263155911919 0.252338885553 0.289470875219
369138125 0.0841129618509 0.289470875219 0.158878283132 0.289470875219 0.158878283132 0.263155911919
369138126 0.158878283132 0.263155911919 0.0841129618509 0.263155911919 0.0841129618509 0.289470875219
369138133 0.420560858434 0.263155911919 0.495326179715 0.263155911919 0.495326179715 0.23684094862
369138134 0.495326179715 0.23684094862 0.420560858434 0.23684094862 0.420560858434 0.263155911919
369138137 0.252338885553 0.263155911919 0.327104206833 0.263155911919 0.327104206833 0.23684094862
369138138 0.327104206833 0.23684094862 0.252338885553 0.23684094862 0.252338885553 0.263155911919
369138141 0.0841129618509 0.263155911919 0.158878283132 0.263155911919 0.158878283132 0.23684094862
369138142 0.158878283132 0.23684094862 0.0841129618509 0.23684094862 0.0841129618509 0.263155911919
369138149 0.420560858434 0.23684094862 0.495326179715 0.23684094862 0.495326179715 0.21052598532
369138150 0.495326179715 0.21052598532 0.420560858434 0.21052598532 0.420560858434 0.23684094862
369138153 0.252338885553 0.23684094862 0.327104206833 0.23684094862 0.327104206833 0.21052598532
369138154 0.327104206833 0.21052598532 0.252338885553 0.21052598532 0.252338885553 0.23684094862
369138157 0.0841129618509 0.23684094862 0.158878283132 0.23684094862 0.158878283132 0.21052598532
369138158 0.158878283132 0.21052598532 0.0841129618509 0.21052598532 0.0841129618509 0.23684094862
369138165 0.420560858434 0.21052598532 0.495326179715 0.21052598532 0.495326179715 0.18421102202
369138166 0.495326179715 0.18421102202 0.420560858434 0.18421102202 0.420560858434 0.21052598532
369138169 0.252338885553 0.21052598532 0.327104206833 0.21052598532 0.327104206833 0.18421102202
369138170 0.327104206833 0.18421102202 0.252338885553 0.18421102202 0.252338885553 0.21052598532
369138173 0.0841129618509 0.21052598532 0.158878283132 0.21052598532 0.158878283132 0.18421102202
369138174 0.158878283132 0.18421102202 0.0841129618509 0.18421102202 0.0841129618509 0.21052598532
369138181 0.420560858434 0.18421102202 0.495326179715 0.18421102202 0.495326179715 0.157892919259
369138182 0.495326179715 0.157892919259 0.420560858434 0.157892919259 0.420560858434 0.18421102202
369138185 0.252338885553 0.18421102202 0.327104206833 0.18421102202 0.327104206833 0.157892919259
369138186 0.327104206833 0.157892919259 0.252338885553 0.157892919259 0.252338885553 0.18421102202
369138189 0.0841129618509 0.18421102202 0.158878283132 0.18421102202 0.158878283132 0.157892919259
369138190 0.158878283132 0.157892919259 0.0841129618509 0.157892919259 0.0841129618509 0.18421102202
369138197 0.420560858434 0.157892919259 0.495326179715 0.157892919259 0.495326179715 0.13157795596
369138198 0.495326179715 0.13157795596 0.420560858434 0.13157795596 0.420560858434 0.157892919259
369138201 0.252338885553 0.157892919259 0.327104206833 0.157892919259 0.327104206833 0.13157795596
369138202 0.327104206833 0.13157795596 0.252338885553 0.13157795596 0.252338885553 0.157892919259
369138205 0.0841129618509 0.157892919259 0.158878283132 0.157892919259 0.158878283132 0.13157795596
369138206 0.158878283132 0.13157795596 0.0841129618509 0.13157795596 0.0841129618509 0.157892919259
369138213 0.420560858434 0.13157795596 0.495326179715 0.13157795596 0.495326179715 0.10526299266
369138214 0.495326179715 0.10526299266 0.420560858434 0.10526299266 0.420560858434 0.13157795596
369138217 0.252338885553 0.13157795596 0.327104206833 0.13157795596 0.327104206833 0.10526299266
369138218 0.327104206833 0.10526299266 0.252338885553 0.10526299266 0.252338885553 0.13157795596
369138221 0.0841129618509 0.13157795596 0.158878283132 0.13157795596 0.158878283132 0.10526299266
369138222 0.158878283132 0.10526299266 0.0841129618509 0.10526299266 0.0841129618509 0.13157795596
369138229 0.420560858434 0.10526299266 0.495326179715 0.10526299266 0.495326179715 0.0789480293602
369138230 0.495326179715 0.0789480293602 0.420560858434 0.0789480293602 0.420560858434 0.10526299266
369138233 0.252338885553 0.10526299266 0.327104206833 0.10526299266 0.327104206833 0.0789480293602
369138234 0.327104206833 0.0789480293602 0.252338885553 0.0789480293602 0.252338885553 0.10526299266
369138237 0.0841129618509 0.10526299266 0.158878283132 0.10526299266 0.158878283132 0.0789480293602
369138238 0.158878283132 0.0789480293602 0.0841129618509 0.0789480293602 0.0841129618509 0.10526299266
369138245 0.420560858434 0.0789480293602 0.495326179715 0.0789480293602 0.495326179715 0.0526330660605
369138246 0.495326179715 0.0526330660605 0.420560858434 0.0526330660605 0.420560858434 0.0789480293602
369138249 0.252338885553 0.0789480293602 0.327104206833 0.0789480293602 0.327104206833 0.0526330660605
369138250 0.327104206833 0.0526330660605 0.252338885553 0.0526330660605 0.252338885553 0.0789480293602
369138253 0.0841129618509 0.0789480293602 0.158878283132 0.0789480293602 0.158878283132 0.0526330660605
369138254 0.158878283132 0.0526330660605 0.0841129618509 0.0526330660605 0.0841129618509 0.0789480293602
369138261 0.420560858434 0.0526330660605 0.495326179715 0.0526330660605 0.495326179715 0.0263181027608
369138262 0.495326179715 0.0263181027608 0.420560858434 0.0263181027608 0.420560858434 0.0526330660605
369138265 0.252338885553 0.0526330660605 0.327104206833 0.0526330660605 0.327104206833 0.0263181027608
369138266 0.327104206833 0.0263181027608 0.252338885553 0.0263181027608 0.252338885553 0.0526330660605
369138269 0.0841129618509 0.0526330660605 0.158878283132 0.0526330660605 0.158878283132 0.0263181027608
369138270 0.158878283132 0.0263181027608 0.0841129618509 0.0263181027608 0.0841129618509 0.0526330660605
369138277 0.420560858434 0.0263181027608 0.495326179715 0.0263181027608 0.495326179715 0.0
369138278 0.495326179715 0.0 0.420560858434 0.0 0.420560858434 0.0263181027608
369138281 0.252338885553 0.0263181027608 0.327104206833 0.0263181027608 0.327104206833 0.0
369138282 0.327104206833 0.0 0.252338885553 0.0 0.252338885553 0.0263181027608
369138285 0.0841129618509 0.0263181027608 0.158878283132 0.0263181027608 0.158878283132 0.0
369138286 0.158878283132 0.0 0.0841129618509 0.0 0.0841129618509 0.0263181027608
369140757 0.504673820285 1.0 0.579439141566 1.0 0.579439141566 0.973659921011
369140758 0.579439141566 0.973659921011 0.504673820285 0.973659921011 0.504673820285 1.0
369140761 0.672895793167 1.0 0.747665065268 1.0 0.747665065268 0.973659921011
369140762 0.747665065268 0.973659921011 0.672895793167 0.973659921011 0.672895793167 1.0
369140765 0.841121716868 1.0 0.915887038149 1.0 0.915887038149 0.973659921011
369140766 0.915887038149 0.973659921011 0.841121716868 0.973659921011 0.841121716868 1.0
369140773 0.504673820285 0.973659921011 0.579439141566 0.973659921011 0.579439141566 0.947351236634
369140774 0.579439141566 0.947351236634 0.504673820285 0.947351236634 0.504673820285 0.973659921011
369140777 0.672895793167 0.973659921011 0.747665065268 0.973659921011 0.747665065268 0.947351236634
369140778 0.747665065268 0.947351236634 0.672895793167 0.947351236634 0.672895793167 0.973659921011
369140781 0.841121716868 0.973659921011 0.915887038149 0.973659921011 0.915887038149 0.947351236634
369140782 0.915887038149 0.947351236634 0.841121716868 0.947351236634 0.841121716868 0.973659921011
369140789 0.504673820285 0.947351236634 0.579439141566 0.947351236634 0.579439141566 0.921042552256
369140790 0.579439141566 0.921042552256 0.504673820285 0.921042552256 0.504673820285 0.947351236634
369140793 0.672895793167 0.947351236634 0.747665065268 0.947351236634 0.747665065268 0.921042552256
369140794 0.747665065268 0.921042552256 0.672895793167 0.921042552256 0.672895793167 0.947351236634
369140797 0.841121716868 0.947351236634 0.915887038149 0.947351236634 0.915887038149 0.921042552256
369140798 0.915887038149 0.921042552256 0.841121716868 0.921042552256 0.841121716868 0.947351236634
369140805 0.504673820285 0.894733867879 0.579439141566 0.894733867879 0.579439141566 0.868425183502
369140806 0.579439141566 0.868425183502 0.504673820285 0.868425183502 0.504673820285 0.894733867879
369140809 0.672895793167 0.894733867879 0.747665065268 0.894733867879 0.747665065268 0.868425183502
369140810 0.747665065268 0.868425183502 0.672895793167 0.868425183502 0.672895793167 0.894733867879
369140813 0.841121716868 0.894733867879 0.915887038149 0.894733867879 0.915887038149 0.868425183502
369140814 0.915887038149 0.868425183502 0.841121716868 0.868425183502 0.841121716868 0.894733867879
369140821 0.504673820285 0.868425183502 0.579439141566 0.868425183502 0.579439141566 0.842085104513
369140822 0.579439141566 0.842085104513 0.504673820285 0.842085104513 0.504673820285 0.868425183502
369140825 0.672895793167 0.868425183502 0.747665065268 0.868425183502 0.747665065268 0.842085104513
369140826 0.747665065268 0.842085104513 0.672895793167 0.842085104513 0.672895793167 0.868425183502
369140829 0.841121716868 0.868425183502 0.915887038149 0.868425183502 0.915887038149 0.842085104513
369140830 0.915887038149 0.842085104513 0.841121716868 0.842085104513 0.841121716868 0.868425183502
369140837 0.504673820285 0.842085104513 0.579439141566 0.842085104513 0.579439141566 0.815776420135
369140838 0.579439141566 0.815776420135 0.504673820285 0.815776420135 0.504673820285 0.842085104513
369140841 0.672895793167 0.842085104513 0.747665065268 0.842085104513 0.747665065268 0.815776420135
369140842 0.747665065268 0.815776420135 0.672895793167 0.815776420135 0.672895793167 0.842085104513
369140845 0.841121716868 0.842085104513 0.915887038149 0.842085104513 0.915887038149 0.815776420135
369140846 0.915887038149 0.815776420135 0.841121716868 0.815776420135 0.841121716868 0.842085104513
369140853 0.504673820285 0.815776420135 0.579439141566 0.815776420135 0.579439141566 0.789467735758
369140854 0.579439141566 0.789467735758 0.504673820285 0.789467735758 0.504673820285 0.815776420135
369140857 0.672895793167 0.815776420135 0.747665065268 0.815776420135 0.747665065268 0.789467735758
369140858 0.747665065268 0.789467735758 0.672895793167 0.789467735758 0.672895793167 0.815776420135
369140861 0.841121716868 0.815776420135 0.915887038149 0.815776420135 0.915887038149 0.789467735758
369140862 0.915887038149 0.789467735758 0.841121716868 0.789467735758 0.841121716868 0.815776420135
369140869 0.504673820285 0.789467735758 0.579439141566 0.789467735758 0.579439141566 0.76315905138
369140870 0.579439141566 0.76315905138 0.504673820285 0.76315905138 0.504673820285 0.789467735758
369140873 0.672895793167 0.789467735758 0.747665065268 0.789467735758 0.747665065268 0.76315905138
369140874 0.747665065268 0.76315905138 0.672895793167 0.76315905138 0.672895793167 0.789467735758
369140877 0.841121716868 0.789467735758 0.915887038149 0.789467735758 0.915887038149 0.76315905138
369140878 0.915887038149 0.76315905138 0.841121716868 0.76315905138 0.841121716868 0.789467735758
369140885 0.504673820285 0.76315905138 0.579439141566 0.76315905138 0.579439141566 0.736850367003
369140886 0.579439141566 0.736850367003 0.504673820285 0.736850367003 0.504673820285 0.76315905138
369140889 0.672895793167 0.76315905138 0.747665065268 0.76315905138 0.747665065268 0.736850367003
369140890 0.747665065268 0.736850367003 0.672895793167 0.736850367003 0.672895793167 0.76315905138
369140893 0.841121716868 0.76315905138 0.915887038149 0.76315905138 0.915887038149 0.736850367003
369140894 0.915887038149 0.736850367003 0.841121716868 0.736850367003 0.841121716868 0.76315905138
369140901 0.504673820285 0.736850367003 0.579439141566 0.736850367003 0.579439141566 0.710510288014
369140902 0.579439141566 0.710510288014 0.504673820285 0.710510288014 0.504673820285 0.736850367003
369140905 0.672895793167 0.736850367003 0.747665065268 0.736850367003 0.747665065268 0.710510288014
369140906 0.747665065268 0.710510288014 0.672895793167 0.710510288014 0.672895793167 0.736850367003
369140909 0.841121716868 0.736850367003 0.915887038149 0.736850367003 0.915887038149 0.710510288014
369140910 0.915887038149 0.710510288014 0.841121716868 0.710510288014 0.841121716868 0.736850367003
369140917 0.504673820285 0.710510288014 0.579439141566 0.710510288014 0.579439141566 0.684201603637
369140918 0.579439141566 0.684201603637 0.504673820285 0.684201603637 0.504673820285 0.710510288014
369140921 0.672895793167 0.710510288014 0.747665065268 0.710510288014 0.747665065268 0.684201603637
369140922 0.747665065268 0.684201603637 0.672895793167 0.684201603637 0.672895793167 0.710510288014
369140925 0.841121716868 0.710510288014 0.915887038149 0.710510288014 0.915887038149 0.684201603637
369140926 0.915887038149 0.684201603637 0.841121716868 0.684201603637 0.841121716868 0.710510288014
369140933 0.504673820285 0.684201603637 0.579439141566 0.684201603637 0.579439141566 0.657892919259
369140934 0.579439141566 0.657892919259 0.504673820285 0.657892919259 0.504673820285 0.684201603637
369140937 0.672895793167 0.684201603637 0.747665065268 0.684201603637 0.747665065268 0.657892919259
369140938 0.747665065268 0.657892919259 0.672895793167 0.657892919259 0.672895793167 0.684201603637
369140941 0.841121716868 0.684201603637 0.915887038149 0.684201603637 0.915887038149 0.657892919259
369140942 0.915887038149 0.657892919259 0.841121716868 0.657892919259 0.841121716868 0.684201603637
369140949 0.504673820285 0.631584234882 0.579439141566 0.631584234882 0.579439141566 0.605244155893
369140950 0.579439141566 0.605244155893 0.504673820285 0.605244155893 0.504673820285 0.631584234882
369140953 0.672895793167 0.631584234882 0.747665065268 0.631584234882 0.747665065268 0.605244155893
369140954 0.747665065268 0.605244155893 0.672895793167 0.605244155893 0.672895793167 0.631584234882
369140957 0.841121716868 0.631584234882 0.915887038149 0.631584234882 0.915887038149 0.605244155893
369140958 0.915887038149 0.605244155893 0.841121716868 0.605244155893 0.841121716868 0.631584234882
369140965 0.504673820285 0.605244155893 0.579439141566 0.605244155893 0.579439141566 0.578935471516
369140966 0.579439141566 0.578935471516 0.504673820285 0.578935471516 0.504673820285 0.605244155893
369140969 0.672895793167 0.605244155893 0.747665065268 0.605244155893 0.747665065268 0.578935471516
369140970 0.747665065268 0.578935471516 0.672895793167 0.578935471516 0.672895793167 0.605244155893
369140973 0.841121716868 0.605244155893 0.915887038149 0.605244155893 0.915887038149 0.578935471516
369140974 0.915887038149 0.578935471516 0.841121716868 0.578935471516 0.841121716868 0.605244155893
369140981 0.504673820285 0.578935471516 0.579439141566 0.578935471516 0.579439141566 0.552626787138
369140982 0.579439141566 0.552626787138 0.504673820285 0.552626787138 0.504673820285 0.578935471516
369140985 0.672895793167 0.578935471516 0.747665065268 0.578935471516 0.747665065268 0.552626787138
369140986 0.747665065268 0.552626787138 0.672895793167 0.552626787138 0.672895793167 0.578935471516
369140989 0.841121716868 0.578935471516 0.915887038149 0.578935471516 0.915887038149 0.552626787138
369140990 0.915887038149 0.552626787138 0.841121716868 0.552626787138 0.841121716868 0.578935471516
369140997 0.504673820285 0.552626787138 0.579439141566 0.552626787138 0.579439141566 0.526318102761
369140998 0.579439141566 0.526318102761 0.504673820285 0.526318102761 0.504673820285 0.552626787138
369141001 0.672895793167 0.552626787138 0.747665065268 0.552626787138 0.747665065268 0.526318102761
369141002 0.747665065268 0.526318102761 0.672895793167 0.526318102761 0.672895793167 0.552626787138
369141005 0.841121716868 0.552626787138 0.915887038149 0.552626787138 0.915887038149 0.526318102761
369141006 0.915887038149 0.526318102761 0.841121716868 0.526318102761 0.841121716868 0.552626787138
369141013 0.504673820285 0.526318102761 0.579439141566 0.526318102761 0.579439141566 0.500009418383
369141014 0.579439141566 0.500009418383 0.504673820285 0.500009418383 0.504673820285 0.526318102761
369141017 0.672895793167 0.526318102761 0.747665065268 0.526318102761 0.747665065268 0.500009418383
369141018 0.747665065268 0.500009418383 0.672895793167 0.500009418383 0.672895793167 0.526318102761
369141021 0.841121716868 0.526318102761 0.915887038149 0.526318102761 0.915887038149 0.500009418383
369141022 0.915887038149 0.500009418383 0.841121716868 0.500009418383 0.841121716868 0.526318102761
369141029 0.504673820285 0.500009418383 0.579439141566 0.500009418383 0.579439141566 0.473669339395
369141030 0.579439141566 0.473669339395 0.504673820285 0.473669339395 0.504673820285 0.500009418383
369141033 0.672895793167 0.500009418383 0.747665065268 0.500009418383 0.747665065268 0.473669339395
369141034 0.747665065268 0.473669339395 0.672895793167 0.473669339395 0.672895793167 0.500009418383
369141037 0.841121716868 0.500009418383 0.915887038149 0.500009418383 0.915887038149 0.473669339395
369141038 0.915887038149 0.473669339395 0.841121716868 0.473669339395 0.841121716868 0.500009418383
369141045 0.504673820285 0.473669339395 0.579439141566 0.473669339395 0.579439141566 0.447360655017
369141046 0.579439141566 0.447360655017 0.504673820285 0.447360655017 0.504673820285 0.473669339395
369141049 0.672895793167 0.473669339395 0.747665065268 0.473669339395 0.747665065268 0.447360655017
369141050 0.747665065268 0.447360655017 0.672895793167 0.447360655017 0.672895793167 0.473669339395
369141053 0.841121716868 0.473669339395 0.915887038149 0.473669339395 0.915887038149 0.447360655017
369141054 0.915887038149 0.447360655017 0.841121716868 0.447360655017 0.841121716868 0.473669339395
369141061 0.504673820285 0.447360655017 0.579439141566 0.447360655017 0.579439141566 0.42105197064
369141062 0.579439141566 0.42105197064 0.504673820285 0.42105197064 0.504673820285 0.447360655017
369141065 0.672895793167 0.447360655017 0.747665065268 0.447360655017 0.747665065268 0.42105197064
369141066 0.747665065268 0.42105197064 0.672895793167 0.42105197064 0.672895793167 0.447360655017
369141069 0.841121716868 0.447360655017 0.915887038149 0.447360655017 0.915887038149 0.42105197064
369141070 0.915887038149 0.42105197064 0.841121716868 0.42105197064 0.841121716868 0.447360655017
369141077 0.504673820285 0.394733867879 0.579439141566 0.394733867879 0.579439141566 0.368418904579
369141078 0.579439141566 0.368418904579 0.504673820285 0.368418904579 0.504673820285 0.394733867879
369141081 0.672895793167 0.394733867879 0.747665065268 0.394733867879 0.747665065268 0.368418904579
369141082 0.747665065268 0.368418904579 0.672895793167 0.368418904579 0.672895793167 0.394733867879
369141085 0.841121716868 0.394733867879 0.915887038149 0.394733867879 0.915887038149 0.368418904579
369141086 0.915887038149 0.368418904579 0.841121716868 0.368418904579 0.841121716868 0.394733867879
369141093 0.504673820285 0.368418904579 0.579439141566 0.368418904579 0.579439141566 0.34210394128
369141094 0.579439141566 0.34210394128 0.504673820285 0.34210394128 0.504673820285 0.368418904579
369141097 0.672895793167 0.368418904579 0.747665065268 0.368418904579 0.747665065268 0.34210394128
369141098 0.747665065268 0.34210394128 0.672895793167 0.34210394128 0.672895793167 0.368418904579
369141101 0.841121716868 0.368418904579 0.915887038149 0.368418904579 0.915887038149 0.34210394128
369141102 0.915887038149 0.34210394128 0.841121716868 0.34210394128 0.841121716868 0.368418904579
369141109 0.504673820285 0.34210394128 0.579439141566 0.34210394128 0.579439141566 0.315785838519
369141110 0.579439141566 0.315785838519 0.504673820285 0.315785838519 0.504673820285 0.34210394128
369141113 0.672895793167 0.34210394128 0.747665065268 0.34210394128 0.747665065268 0.315785838519
369141114 0.747665065268 0.315785838519 0.672895793167 0.315785838519 0.672895793167 0.34210394128
369141117 0.841121716868 0.34210394128 0.915887038149 0.34210394128 0.915887038149 0.315785838519
369141118 0.915887038149 0.315785838519 0.841121716868 0.315785838519 0.841121716868 0.34210394128
369141125 0.504673820285 0.315785838519 0.579439141566 0.315785838519 0.579439141566 0.289470875219
369141126 0.579439141566 0.289470875219 0.504673820285 0.289470875219 0.504673820285 0.315785838519
369141129 0.672895793167 0.315785838519 0.747665065268 0.315785838519 0.747665065268 0.289470875219
369141130 0.747665065268 0.289470875219 0.672895793167 0.289470875219 0.672895793167 0.315785838519
369141133 0.841121716868 0.315785838519 0.915887038149 0.315785838519 0.915887038149 0.289470875219
369141134 0.915887038149 0.289470875219 0.841121716868 0.289470875219 0.841121716868 0.315785838519
369141141 0.504673820285 0.289470875219 0.579439141566 0.289470875219 0.579439141566 0.263155911919
369141142 0.579439141566 0.263155911919 0.504673820285 0.263155911919 0.504673820285 0.289470875219
369141145 0.672895793167 0.289470875219 0.747665065268 0.289470875219 0.747665065268 0.263155911919
369141146 0.747665065268 0.263155911919 0.672895793167 0.263155911919 0.672895793167 0.289470875219
369141149 0.841121716868 0.289470875219 0.915887038149 0.289470875219 0.915887038149 0.263155911919
369141150 0.915887038149 0.263155911919 0.841121716868 0.263155911919 0.841121716868 0.289470875219
369141157 0.504673820285 0.263155911919 0.579439141566 0.263155911919 0.579439141566 0.23684094862
369141158 0.579439141566 0.23684094862 0.504673820285 0.23684094862 0.504673820285 0.263155911919
369141161 0.672895793167 0.263155911919 0.747665065268 0.263155911919 0.747665065268 0.23684094862
369141162 0.747665065268 0.23684094862 0.672895793167 0.23684094862 0.672895793167 0.263155911919
369141165 0.841121716868 0.263155911919 0.915887038149 0.263155911919 0.915887038149 0.23684094862
369141166 0.915887038149 0.23684094862 0.841121716868 0.23684094862 0.841121716868 0.263155911919
369141173 0.504673820285 0.23684094862 0.579439141566 0.23684094862 0.579439141566 0.21052598532
369141174 0.579439141566 0.21052598532 0.504673820285 0.21052598532 0.504673820285 0.23684094862
369141177 0.672895793167 0.23684094862 0.747665065268 0.23684094862 0.747665065268 0.21052598532
369141178 0.747665065268 0.21052598532 0.672895793167 0.21052598532 0.672895793167 0.23684094862
369141181 0.841121716868 0.23684094862 0.915887038149 0.23684094862 0.915887038149 0.21052598532
369141182 0.915887038149 0.21052598532 0.841121716868 0.21052598532 0.841121716868 0.23684094862
369141189 0.504673820285 0.21052598532 0.579439141566 0.21052598532 0.579439141566 0.18421102202
369141190 0.579439141566 0.18421102202 0.504673820285 0.18421102202 0.504673820285 0.21052598532
369141193 0.672895793167 0.21052598532 0.747665065268 0.21052598532 0.747665065268 0.18421102202
369141194 0.747665065268 0.18421102202 0.672895793167 0.18421102202 0.672895793167 0.21052598532
369141197 0.841121716868 0.21052598532 0.915887038149 0.21052598532 0.915887038149 0.18421102202
369141198 0.915887038149 0.18421102202 0.841121716868 0.18421102202 0.841121716868 0.21052598532
369141205 0.504673820285 0.18421102202 0.579439141566 0.18421102202 0.579439141566 0.157892919259
369141206 0.579439141566 0.157892919259 0.504673820285 0.157892919259 0.504673820285 0.18421102202
369141209 0.672895793167 0.18421102202 0.747665065268 0.18421102202 0.747665065268 0.157892919259
369141210 0.747665065268 0.157892919259 0.672895793167 0.157892919259 0.672895793167 0.18421102202
369141213 0.841121716868 0.18421102202 0.915887038149 0.18421102202 0.915887038149 0.157892919259
369141214 0.915887038149 0.157892919259 0.841121716868 0.157892919259 0.841121716868 0.18421102202
369141221 0.504673820285 0.13157795596 0.579439141566 0.13157795596 0.579439141566 0.10526299266
369141222 0.579439141566 0.10526299266 0.504673820285 0.10526299266 0.504673820285 0.13157795596
369141225 0.672895793167 0.13157795596 0.747665065268 0.13157795596 0.747665065268 0.10526299266
369141226 0.747665065268 0.10526299266 0.672895793167 0.10526299266 0.672895793167 0.13157795596
369141229 0.841121716868 0.13157795596 0.915887038149 0.13157795596 0.915887038149 0.10526299266
369141230 0.915887038149 0.10526299266 0.841121716868 0.10526299266 0.841121716868 0.13157795596
369141237 0.504673820285 0.10526299266 0.579439141566 0.10526299266 0.579439141566 0.0789480293602
369141238 0.579439141566 0.0789480293602 0.504673820285 0.0789480293602 0.504673820285 0.10526299266
369141241 0.672895793167 0.10526299266 0.747665065268 0.10526299266 0.747665065268 0.0789480293602
369141242 0.747665065268 0.0789480293602 0.672895793167 0.0789480293602 0.672895793167 0.10526299266
369141245 0.841121716868 0.10526299266 0.915887038149 0.10526299266 0.915887038149 0.0789480293602
369141246 0.915887038149 0.0789480293602 0.841121716868 0.0789480293602 0.841121716868 0.10526299266
369141253 0.504673820285 0.0789480293602 0.579439141566 0.0789480293602 0.579439141566 0.0526330660605
369141254 0.579439141566 0.0526330660605 0.504673820285 0.0526330660605 0.504673820285 0.0789480293602
369141257 0.672895793167 0.0789480293602 0.747665065268 0.0789480293602 0.747665065268 0.0526330660605
369141258 0.747665065268 0.0526330660605 0.672895793167 0.0526330660605 0.672895793167 0.0789480293602
369141261 0.841121716868 0.0789480293602 0.915887038149 0.0789480293602 0.915887038149 0.0526330660605
369141262 0.915887038149 0.0526330660605 0.841121716868 0.0526330660605 0.841121716868 0.0789480293602
369141269 0.504673820285 0.0526330660605 0.579439141566 0.0526330660605 0.579439141566 0.0263181027608
369141270 0.579439141566 0.0263181027608 0.504673820285 0.0263181027608 0.504673820285 0.0526330660605
369141273 0.672895793167 0.0526330660605 0.747665065268 0.0526330660605 0.747665065268 0.0263181027608
369141274 0.747665065268 0.0263181027608 0.672895793167 0.0263181027608 0.672895793167 0.0526330660605
369141277 0.841121716868 0.0526330660605 0.915887038149 0.0526330660605 0.915887038149 0.0263181027608
369141278 0.915887038149 0.0263181027608 0.841121716868 0.0263181027608 0.841121716868 0.0526330660605
369141285 0.504673820285 0.0263181027608 0.579439141566 0.0263181027608 0.579439141566 0.0
369141286 0.579439141566 0.0 0.504673820285 0.0 0.504673820285 0.0263181027608
369141289 0.672895793167 0.0263181027608 0.747665065268 0.0263181027608 0.747665065268 0.0
369141290 0.747665065268 0.0 0.672895793167 0.0 0.672895793167 0.0263181027608
369141293 0.841121716868 0.0263181027608 0.915887038149 0.0263181027608 0.915887038149 0.0
369141294 0.915887038149 0.0 0.841121716868 0.0 0.841121716868 0.0263181027608
369141781 0.588786782136 1.0 0.663552103417 1.0 0.663552103417 0.973659921011
369141782 0.663552103417 0.973659921011 0.588786782136 0.973659921011 0.588786782136 1.0
369141785 0.757008755018 1.0 0.831774076298 1.0 0.831774076298 0.973659921011
369141786 0.831774076298 0.973659921011 0.757008755018 0.973659921011 0.757008755018 1.0
369141789 0.925234678719 1.0 1.0 1.0 1.0 0.973659921011
369141790 1.0 0.973659921011 0.925234678719 0.973659921011 0.925234678719 1.0
369141797 0.588786782136 0.973659921011 0.663552103417 0.973659921011 0.663552103417 0.947351236634
369141798 0.663552103417 0.947351236634 0.588786782136 0.947351236634 0.588786782136 0.973659921011
369141801 0.757008755018 0.973659921011 0.831774076298 0.973659921011 0.831774076298 0.947351236634
369141802 0.831774076298 0.947351236634 0.757008755018 0.947351236634 0.757008755018 0.973659921011
369141805 0.925234678719 0.973659921011 1.0 0.973659921011 1.0 0.947351236634
369141806 1.0 0.947351236634 0.925234678719 0.947351236634 0.925234678719 0.973659921011
369141813 0.588786782136 0.947351236634 0.663552103417 0.947351236634 0.663552103417 0.921042552256
369141814 0.663552103417 0.921042552256 0.588786782136 0.921042552256 0.588786782136 0.947351236634
369141817 0.757008755018 0.947351236634 0.831774076298 0.947351236634 0.831774076298 0.921042552256
369141818 0.831774076298 0.921042552256 0.757008755018 0.921042552256 0.757008755018 0.947351236634
369141821 0.925234678719 0.947351236634 1.0 0.947351236634 1.0 0.921042552256
369141822 1.0 0.921042552256 0.925234678719 0.921042552256 0.925234678719 0.947351236634
369141829 0.588786782136 0.921042552256 0.663552103417 0.921042552256 0.663552103417 0.894733867879
369141830 0.663552103417 0.894733867879 0.588786782136 0.894733867879 0.588786782136 0.921042552256
369141833 0.757008755018 0.921042552256 0.831774076298 0.921042552256 0.831774076298 0.894733867879
369141834 0.831774076298 0.894733867879 0.757008755018 0.894733867879 0.757008755018 0.921042552256
369141837 0.925234678719 0.921042552256 1.0 0.921042552256 1.0 0.894733867879
369141838 1.0 0.894733867879 0.925234678719 0.894733867879 0.925234678719 0.921042552256
369141845 0.588786782136 0.894733867879 0.663552103417 0.894733867879 0.663552103417 0.868425183502
369141846 0.663552103417 0.868425183502 0.588786782136 0.868425183502 0.588786782136 0.894733867879
369141849 0.757008755018 0.894733867879 0.831774076298 0.894733867879 0.831774076298 0.868425183502
369141850 0.831774076298 0.868425183502 0.757008755018 0.868425183502 0.757008755018 0.894733867879
369141853 0.925234678719 0.894733867879 1.0 0.894733867879 1.0 0.868425183502
369141854 1.0 0.868425183502 0.925234678719 0.868425183502 0.925234678719 0.894733867879
369141861 0.588786782136 0.868425183502 0.663552103417 0.868425183502 0.663552103417 0.842085104513
369141862 0.663552103417 0.842085104513 0.588786782136 0.842085104513 0.588786782136 0.868425183502
369141865 0.757008755018 0.868425183502 0.831774076298 0.868425183502 0.831774076298 0.842085104513
369141866 0.831774076298 0.842085104513 0.757008755018 0.842085104513 0.757008755018 0.868425183502
369141869 0.925234678719 0.868425183502 1.0 0.868425183502 1.0 0.842085104513
369141870 1.0 0.842085104513 0.925234678719 0.842085104513 0.925234678719 0.868425183502
369141877 0.588786782136 0.842085104513 0.663552103417 0.842085104513 0.663552103417 0.815776420135
369141878 0.663552103417 0.815776420135 0.588786782136 0.815776420135 0.588786782136 0.842085104513
369141881 0.757008755018 0.842085104513 0.831774076298 0.842085104513 0.831774076298 0.815776420135
369141882 0.831774076298 0.815776420135 0.757008755018 0.815776420135 0.757008755018 0.842085104513
369141885 0.925234678719 0.842085104513 1.0 0.842085104513 1.0 0.815776420135
369141886 1.0 0.815776420135 0.925234678719 0.815776420135 0.925234678719 0.842085104513
369141893 0.588786782136 0.815776420135 0.663552103417 0.815776420135 0.663552103417 0.789467735758
369141894 0.663552103417 0.789467735758 0.588786782136 0.789467735758 0.588786782136 0.815776420135
369141897 0.757008755018 0.815776420135 0.831774076298 0.815776420135 0.831774076298 0.789467735758
369141898 0.831774076298 0.789467735758 0.757008755018 0.789467735758 0.757008755018 0.815776420135
369141901 0.925234678719 0.815776420135 1.0 0.815776420135 1.0 0.789467735758
369141902 1.0 0.789467735758 0.925234678719 0.789467735758 0.925234678719 0.815776420135
369141909 0.588786782136 0.789467735758 0.663552103417 0.789467735758 0.663552103417 0.76315905138
369141910 0.663552103417 0.76315905138 0.588786782136 0.76315905138 0.588786782136 0.789467735758
369141913 0.757008755018 0.789467735758 0.831774076298 0.789467735758 0.831774076298 0.76315905138
369141914 0.831774076298 0.76315905138 0.757008755018 0.76315905138 0.757008755018 0.789467735758
369141917 0.925234678719 0.789467735758 1.0 0.789467735758 1.0 0.76315905138
369141918 1.0 0.76315905138 0.925234678719 0.76315905138 0.925234678719 0.789467735758
369141925 0.588786782136 0.76315905138 0.663552103417 0.76315905138 0.663552103417 0.736850367003
369141926 0.663552103417 0.736850367003 0.588786782136 0.736850367003 0.588786782136 0.76315905138
369141929 0.757008755018 0.76315905138 0.831774076298 0.76315905138 0.831774076298 0.736850367003
369141930 0.831774076298 0.736850367003 0.757008755018 0.736850367003 0.757008755018 0.76315905138
369141933 0.925234678719 0.76315905138 1.0 0.76315905138 1.0 0.736850367003
369141934 1.0 0.736850367003 0.925234678719 0.736850367003 0.925234678719 0.76315905138
369141941 0.588786782136 0.736850367003 0.663552103417 0.736850367003 0.663552103417 0.710510288014
369141942 0.663552103417 0.710510288014 0.588786782136 0.710510288014 0.588786782136 0.736850367003
369141945 0.757008755018 0.736850367003 0.831774076298 0.736850367003 0.831774076298 0.710510288014
369141946 0.831774076298 0.710510288014 0.757008755018 0.710510288014 0.757008755018 0.736850367003
369141949 0.925234678719 0.736850367003 1.0 0.736850367003 1.0 0.710510288014
369141950 1.0 0.710510288014 0.925234678719 0.710510288014 0.925234678719 0.736850367003
369141957 0.588786782136 0.710510288014 0.663552103417 0.710510288014 0.663552103417 0.684201603637
369141958 0.663552103417 0.684201603637 0.588786782136 0.684201603637 0.588786782136 0.710510288014
369141961 0.757008755018 0.710510288014 0.831774076298 0.710510288014 0.831774076298 0.684201603637
369141962 0.831774076298 0.684201603637 0.757008755018 0.684201603637 0.757008755018 0.710510288014
369141965 0.925234678719 0.710510288014 1.0 0.710510288014 1.0 0.684201603637
369141966 1.0 0.684201603637 0.925234678719 0.684201603637 0.925234678719 0.710510288014
369141973 0.588786782136 0.684201603637 0.663552103417 0.684201603637 0.663552103417 0.657892919259
369141974 0.663552103417 0.657892919259 0.588786782136 0.657892919259 0.588786782136 0.684201603637
369141977 0.757008755018 0.684201603637 0.831774076298 0.684201603637 0.831774076298 0.657892919259
369141978 0.831774076298 0.657892919259 0.757008755018 0.657892919259 0.757008755018 0.684201603637
369141981 0.925234678719 0.684201603637 1.0 0.684201603637 1.0 0.657892919259
369141982 1.0 0.657892919259 0.925234678719 0.657892919259 0.925234678719 0.684201603637
369141989 0.588786782136 0.657892919259 0.663552103417 0.657892919259 0.663552103417 0.631584234882
369141990 0.663552103417 0.631584234882 0.588786782136 0.631584234882 0.588786782136 0.657892919259
369141993 0.757008755018 0.657892919259 0.831774076298 0.657892919259 0.831774076298 0.631584234882
369141994 0.831774076298 0.631584234882 0.757008755018 0.631584234882 0.757008755018 0.657892919259
369141997 0.925234678719 0.657892919259 1.0 0.657892919259 1.0 0.631584234882
369141998 1.0 0.631584234882 0.925234678719 0.631584234882 0.925234678719 0.657892919259
369142005 0.588786782136 0.631584234882 0.663552103417 0.631584234882 0.663552103417 0.605244155893
369142006 0.663552103417 0.605244155893 0.588786782136 0.605244155893 0.588786782136 0.631584234882
369142009 0.757008755018 0.631584234882 0.831774076298 0.631584234882 0.831774076298 0.605244155893
369142010 0.831774076298 0.605244155893 0.757008755018 0.605244155893 0.757008755018 0.631584234882
369142013 0.925234678719 0.631584234882 1.0 0.631584234882 1.0 0.605244155893
369142014 1.0 0.605244155893 0.925234678719 0.605244155893 0.925234678719 0.631584234882
369142021 0.588786782136 0.605244155893 0.663552103417 0.605244155893 0.663552103417 0.578935471516
369142022 0.663552103417 0.578935471516 0.588786782136 0.578935471516 0.588786782136 0.605244155893
369142025 0.757008755018 0.605244155893 0.831774076298 0.605244155893 0.831774076298 0.578935471516
369142026 0.831774076298 0.578935471516 0.757008755018 0.578935471516 0.757008755018 0.605244155893
369142029 0.925234678719 0.605244155893 1.0 0.605244155893 1.0 0.578935471516
369142030 1.0 0.578935471516 0.925234678719 0.578935471516 0.925234678719 0.605244155893
369142037 0.588786782136 0.578935471516 0.663552103417 0.578935471516 0.663552103417 0.552626787138
369142038 0.663552103417 0.552626787138 0.588786782136 0.552626787138 0.588786782136 0.578935471516
369142041 0.757008755018 0.578935471516 0.831774076298 0.578935471516 0.831774076298 0.552626787138
369142042 0.831774076298 0.552626787138 0.757008755018 0.552626787138 0.757008755018 0.578935471516
369142045 0.925234678719 0.578935471516 1.0 0.578935471516 1.0 0.552626787138
369142046 1.0 0.552626787138 0.925234678719 0.552626787138 0.925234678719 0.578935471516
369142053 0.588786782136 0.552626787138 0.663552103417 0.552626787138 0.663552103417 0.526318102761
369142054 0.663552103417 0.526318102761 0.588786782136 0.526318102761 0.588786782136 0.552626787138
369142057 0.757008755018 0.552626787138 0.831774076298 0.552626787138 0.831774076298 0.526318102761
369142058 0.831774076298 0.526318102761 0.757008755018 0.526318102761 0.757008755018 0.552626787138
369142061 0.925234678719 0.552626787138 1.0 0.552626787138 1.0 0.526318102761
369142062 1.0 0.526318102761 0.925234678719 0.526318102761 0.925234678719 0.552626787138
369142069 0.588786782136 0.526318102761 0.663552103417 0.526318102761 0.663552103417 0.500009418383
369142070 0.663552103417 0.500009418383 0.588786782136 0.500009418383 0.588786782136 0.526318102761
369142073 0.757008755018 0.526318102761 0.831774076298 0.526318102761 0.831774076298 0.500009418383
369142074 0.831774076298 0.500009418383 0.757008755018 0.500009418383 0.757008755018 0.526318102761
369142077 0.925234678719 0.526318102761 1.0 0.526318102761 1.0 0.500009418383
369142078 1.0 0.500009418383 0.925234678719 0.500009418383 0.925234678719 0.526318102761
369142085 0.588786782136 0.500009418383 0.663552103417 0.500009418383 0.663552103417 0.473669339395
369142086 0.663552103417 0.473669339395 0.588786782136 0.473669339395 0.588786782136 0.500009418383
369142089 0.757008755018 0.500009418383 0.831774076298 0.500009418383 0.831774076298 0.473669339395
369142090 0.831774076298 0.473669339395 0.757008755018 0.473669339395 0.757008755018 0.500009418383
369142093 0.925234678719 0.500009418383 1.0 0.500009418383 1.0 0.473669339395
369142094 1.0 0.473669339395 0.925234678719 0.473669339395 0.925234678719 0.500009418383
369142101 0.588786782136 0.473669339395 0.663552103417 0.473669339395 0.663552103417 0.447360655017
369142102 0.663552103417 0.447360655017 0.588786782136 0.447360655017 0.588786782136 0.473669339395
369142105 0.757008755018 0.473669339395 0.831774076298 0.473669339395 0.831774076298 0.447360655017
369142106 0.831774076298 0.447360655017 0.757008755018 0.447360655017 0.757008755018 0.473669339395
369142109 0.925234678719 0.473669339395 1.0 0.473669339395 1.0 0.447360655017
369142110 1.0 0.447360655017 0.925234678719 0.447360655017 0.925234678719 0.473669339395
369142117 0.588786782136 0.447360655017 0.663552103417 0.447360655017 0.663552103417 0.42105197064
369142118 0.663552103417 0.42105197064 0.588786782136 0.42105197064 0.588786782136 0.447360655017
369142121 0.757008755018 0.447360655017 0.831774076298 0.447360655017 0.831774076298 0.42105197064
369142122 0.831774076298 0.42105197064 0.757008755018 0.42105197064 0.757008755018 0.447360655017
369142125 0.925234678719 0.447360655017 1.0 0.447360655017 1.0 0.42105197064
369142126 1.0 0.42105197064 0.925234678719 0.42105197064 0.925234678719 0.447360655017
369142133 0.588786782136 0.42105197064 0.663552103417 0.42105197064 0.663552103417 0.394733867879
369142134 0.663552103417 0.394733867879 0.588786782136 0.394733867879 0.588786782136 0.42105197064
369142137 0.757008755018 0.42105197064 0.831774076298 0.42105197064 0.831774076298 0.394733867879
369142138 0.831774076298 0.394733867879 0.757008755018 0.394733867879 0.757008755018 0.42105197064
369142141 0.925234678719 0.42105197064 1.0 0.42105197064 1.0 0.394733867879
369142142 1.0 0.394733867879 0.925234678719 0.394733867879 0.925234678719 0.42105197064
369142149 0.588786782136 0.394733867879 0.663552103417 0.394733867879 0.663552103417 0.368418904579
369142150 0.663552103417 0.368418904579 0.588786782136 0.368418904579 0.588786782136 0.394733867879
369142153 0.757008755018 0.394733867879 0.831774076298 0.394733867879 0.831774076298 0.368418904579
369142154 0.831774076298 0.368418904579 0.757008755018 0.368418904579 0.757008755018 0.394733867879
369142157 0.925234678719 0.394733867879 1.0 0.394733867879 1.0 0.368418904579
369142158 1.0 0.368418904579 0.925234678719 0.368418904579 0.925234678719 0.394733867879
369142165 0.588786782136 0.368418904579 0.663552103417 0.368418904579 0.663552103417 0.34210394128
369142166 0.663552103417 0.34210394128 0.588786782136 0.34210394128 0.588786782136 0.368418904579
369142169 0.757008755018 0.368418904579 0.831774076298 0.368418904579 0.831774076298 0.34210394128
369142170 0.831774076298 0.34210394128 0.757008755018 0.34210394128 0.757008755018 0.368418904579
369142173 0.925234678719 0.368418904579 1.0 0.368418904579 1.0 0.34210394128
369142174 1.0 0.34210394128 0.925234678719 0.34210394128 0.925234678719 0.368418904579
369142181 0.588786782136 0.34210394128 0.663552103417 0.34210394128 0.663552103417 0.315785838519
369142182 0.663552103417 0.315785838519 0.588786782136 0.315785838519 0.588786782136 0.34210394128
369142185 0.757008755018 0.34210394128 0.831774076298 0.34210394128 0.831774076298 0.315785838519
369142186 0.831774076298 0.315785838519 0.757008755018 0.315785838519 0.757008755018 0.34210394128
369142189 0.925234678719 0.34210394128 1.0 0.34210394128 1.0 0.315785838519
369142190 1.0 0.315785838519 0.925234678719 0.315785838519 0.925234678719 0.34210394128
369142197 0.588786782136 0.315785838519 0.663552103417 0.315785838519 0.663552103417 0.289470875219
369142198 0.663552103417 0.289470875219 0.588786782136 0.289470875219 0.588786782136 0.315785838519
369142201 0.757008755018 0.315785838519 0.831774076298 0.315785838519 0.831774076298 0.289470875219
369142202 0.831774076298 0.289470875219 0.757008755018 0.289470875219 0.757008755018 0.315785838519
369142205 0.925234678719 0.315785838519 1.0 0.315785838519 1.0 0.289470875219
369142206 1.0 0.289470875219 0.925234678719 0.289470875219 0.925234678719 0.315785838519
369142213 0.588786782136 0.289470875219 0.663552103417 0.289470875219 0.663552103417 0.263155911919
369142214 0.663552103417 0.263155911919 0.588786782136 0.263155911919 0.588786782136 0.289470875219
369142217 0.757008755018 0.289470875219 0.831774076298 0.289470875219 0.831774076298 0.263155911919
369142218 0.831774076298 0.263155911919 0.757008755018 0.263155911919 0.757008755018 0.289470875219
369142221 0.925234678719 0.289470875219 1.0 0.289470875219 1.0 0.263155911919
369142222 1.0 0.263155911919 0.925234678719 0.263155911919 0.925234678719 0.289470875219
369142229 0.588786782136 0.263155911919 0.663552103417 0.263155911919 0.663552103417 0.23684094862
369142230 0.663552103417 0.23684094862 0.588786782136 0.23684094862 0.588786782136 0.263155911919
369142233 0.757008755018 0.263155911919 0.831774076298 0.263155911919 0.831774076298 0.23684094862
369142234 0.831774076298 0.23684094862 0.757008755018 0.23684094862 0.757008755018 0.263155911919
369142237 0.925234678719 0.263155911919 1.0 0.263155911919 1.0 0.23684094862
369142238 1.0 0.23684094862 0.925234678719 0.23684094862 0.925234678719 0.263155911919
369142245 0.588786782136 0.23684094862 0.663552103417 0.23684094862 0.663552103417 0.21052598532
369142246 0.663552103417 0.21052598532 0.588786782136 0.21052598532 0.588786782136 0.23684094862
369142249 0.757008755018 0.23684094862 0.831774076298 0.23684094862 0.831774076298 0.21052598532
369142250 0.831774076298 0.21052598532 0.757008755018 0.21052598532 0.757008755018 0.23684094862
369142253 0.925234678719 0.23684094862 1.0 0.23684094862 1.0 0.21052598532
369142254 1.0 0.21052598532 0.925234678719 0.21052598532 0.925234678719 0.23684094862
369142261 0.588786782136 0.21052598532 0.663552103417 0.21052598532 0.663552103417 0.18421102202
369142262 0.663552103417 0.18421102202 0.588786782136 0.18421102202 0.588786782136 0.21052598532
369142265 0.757008755018 0.21052598532 0.831774076298 0.21052598532 0.831774076298 0.18421102202
369142266 0.831774076298 0.18421102202 0.757008755018 0.18421102202 0.757008755018 0.21052598532
369142269 0.925234678719 0.21052598532 1.0 0.21052598532 1.0 0.18421102202
369142270 1.0 0.18421102202 0.925234678719 0.18421102202 0.925234678719 0.21052598532
369142277 0.588786782136 0.18421102202 0.663552103417 0.18421102202 0.663552103417 0.157892919259
369142278 0.663552103417 0.157892919259 0.588786782136 0.157892919259 0.588786782136 0.18421102202
369142281 0.757008755018 0.18421102202 0.831774076298 0.18421102202 0.831774076298 0.157892919259
369142282 0.831774076298 0.157892919259 0.757008755018 0.157892919259 0.757008755018 0.18421102202
369142285 0.925234678719 0.18421102202 1.0 0.18421102202 1.0 0.157892919259
369142286 1.0 0.157892919259 0.925234678719 0.157892919259 0.925234678719 0.18421102202
369142293 0.588786782136 0.157892919259 0.663552103417 0.157892919259 0.663552103417 0.13157795596
369142294 0.663552103417 0.13157795596 0.588786782136 0.13157795596 0.588786782136 0.157892919259
369142297 0.757008755018 0.157892919259 0.831774076298 0.157892919259 0.831774076298 0.13157795596
369142298 0.831774076298 0.13157795596 0.757008755018 0.13157795596 0.757008755018 0.157892919259
369142301 0.925234678719 0.157892919259 1.0 0.157892919259 1.0 0.13157795596
369142302 1.0 0.13157795596 0.925234678719 0.13157795596 0.925234678719 0.157892919259
369142309 0.588786782136 0.13157795596 0.663552103417 0.13157795596 0.663552103417 0.10526299266
369142310 0.663552103417 0.10526299266 0.588786782136 0.10526299266 0.588786782136 0.13157795596
369142313 0.757008755018 0.13157795596 0.831774076298 0.13157795596 0.831774076298 0.10526299266
369142314 0.831774076298 0.10526299266 0.757008755018 0.10526299266 0.757008755018 0.13157795596
369142317 0.925234678719 0.13157795596 1.0 0.13157795596 1.0 0.10526299266
369142318 1.0 0.10526299266 0.925234678719 0.10526299266 0.925234678719 0.13157795596
369142325 0.588786782136 0.10526299266 0.663552103417 0.10526299266 0.663552103417 0.0789480293602
369142326 0.663552103417 0.0789480293602 0.588786782136 0.0789480293602 0.588786782136 0.10526299266
369142329 0.757008755018 0.10526299266 0.831774076298 0.10526299266 0.831774076298 0.0789480293602
369142330 0.831774076298 0.0789480293602 0.757008755018 0.0789480293602 0.757008755018 0.10526299266
369142333 0.925234678719 0.10526299266 1.0 0.10526299266 1.0 0.0789480293602
369142334 1.0 0.0789480293602 0.925234678719 0.0789480293602 0.925234678719 0.10526299266
369142341 0.588786782136 0.0789480293602 0.663552103417 0.0789480293602 0.663552103417 0.0526330660605
369142342 0.663552103417 0.0526330660605 0.588786782136 0.0526330660605 0.588786782136 0.0789480293602
369142345 0.757008755018 0.0789480293602 0.831774076298 0.0789480293602 0.831774076298 0.0526330660605
369142346 0.831774076298 0.0526330660605 0.757008755018 0.0526330660605 0.757008755018 0.0789480293602
369142349 0.925234678719 0.0789480293602 1.0 0.0789480293602 1.0 0.0526330660605
369142350 1.0 0.0526330660605 0.925234678719 0.0526330660605 0.925234678719 0.0789480293602
369142357 0.588786782136 0.0526330660605 0.663552103417 0.0526330660605 0.663552103417 0.0263181027608
369142358 0.663552103417 0.0263181027608 0.588786782136 0.0263181027608 0.588786782136 0.0526330660605
369142361 0.757008755018 0.0526330660605 0.831774076298 0.0526330660605 0.831774076298 0.0263181027608
369142362 0.831774076298 0.0263181027608 0.757008755018 0.0263181027608 0.757008755018 0.0526330660605
369142365 0.925234678719 0.0526330660605 1.0 0.0526330660605 1.0 0.0263181027608
369142366 1.0 0.0263181027608 0.925234678719 0.0263181027608 0.925234678719 0.0526330660605
369142373 0.588786782136 0.0263181027608 0.663552103417 0.0263181027608 0.663552103417 0.0
369142374 0.663552103417 0.0 0.588786782136 0.0 0.588786782136 0.0263181027608
369142377 0.757008755018 0.0263181027608 0.831774076298 0.0263181027608 0.831774076298 0.0
369142378 0.831774076298 0.0 0.757008755018 0.0 0.757008755018 0.0263181027608
369142381 0.925234678719 0.0263181027608 1.0 0.0263181027608 1.0 0.0
369142382 1.0 0.0 0.925234678719 0.0 0.925234678719 0.0263181027608
