# Xscale/Yscale
# 150.41/362.795
302055684 0.0 1.0 0.112672029785 1.0 0.112672029785 0.949988285395 0.0 0.949988285395
302055688 0.126760188817 1.0 0.239438867097 1.0 0.239438867097 0.949988285395 0.126760188817 0.949988285395
302055692 0.253520377634 1.0 0.366199055914 1.0 0.366199055914 0.949988285395 0.253520377634 0.949988285395
302055696 0.380280566452 1.0 0.492959244731 1.0 0.492959244731 0.949988285395 0.380280566452 0.949988285395
302055700 0.507040755269 1.0 0.619719433548 1.0 0.619719433548 0.949988285395 0.507040755269 0.949988285395
302055704 0.633800944086 1.0 0.746479622366 1.0 0.746479622366 0.949988285395 0.633800944086 0.949988285395
302055708 0.760567781398 1.0 0.873239811183 1.0 0.873239811183 0.949988285395 0.760567781398 0.949988285395
302055712 0.887327970215 1.0 1.0 1.0 1.0 0.949988285395 0.887327970215 0.949988285395
302055940 0.0 0.950002067283 0.112672029785 0.950002067283 0.112672029785 0.899990352679 0.0 0.899990352679
302055944 0.126760188817 0.950002067283 0.239438867097 0.950002067283 0.239438867097 0.899990352679 0.126760188817 0.899990352679
302055948 0.253520377634 0.950002067283 0.366199055914 0.950002067283 0.366199055914 0.899990352679 0.253520377634 0.899990352679
302055952 0.380280566452 0.950002067283 0.492959244731 0.950002067283 0.492959244731 0.899990352679 0.380280566452 0.899990352679
302055956 0.507040755269 0.950002067283 0.619719433548 0.950002067283 0.619719433548 0.899990352679 0.507040755269 0.899990352679
302055960 0.633800944086 0.950002067283 0.746479622366 0.950002067283 0.746479622366 0.899990352679 0.633800944086 0.899990352679
302055964 0.760567781398 0.950002067283 0.873239811183 0.950002067283 0.873239811183 0.899990352679 0.760567781398 0.899990352679
302055968 0.887327970215 0.950002067283 1.0 0.950002067283 1.0 0.899990352679 0.887327970215 0.899990352679
302056196 0.0 0.900001378189 0.112672029785 0.900001378189 0.112672029785 0.849989663584 0.0 0.849989663584
302056200 0.126760188817 0.900001378189 0.239438867097 0.900001378189 0.239438867097 0.849989663584 0.126760188817 0.849989663584
302056204 0.253520377634 0.900001378189 0.366199055914 0.900001378189 0.366199055914 0.849989663584 0.253520377634 0.849989663584
302056208 0.380280566452 0.900001378189 0.492959244731 0.900001378189 0.492959244731 0.849989663584 0.380280566452 0.849989663584
302056212 0.507040755269 0.900001378189 0.619719433548 0.900001378189 0.619719433548 0.849989663584 0.507040755269 0.849989663584
302056216 0.633800944086 0.900001378189 0.746479622366 0.900001378189 0.746479622366 0.849989663584 0.633800944086 0.849989663584
302056220 0.760567781398 0.900001378189 0.873239811183 0.900001378189 0.873239811183 0.849989663584 0.760567781398 0.849989663584
302056224 0.887327970215 0.900001378189 1.0 0.900001378189 1.0 0.849989663584 0.887327970215 0.849989663584
302056452 0.0 0.850003445472 0.112672029785 0.850003445472 0.112672029785 0.799991730867 0.0 0.799991730867
302056456 0.126760188817 0.850003445472 0.239438867097 0.850003445472 0.239438867097 0.799991730867 0.126760188817 0.799991730867
302056460 0.253520377634 0.850003445472 0.366199055914 0.850003445472 0.366199055914 0.799991730867 0.253520377634 0.799991730867
302056464 0.380280566452 0.850003445472 0.492959244731 0.850003445472 0.492959244731 0.799991730867 0.380280566452 0.799991730867
302056468 0.507040755269 0.850003445472 0.619719433548 0.850003445472 0.619719433548 0.799991730867 0.507040755269 0.799991730867
302056472 0.633800944086 0.850003445472 0.746479622366 0.850003445472 0.746479622366 0.799991730867 0.633800944086 0.799991730867
302056476 0.760567781398 0.850003445472 0.873239811183 0.850003445472 0.873239811183 0.799991730867 0.760567781398 0.799991730867
302056480 0.887327970215 0.850003445472 1.0 0.850003445472 1.0 0.799991730867 0.887327970215 0.799991730867
302056708 0.0 0.800002756378 0.112672029785 0.800002756378 0.112672029785 0.774757094227 0.0 0.774757094227
302056712 0.126760188817 0.800002756378 0.239438867097 0.800002756378 0.239438867097 0.774757094227 0.126760188817 0.774757094227
302056716 0.253520377634 0.800002756378 0.366199055914 0.800002756378 0.366199055914 0.774757094227 0.253520377634 0.774757094227
302056720 0.380280566452 0.800002756378 0.492959244731 0.800002756378 0.492959244731 0.774757094227 0.380280566452 0.774757094227
302056724 0.507040755269 0.800002756378 0.619719433548 0.800002756378 0.619719433548 0.774757094227 0.507040755269 0.774757094227
302056728 0.633800944086 0.800002756378 0.746479622366 0.800002756378 0.746479622366 0.774757094227 0.633800944086 0.774757094227
302056732 0.760567781398 0.800002756378 0.873239811183 0.800002756378 0.873239811183 0.774757094227 0.760567781398 0.774757094227
302056736 0.887327970215 0.800002756378 1.0 0.800002756378 1.0 0.774757094227 0.887327970215 0.774757094227
302056964 0.0 0.750004823661 0.112672029785 0.750004823661 0.112672029785 0.724756405132 0.0 0.724756405132
302056968 0.126760188817 0.750004823661 0.239438867097 0.750004823661 0.239438867097 0.724756405132 0.126760188817 0.724756405132
302056972 0.253520377634 0.750004823661 0.366199055914 0.750004823661 0.366199055914 0.724756405132 0.253520377634 0.724756405132
302056976 0.380280566452 0.750004823661 0.492959244731 0.750004823661 0.492959244731 0.724756405132 0.380280566452 0.724756405132
302056980 0.507040755269 0.750004823661 0.619719433548 0.750004823661 0.619719433548 0.724756405132 0.507040755269 0.724756405132
302056984 0.633800944086 0.750004823661 0.746479622366 0.750004823661 0.746479622366 0.724756405132 0.633800944086 0.724756405132
302056988 0.760567781398 0.750004823661 0.873239811183 0.750004823661 0.873239811183 0.724756405132 0.760567781398 0.724756405132
302056992 0.887327970215 0.750004823661 1.0 0.750004823661 1.0 0.724756405132 0.887327970215 0.724756405132
302057220 0.0 0.700004134566 0.112672029785 0.700004134566 0.112672029785 0.649992419962 0.0 0.649992419962
302057224 0.126760188817 0.700004134566 0.239438867097 0.700004134566 0.239438867097 0.649992419962 0.126760188817 0.649992419962
302057228 0.253520377634 0.700004134566 0.366199055914 0.700004134566 0.366199055914 0.649992419962 0.253520377634 0.649992419962
302057232 0.380280566452 0.700004134566 0.492959244731 0.700004134566 0.492959244731 0.649992419962 0.380280566452 0.649992419962
302057236 0.507040755269 0.700004134566 0.619719433548 0.700004134566 0.619719433548 0.649992419962 0.507040755269 0.649992419962
302057240 0.633800944086 0.700004134566 0.746479622366 0.700004134566 0.746479622366 0.649992419962 0.633800944086 0.649992419962
302057244 0.760567781398 0.700004134566 0.873239811183 0.700004134566 0.873239811183 0.649992419962 0.760567781398 0.649992419962
302057248 0.887327970215 0.700004134566 1.0 0.700004134566 1.0 0.649992419962 0.887327970215 0.649992419962
302057476 0.0 0.65000620185 0.112672029785 0.65000620185 0.112672029785 0.599991730867 0.0 0.599991730867
302057480 0.126760188817 0.65000620185 0.239438867097 0.65000620185 0.239438867097 0.599991730867 0.126760188817 0.599991730867
302057484 0.253520377634 0.65000620185 0.366199055914 0.65000620185 0.366199055914 0.599991730867 0.253520377634 0.599991730867
302057488 0.380280566452 0.65000620185 0.492959244731 0.65000620185 0.492959244731 0.599991730867 0.380280566452 0.599991730867
302057492 0.507040755269 0.65000620185 0.619719433548 0.65000620185 0.619719433548 0.599991730867 0.507040755269 0.599991730867
302057496 0.633800944086 0.65000620185 0.746479622366 0.65000620185 0.746479622366 0.599991730867 0.633800944086 0.599991730867
302057500 0.760567781398 0.65000620185 0.873239811183 0.65000620185 0.873239811183 0.599991730867 0.760567781398 0.599991730867
302057504 0.887327970215 0.65000620185 1.0 0.65000620185 1.0 0.599991730867 0.887327970215 0.599991730867
302057732 0.0 0.600005512755 0.112672029785 0.600005512755 0.112672029785 0.54999379815 0.0 0.54999379815
302057736 0.126760188817 0.600005512755 0.239438867097 0.600005512755 0.239438867097 0.54999379815 0.126760188817 0.54999379815
302057740 0.253520377634 0.600005512755 0.366199055914 0.600005512755 0.366199055914 0.54999379815 0.253520377634 0.54999379815
302057744 0.380280566452 0.600005512755 0.492959244731 0.600005512755 0.492959244731 0.54999379815 0.380280566452 0.54999379815
302057748 0.507040755269 0.600005512755 0.619719433548 0.600005512755 0.619719433548 0.54999379815 0.507040755269 0.54999379815
302057752 0.633800944086 0.600005512755 0.746479622366 0.600005512755 0.746479622366 0.54999379815 0.633800944086 0.54999379815
302057756 0.760567781398 0.600005512755 0.873239811183 0.600005512755 0.873239811183 0.54999379815 0.760567781398 0.54999379815
302057760 0.887327970215 0.600005512755 1.0 0.600005512755 1.0 0.54999379815 0.887327970215 0.54999379815
302057988 0.0 0.550004823661 0.112672029785 0.550004823661 0.112672029785 0.499993109056 0.0 0.499993109056
302057992 0.126760188817 0.550004823661 0.239438867097 0.550004823661 0.239438867097 0.499993109056 0.126760188817 0.499993109056
302057996 0.253520377634 0.550004823661 0.366199055914 0.550004823661 0.366199055914 0.499993109056 0.253520377634 0.499993109056
302058000 0.380280566452 0.550004823661 0.492959244731 0.550004823661 0.492959244731 0.499993109056 0.380280566452 0.499993109056
302058004 0.507040755269 0.550004823661 0.619719433548 0.550004823661 0.619719433548 0.499993109056 0.507040755269 0.499993109056
302058008 0.633800944086 0.550004823661 0.746479622366 0.550004823661 0.746479622366 0.499993109056 0.633800944086 0.499993109056
302058012 0.760567781398 0.550004823661 0.873239811183 0.550004823661 0.873239811183 0.499993109056 0.760567781398 0.499993109056
302058016 0.887327970215 0.550004823661 1.0 0.550004823661 1.0 0.499993109056 0.887327970215 0.499993109056
302058244 0.0 0.500006890944 0.112672029785 0.500006890944 0.112672029785 0.449995176339 0.0 0.449995176339
302058248 0.126760188817 0.500006890944 0.239438867097 0.500006890944 0.239438867097 0.449995176339 0.126760188817 0.449995176339
302058252 0.253520377634 0.500006890944 0.366199055914 0.500006890944 0.366199055914 0.449995176339 0.253520377634 0.449995176339
302058256 0.380280566452 0.500006890944 0.492959244731 0.500006890944 0.492959244731 0.449995176339 0.380280566452 0.449995176339
302058260 0.507040755269 0.500006890944 0.619719433548 0.500006890944 0.619719433548 0.449995176339 0.507040755269 0.449995176339
302058264 0.633800944086 0.500006890944 0.746479622366 0.500006890944 0.746479622366 0.449995176339 0.633800944086 0.449995176339
302058268 0.760567781398 0.500006890944 0.873239811183 0.500006890944 0.873239811183 0.449995176339 0.760567781398 0.449995176339
302058272 0.887327970215 0.500006890944 1.0 0.500006890944 1.0 0.449995176339 0.887327970215 0.449995176339
302058500 0.0 0.45000620185 0.112672029785 0.45000620185 0.112672029785 0.399994487245 0.0 0.399994487245
302058504 0.126760188817 0.45000620185 0.239438867097 0.45000620185 0.239438867097 0.399994487245 0.126760188817 0.399994487245
302058508 0.253520377634 0.45000620185 0.366199055914 0.45000620185 0.366199055914 0.399994487245 0.253520377634 0.399994487245
302058512 0.380280566452 0.45000620185 0.492959244731 0.45000620185 0.492959244731 0.399994487245 0.380280566452 0.399994487245
302058516 0.507040755269 0.45000620185 0.619719433548 0.45000620185 0.619719433548 0.399994487245 0.507040755269 0.399994487245
302058520 0.633800944086 0.45000620185 0.746479622366 0.45000620185 0.746479622366 0.399994487245 0.633800944086 0.399994487245
302058524 0.760567781398 0.45000620185 0.873239811183 0.45000620185 0.873239811183 0.399994487245 0.760567781398 0.399994487245
302058528 0.887327970215 0.45000620185 1.0 0.45000620185 1.0 0.399994487245 0.887327970215 0.399994487245
302058756 0.0 0.400008269133 0.112672029785 0.400008269133 0.112672029785 0.349996554528 0.0 0.349996554528
302058760 0.126760188817 0.400008269133 0.239438867097 0.400008269133 0.239438867097 0.349996554528 0.126760188817 0.349996554528
302058764 0.253520377634 0.400008269133 0.366199055914 0.400008269133 0.366199055914 0.349996554528 0.253520377634 0.349996554528
302058768 0.380280566452 0.400008269133 0.492959244731 0.400008269133 0.492959244731 0.349996554528 0.380280566452 0.349996554528
302058772 0.507040755269 0.400008269133 0.619719433548 0.400008269133 0.619719433548 0.349996554528 0.507040755269 0.349996554528
302058776 0.633800944086 0.400008269133 0.746479622366 0.400008269133 0.746479622366 0.349996554528 0.633800944086 0.349996554528
302058780 0.760567781398 0.400008269133 0.873239811183 0.400008269133 0.873239811183 0.349996554528 0.760567781398 0.349996554528
302058784 0.887327970215 0.400008269133 1.0 0.400008269133 1.0 0.349996554528 0.887327970215 0.349996554528
302059012 0.0 0.350007580038 0.112672029785 0.350007580038 0.112672029785 0.299995865434 0.0 0.299995865434
302059016 0.126760188817 0.350007580038 0.239438867097 0.350007580038 0.239438867097 0.299995865434 0.126760188817 0.299995865434
302059020 0.253520377634 0.350007580038 0.366199055914 0.350007580038 0.366199055914 0.299995865434 0.253520377634 0.299995865434
302059024 0.380280566452 0.350007580038 0.492959244731 0.350007580038 0.492959244731 0.299995865434 0.380280566452 0.299995865434
302059028 0.507040755269 0.350007580038 0.619719433548 0.350007580038 0.619719433548 0.299995865434 0.507040755269 0.299995865434
302059032 0.633800944086 0.350007580038 0.746479622366 0.350007580038 0.746479622366 0.299995865434 0.633800944086 0.299995865434
302059036 0.760567781398 0.350007580038 0.873239811183 0.350007580038 0.873239811183 0.299995865434 0.760567781398 0.299995865434
302059040 0.887327970215 0.350007580038 1.0 0.350007580038 1.0 0.299995865434 0.887327970215 0.299995865434
302059268 0.0 0.300009647321 0.112672029785 0.300009647321 0.112672029785 0.274763985171 0.0 0.274763985171
302059272 0.126760188817 0.300009647321 0.239438867097 0.300009647321 0.239438867097 0.274763985171 0.126760188817 0.274763985171
302059276 0.253520377634 0.300009647321 0.366199055914 0.300009647321 0.366199055914 0.274763985171 0.253520377634 0.274763985171
302059280 0.380280566452 0.300009647321 0.492959244731 0.300009647321 0.492959244731 0.274763985171 0.380280566452 0.274763985171
302059284 0.507040755269 0.300009647321 0.619719433548 0.300009647321 0.619719433548 0.274763985171 0.507040755269 0.274763985171
302059288 0.633800944086 0.300009647321 0.746479622366 0.300009647321 0.746479622366 0.274763985171 0.633800944086 0.274763985171
302059292 0.760567781398 0.300009647321 0.873239811183 0.300009647321 0.873239811183 0.274763985171 0.760567781398 0.274763985171
302059296 0.887327970215 0.300009647321 1.0 0.300009647321 1.0 0.274763985171 0.887327970215 0.274763985171
302059524 0.0 0.250008958227 0.112672029785 0.250008958227 0.112672029785 0.224763571714 0.0 0.224763571714
302059528 0.126760188817 0.250008958227 0.239438867097 0.250008958227 0.239438867097 0.224763571714 0.126760188817 0.224763571714
302059532 0.253520377634 0.250008958227 0.366199055914 0.250008958227 0.366199055914 0.224763571714 0.253520377634 0.224763571714
302059536 0.380280566452 0.250008958227 0.492959244731 0.250008958227 0.492959244731 0.224763571714 0.380280566452 0.224763571714
302059540 0.507040755269 0.250008958227 0.619719433548 0.250008958227 0.619719433548 0.224763571714 0.507040755269 0.224763571714
302059544 0.633800944086 0.250008958227 0.746479622366 0.250008958227 0.746479622366 0.224763571714 0.633800944086 0.224763571714
302059548 0.760567781398 0.250008958227 0.873239811183 0.250008958227 0.873239811183 0.224763571714 0.760567781398 0.224763571714
302059552 0.887327970215 0.250008958227 1.0 0.250008958227 1.0 0.224763571714 0.887327970215 0.224763571714
302059780 0.0 0.200010198597 0.112672029785 0.200010198597 0.112672029785 0.149998208355 0.0 0.149998208355
302059784 0.126760188817 0.200010198597 0.239438867097 0.200010198597 0.239438867097 0.149998208355 0.126760188817 0.149998208355
302059788 0.253520377634 0.200010198597 0.366199055914 0.200010198597 0.366199055914 0.149998208355 0.253520377634 0.149998208355
302059792 0.380280566452 0.200010198597 0.492959244731 0.200010198597 0.492959244731 0.149998208355 0.380280566452 0.149998208355
302059796 0.507040755269 0.200010198597 0.619719433548 0.200010198597 0.619719433548 0.149998208355 0.507040755269 0.149998208355
302059800 0.633800944086 0.200010198597 0.746479622366 0.200010198597 0.746479622366 0.149998208355 0.633800944086 0.149998208355
302059804 0.760567781398 0.200010198597 0.873239811183 0.200010198597 0.873239811183 0.149998208355 0.760567781398 0.149998208355
302059808 0.887327970215 0.200010198597 1.0 0.200010198597 1.0 0.149998208355 0.887327970215 0.149998208355
302060036 0.0 0.150010887691 0.112672029785 0.150010887691 0.112672029785 0.099998897449 0.0 0.099998897449
302060040 0.126760188817 0.150010887691 0.239438867097 0.150010887691 0.239438867097 0.099998897449 0.126760188817 0.099998897449
302060044 0.253520377634 0.150010887691 0.366199055914 0.150010887691 0.366199055914 0.099998897449 0.253520377634 0.099998897449
302060048 0.380280566452 0.150010887691 0.492959244731 0.150010887691 0.492959244731 0.099998897449 0.380280566452 0.099998897449
302060052 0.507040755269 0.150010887691 0.619719433548 0.150010887691 0.619719433548 0.099998897449 0.507040755269 0.099998897449
302060056 0.633800944086 0.150010887691 0.746479622366 0.150010887691 0.746479622366 0.099998897449 0.633800944086 0.099998897449
302060060 0.760567781398 0.150010887691 0.873239811183 0.150010887691 0.873239811183 0.099998897449 0.760567781398 0.099998897449
302060064 0.887327970215 0.150010887691 1.0 0.150010887691 1.0 0.099998897449 0.887327970215 0.099998897449
302060292 0.0 0.100011576786 0.112672029785 0.100011576786 0.112672029785 0.0499995865434 0.0 0.0499995865434
302060296 0.126760188817 0.100011576786 0.239438867097 0.100011576786 0.239438867097 0.0499995865434 0.126760188817 0.0499995865434
302060300 0.253520377634 0.100011576786 0.366199055914 0.100011576786 0.366199055914 0.0499995865434 0.253520377634 0.0499995865434
302060304 0.380280566452 0.100011576786 0.492959244731 0.100011576786 0.492959244731 0.0499995865434 0.380280566452 0.0499995865434
302060308 0.507040755269 0.100011576786 0.619719433548 0.100011576786 0.619719433548 0.0499995865434 0.507040755269 0.0499995865434
302060312 0.633800944086 0.100011576786 0.746479622366 0.100011576786 0.746479622366 0.0499995865434 0.633800944086 0.0499995865434
302060316 0.760567781398 0.100011576786 0.873239811183 0.100011576786 0.873239811183 0.0499995865434 0.760567781398 0.0499995865434
302060320 0.887327970215 0.100011576786 1.0 0.100011576786 1.0 0.0499995865434 0.887327970215 0.0499995865434
302060548 0.0 0.0500119902424 0.112672029785 0.0500119902424 0.112672029785 0.0 0.0 0.0
302060552 0.126760188817 0.0500119902424 0.239438867097 0.0500119902424 0.239438867097 0.0 0.126760188817 0.0
302060556 0.253520377634 0.0500119902424 0.366199055914 0.0500119902424 0.366199055914 0.0 0.253520377634 0.0
302060560 0.380280566452 0.0500119902424 0.492959244731 0.0500119902424 0.492959244731 0.0 0.380280566452 0.0
302060564 0.507040755269 0.0500119902424 0.619719433548 0.0500119902424 0.619719433548 0.0 0.507040755269 0.0
302060568 0.633800944086 0.0500119902424 0.746479622366 0.0500119902424 0.746479622366 0.0 0.633800944086 0.0
302060572 0.760567781398 0.0500119902424 0.873239811183 0.0500119902424 0.873239811183 0.0 0.760567781398 0.0
302060576 0.887327970215 0.0500119902424 1.0 0.0500119902424 1.0 0.0 0.887327970215 0.0
