# Xscale/Yscale
# 242.24/142.54
470438276 0.736005614267 0.442612599972 0.775470607662 0.433632664515 0.768535336856 0.409639399467 0.73035006605 0.423039146906
470438280 0.728079590489 0.416584818297 0.766306142668 0.403255226603 0.756728863937 0.380173986249 0.720277410832 0.397783078434
470438284 0.717305151915 0.391539217062 0.753797886394 0.374070436369 0.741702443857 0.352181843693 0.707438903567 0.373789813386
470438309 0.786781704095 0.448575838361 0.837970607662 0.440507927599 0.828145640687 0.399536972078
470438310 0.828186922061 0.39967728357 0.778896961691 0.415742949348 0.786781704095 0.448645994107
470438313 0.775181638045 0.404307562789 0.824471598415 0.388312052757 0.808371862616 0.349445769609
470438314 0.808413143989 0.3495860811 0.762260568032 0.373158411674 0.775222919419 0.404447874281
470438317 0.756811426684 0.362494738319 0.803005284016 0.338992563491 0.780961030383 0.303072821664
470438318 0.781043593131 0.303213133156 0.739142998679 0.333730882559 0.756852708058 0.362564894065
470438340 0.841273117569 0.417005752771 0.904351056803 0.402693980637 0.894195838838 0.367405640522 0.833140686922 0.388803142977
470438344 0.829838177015 0.3793321173 0.890934610304 0.358074926336 0.876857661823 0.324119545391 0.818609643329 0.352251999439
470438348 0.814233817701 0.343201908236 0.872564398943 0.31520976568 0.854772126816 0.283078434124 0.800033025099 0.317595061035
470438372 0.919171070013 0.41223516206 0.989679656539 0.398274168654 0.98249669749 0.368247509471 0.913309114927 0.387891118283
470438376 0.910997357992 0.379612740283 0.980184940555 0.360179598709 0.970648943197 0.330854496983 0.903236459709 0.355759786727
470438380 0.900264200793 0.34776203171 0.967717965654 0.322926897713 0.955911492734 0.294443664936 0.890645640687 0.324610635611
470438384 0.887054161162 0.316823347832 0.952361294584 0.286726532903 0.938366908851 0.259295636313 0.875660501982 0.294443664936
470438388 0.871491083223 0.28693700014 0.934197490092 0.251859127263 0.918056472919 0.225550722604 0.858363606341 0.265609653431
470438532 0.626279722589 0.292619615547 0.647828599736 0.258383611618 0.625949471598 0.246316823348 0.608487450462 0.282797811141
470438536 0.602253963012 0.279781114073 0.619839828269 0.243370282026 0.596722258917 0.233829100603 0.583470937913 0.27206398204
470438540 0.576948480845 0.26974884243 0.590323645971 0.231584116739 0.566297886394 0.224638697909 0.557422391017 0.26413638277
470438565 0.666322655218 0.260909218465 0.696788309115 0.218956082503 0.660832232497 0.196997334082
470438566 0.660956076618 0.197067489827 0.637508256275 0.24330012628 0.666405217966 0.260909218465
470438569 0.626857661823 0.237827978111 0.65034676354 0.191665497404 0.611418428005 0.175599831626
470438570 0.611542272127 0.175599831626 0.595648943197 0.224989476638 0.626940224571 0.237898133857
470438573 0.584255284016 0.221201066367 0.600231175694 0.171951732847 0.55928005284 0.162129928441
470438574 0.559403896962 0.162200084187 0.55143659181 0.213413778588 0.584337846764 0.221271222113
470438596 0.682587516513 0.200294654132 0.717016182299 0.145503016697 0.684857992074 0.127753613021 0.656910501982 0.18612319349
470438600 0.647828599736 0.181703381507 0.67589993395 0.12347411253 0.64196664465 0.109442963379 0.62070673712 0.170548617932
470438604 0.611212021136 0.167181142136 0.632595772787 0.106145643328 0.597300198151 0.0959730601936 0.583016842801 0.159113231374
470438628 0.734395640687 0.141574294935 0.774356010568 0.081801599551 0.748018494055 0.065735933773 0.713011889036 0.128455170478
470438632 0.70553996037 0.124315981479 0.740670409511 0.0615967447734 0.713177014531 0.0475655956223 0.683165455746 0.112950750666
470438636 0.675404557464 0.109302651887 0.70553996037 0.0440578083345 0.677014531044 0.0322716430476 0.652245706737 0.0997614704644
470438640 0.644237120211 0.0967447733969 0.669088507266 0.0293251017258 0.639737450462 0.0198540760488 0.620335204756 0.0890276413638
470438644 0.612120211361 0.0867125017539 0.631646301189 0.0175389364389 0.601634742404 0.0103830503718 0.587722919419 0.0808895748562
470438788 0.442618890357 0.26413638277 0.433578269485 0.224708853655 0.409593791281 0.231654272485 0.423051519155 0.269818998176
470438792 0.416529062087 0.27206398204 0.403153896962 0.233829100603 0.380077608983 0.243440437772 0.397746036988 0.279851269819
470438796 0.391553830911 0.282797811141 0.373967965654 0.246386979094 0.352088837517 0.258523923109 0.373761558785 0.292689771292
470438821 0.448398282695 0.213413778588 0.440265852048 0.162200084187 0.399314729194 0.172162200084
470438822 0.399438573316 0.172092044338 0.415620871863 0.221341377859 0.448522126816 0.213343622843
470438825 0.404144649934 0.224989476638 0.388086195509 0.175740143118 0.349199141347 0.191946120387
470438826 0.349322985469 0.191875964642 0.373018494055 0.237968289603 0.404268494055 0.224989476638
470438829 0.362285336856 0.243370282026 0.338713672391 0.197207801319 0.30284015852 0.219306861232
470438830 0.302964002642 0.219236705486 0.333553500661 0.261049529957 0.362409180978 0.24330012628
470438852 0.416735468956 0.158972919882 0.402286988111 0.0959029044479 0.366991413474 0.106145643328 0.388581571995 0.16711098639
470438856 0.379045574637 0.17040830644 0.357620541612 0.109372807633 0.323728533686 0.12347411253 0.351964993395 0.181703381507
470438860 0.342924372523 0.185982881998 0.314853038309 0.127753613021 0.282694848085 0.145573172443 0.317288639366 0.200224498386
470438884 0.41215323646 0.0809597306019 0.398076287979 0.0104532061176 0.368106010568 0.0176792479304 0.387755944518 0.0867826574996
470438888 0.379499669749 0.0890977971096 0.359973579921 0.0199242317946 0.330622523118 0.0295355689631 0.355680317041 0.0968850848885
470438892 0.347589167768 0.0998316262102 0.322655217966 0.0324119545391 0.294171070013 0.0442682755718 0.324430317041 0.109442963379
470438896 0.316669418758 0.113020906412 0.286575297226 0.0477760628595 0.259081902246 0.0618072120107 0.294336195509 0.124386137225
470438900 0.286864266843 0.12859548197 0.251733817701 0.0658762452645 0.225437582563 0.0820120667883 0.265480515192 0.141714606426
470439044 0.292561096433 0.373859969131 0.258297556143 0.352322155185 0.24624339498 0.37421074786 0.282777410832 0.391679528553
470439048 0.279722589168 0.39785323418 0.243271136063 0.380314297741 0.233735138705 0.403395538095 0.272002972259 0.416654974042
470439052 0.269691215324 0.423179458398 0.231464663144 0.409779710958 0.224611955086 0.433843131752 0.264076948481 0.442682755718
470439077 0.260691875826 0.333941349797 0.21875 0.303493756139 0.196788309115 0.339413497965
470439078 0.196870871863 0.33934334222 0.243106010568 0.362705205556 0.260774438573 0.333801038305
470439081 0.237656869221 0.373298723165 0.191463011889 0.349866704083 0.175404557464 0.388803142977
470439082 0.175445838838 0.388662831486 0.224818361955 0.404518030027 0.237698150594 0.37322856742
470439085 0.221061756935 0.415883260839 0.171730515192 0.399887750807 0.161988110964 0.440858706328
470439086 0.161988110964 0.440718394837 0.213218295905 0.448716149853 0.221103038309 0.415813105093
470439108 0.199925693527 0.317665216781 0.145104029062 0.283288901361 0.127394319683 0.315490388663 0.185766182299 0.343342219728
470439112 0.181390356671 0.35239231093 0.123101056803 0.324259856882 0.10910667107 0.358215237828 0.170203104359 0.379472428792
470439116 0.166859313078 0.388943454469 0.105804161162 0.367545952013 0.0956489431968 0.402904447874 0.158768163804 0.417146064263
470439140 0.14142998679 0.265749964922 0.0816545574637 0.225831345587 0.0655548216645 0.252139750246 0.128343791281 0.287147467378
470439144 0.124174372523 0.294583976428 0.0614266842801 0.259435947804 0.0474322985469 0.28693700014 0.112780713342 0.316963659324
470439148 0.109189233818 0.324750947103 0.0438821003963 0.294654132173 0.0321169088507 0.32313736495 0.0996119550859 0.347902343202
470439152 0.0966396961691 0.355900098218 0.0291859313078 0.330994808475 0.0196912153236 0.360319910201 0.0889200792602 0.379753051775
470439156 0.0865670409511 0.387961274028 0.0173794583884 0.368457976708 0.0101964993395 0.398484635892 0.0807050858653 0.412375473551
470439300 0.264118229855 0.557457555774 0.22465323646 0.566437491231 0.231588507266 0.590430756279 0.269732496697 0.57703100884
470439304 0.272044253633 0.583555493195 0.233817701453 0.596885084888 0.243394980185 0.619966325242 0.279805151915 0.602357233057
470439308 0.282818692206 0.608530938684 0.246325957728 0.626069875123 0.258421400264 0.647888312053 0.292643659181 0.626350498106
470439333 0.213300858653 0.551704784622 0.162111955086 0.559772695384 0.171978203435 0.600743650905
470439334 0.171936922061 0.600603339413 0.221226882431 0.58446751789 0.213300858653 0.55156447313
470439337 0.224900924703 0.595832748702 0.175610964333 0.611828258734 0.191751981506 0.650764697629
470439338 0.191710700132 0.650624386137 0.237821994716 0.627052055563 0.224859643329 0.595762592956
470439341 0.243353698811 0.63785604041 0.19715984148 0.661358215238 0.219204095112 0.697207801319
470439342 0.219121532365 0.697137645573 0.260980845443 0.666549740424 0.243271136063 0.637715728918
470439364 0.1589332893 0.58313455872 0.0958140686922 0.597446330854 0.106010568032 0.63273467097 0.167065719947 0.611267012768
470439368 0.170368229855 0.620808194191 0.109271796565 0.642065385155 0.123348745046 0.676020766101 0.18159676354 0.647818156307
470439372 0.185972589168 0.656938403255 0.127642007926 0.684930545812 0.145434280053 0.717061877368 0.20017338177 0.682545250456
470439396 0.0808289299868 0.587905149432 0.010320343461 0.601866142837 0.0175033025099 0.63189280202 0.0866908850727 0.612249193209
470439400 0.0890026420079 0.620527571208 0.0198150594452 0.639960712782 0.0293510568032 0.669285814508 0.0967635402906 0.644310369019
470439404 0.0997357992074 0.652378279781 0.0322820343461 0.677213413779 0.0440885072655 0.705766802301 0.109354359313 0.67552967588
470439408 0.112904557464 0.683316963659 0.0475974240423 0.713343622843 0.0616330911493 0.740844675179 0.124298216645 0.70562649081
470439412 0.128508916777 0.713133155605 0.0657612285337 0.748211028483 0.0818609643329 0.774519433142 0.141595112285 0.734460502315
470439556 0.373844121532 0.707450540199 0.352253963012 0.741616388382 0.374091809775 0.753753332398 0.391636393659 0.717272344605
470439560 0.39786988111 0.720218885927 0.380242734478 0.756629717974 0.403319022457 0.766241055142 0.416652906209 0.728076329451
470439564 0.423175363276 0.730321313316 0.409717635403 0.768486039007 0.43374339498 0.775361302091 0.442742734478 0.735933772976
470439589 0.333801188904 0.739231093027 0.303252972259 0.781114073243 0.339167767503 0.803072821664
470439590 0.339043923382 0.803072821664 0.362574306473 0.756840185211 0.333718626156 0.739160937281
470439593 0.373266182299 0.762242177634 0.34965323646 0.808404658342 0.388581571995 0.824540479865
470439594 0.388457727873 0.82447032412 0.404433619551 0.775220990599 0.373183619551 0.762242177634
470439597 0.415868560106 0.778869089378 0.399768824306 0.828118422899 0.44071994716 0.837940227305
470439598 0.440596103038 0.837940227305 0.448687252312 0.786726532903 0.415785997358 0.778798933633
470439620 0.317618890357 0.799915813105 0.283107661823 0.854637294794 0.315265852048 0.872386698471 0.343295904888 0.814087273748
470439624 0.352377807133 0.818436929985 0.324182628798 0.876666198962 0.358115918098 0.890697348113 0.379458388375 0.829661849305
470439628 0.388953104359 0.832959169356 0.367445508587 0.893994668163 0.402782364597 0.904167251298 0.417107001321 0.841097235864
470439652 0.265728203435 0.858495860811 0.22572655218 0.918198400449 0.252022787318 0.934334221973 0.287111955086 0.871614985267
470439656 0.294583883752 0.875754174267 0.259370871863 0.938403255227 0.286864266843 0.952434404378 0.316917107001 0.887189560825
470439660 0.324719286658 0.890697348113 0.294542602378 0.955942191665 0.32302675033 0.967798512698 0.347878137384 0.900308685281
470439664 0.355928005284 0.903255226603 0.330952774108 0.970674898274 0.360303830911 0.980216079697 0.379788639366 0.911042514382
470439668 0.388003632761 0.913357653992 0.368394980185 0.982461063561 0.39840653897 0.989687105374 0.412400924703 0.91918058089
470439812 0.557504953765 0.73586361723 0.566421730515 0.775361302091 0.590447490092 0.768486039007 0.577072324967 0.73025115757
470439816 0.583594782034 0.72793601796 0.596846103038 0.766170899397 0.619963672391 0.756629717974 0.602377807133 0.720218885927
470439820 0.60857001321 0.717202188859 0.626032034346 0.753683176652 0.647911162483 0.741616388382 0.626403566711 0.707380384453
470439845 0.551642998679 0.786656377157 0.559610303831 0.837870071559 0.600602708058 0.828048267153
470439846 0.600478863937 0.828118422899 0.584461690885 0.778798933633 0.551519154557 0.786656377157
470439849 0.595855350066 0.775080679108 0.61178996037 0.824400168374 0.650718295905 0.80826434685
470439850 0.650594451783 0.808334502596 0.627064068692 0.762172021889 0.595772787318 0.775080679108
470439853 0.637714663144 0.75669987372 0.661162483487 0.802862354427 0.697077278732 0.780903606005
470439854 0.696994715984 0.780973761751 0.666529062087 0.739090781535 0.637632100396 0.75669987372
470439876 0.583140686922 0.840816612881 0.597424042272 0.903886628315 0.632719616909 0.893784200926 0.611335865258 0.832748702119
470439880 0.620830581242 0.829381226322 0.642049207398 0.890486880876 0.676023778071 0.876455731724 0.647911162483 0.818156307002
470439884 0.657034346103 0.813736495019 0.685023117569 0.872106075488 0.717181307794 0.854286516066 0.682711360634 0.799565034376
470439908 0.587764200793 0.91918058089 0.601634742404 0.989687105374 0.631687582563 0.982531219307 0.612161492734 0.913357653992
470439912 0.620376486129 0.910972358636 0.639737450462 0.980216079697 0.669129788639 0.970674898274 0.644237120211 0.903255226603
470439916 0.652204425363 0.900308685281 0.676931968296 0.967798512698 0.705457397622 0.956012347411 0.675404557464 0.890697348113
470439920 0.683165455746 0.887119405079 0.713094451783 0.952434404378 0.740629128137 0.938473410972 0.705498678996 0.875754174267
470439924 0.71305317041 0.871474673776 0.748059775429 0.934264066227 0.774356010568 0.918198400449 0.734436922061 0.858425705065
470440068 0.707480184941 0.626210186614 0.741702443857 0.647818156307 0.753839167768 0.625929563631 0.717346433289 0.608390627192
470440072 0.720318692206 0.602216921566 0.756728863937 0.619826013751 0.766347424042 0.596744773397 0.728120871863 0.583415181703
470440076 0.730391347424 0.576890697348 0.768535336856 0.590360600533 0.775511889036 0.566367335485 0.736046895641 0.557387400028
470440101 0.739184280053 0.666339273186 0.781043593131 0.69685702259 0.803087846764 0.661007436509
470440102 0.80304656539 0.661147748001 0.756852708058 0.637575417427 0.739142998679 0.666409428932
470440105 0.762260568032 0.626841588326 0.808413143989 0.650484074646 0.824554161162 0.611547635751
470440106 0.824512879789 0.611687947243 0.775222919419 0.595692437211 0.762219286658 0.626911744072
470440109 0.778896961691 0.584186894907 0.828186922061 0.60032271643 0.838011889036 0.559351760909
470440110 0.838011889036 0.559492072401 0.786781704095 0.551424161639 0.778855680317 0.584327206398
470440132 0.799909180978 0.682404938965 0.854607001321 0.716921565876 0.872399273448 0.68479023432 0.81410997358 0.656727936018
470440136 0.818444517834 0.647677844815 0.876692536328 0.675880454609 0.890769484808 0.641925073664 0.829673051519 0.620597726954
470440140 0.832975561427 0.611056545531 0.894030713342 0.632524203732 0.904227212682 0.597235863617 0.841107992074 0.582924091483
470440164 0.858446169089 0.734320190824 0.918139035667 0.77437912165 0.93428005284 0.748070716992 0.871573645971 0.712992844114
470440168 0.875701783355 0.705486179318 0.938366908851 0.740774519433 0.952402575958 0.713273467097 0.88713672391 0.683176652168
470440172 0.890686922061 0.675389364389 0.955911492734 0.70562649081 0.967759247028 0.677073102287 0.900305482166 0.65223796829
470440176 0.903236459709 0.644170057528 0.970648943197 0.669145503017 0.980226221929 0.639820401291 0.911038639366 0.620317103971
470440180 0.913309114927 0.612108881717 0.98249669749 0.631682334783 0.989720937913 0.601725831346 0.919171070013 0.587694682194
470442372 0.737533025099 0.550652448436 0.776998018494 0.559702539638 0.781167437252 0.535077872878 0.740959379128 0.530587905149
470442376 0.741702443857 0.523712642065 0.781910501982 0.528342921285 0.783355350066 0.503367475796 0.742858322325 0.503437631542
470442380 0.742858322325 0.496492212712 0.783314068692 0.496562368458 0.781951783355 0.471657078715 0.741702443857 0.476217202189
470442384 0.740918097754 0.469341939105 0.781167437252 0.464922127122 0.776998018494 0.440297460362 0.737533025099 0.449347551564
470442405 0.788680647292 0.53949768486 0.839869550859 0.547635751368 0.843172060766 0.505682615406
470442406 0.843172060766 0.505822926898 0.791322655218 0.505893082643 0.788680647292 0.539637996352
470442409 0.791281373844 0.493896450119 0.843130779392 0.493966605865 0.839828269485 0.452013469903
470442410 0.839828269485 0.452083625649 0.788639365918 0.460291847902 0.791281373844 0.494036761611
470442436 0.843378467635 0.573102287077 0.906415125495 0.587624526449 0.912607331572 0.551424161639 0.848290951123 0.544198119826
470442440 0.849405548217 0.534236003929 0.913680647292 0.541602357233 0.915744715984 0.504910902203 0.85105680317 0.504981057949
470442444 0.85105680317 0.494948786306 0.915744715984 0.495018942051 0.913680647292 0.458327487021 0.849405548217 0.46562368458
470442448 0.848249669749 0.455661568682 0.912566050198 0.44843552687 0.906415125495 0.41223516206 0.843337186262 0.426757401431
470442468 0.920946169089 0.579275992704 0.991454755614 0.593377297601 0.996284676354 0.562929703943 0.924867899604 0.554511014452
470442472 0.925858652576 0.546022169216 0.997275429326 0.554581170198 0.999669749009 0.523782797811 0.92784015852 0.521046723727
470442476 0.928170409511 0.512487722744 1.0 0.51536410832 1.0 0.484495580188 0.928170409511 0.487371965764
470442480 0.92784015852 0.478883120528 0.999669749009 0.476076890697 0.997234147952 0.445348674056 0.925858652576 0.453837519293
470442484 0.92482661823 0.445348674056 0.99624339498 0.437000140311 0.99141347424 0.406482390908 0.920904887715 0.420583695805
470442628 0.703806142668 0.367896730742 0.738069682959 0.346429072541 0.72357992074 0.326083906272 0.691999669749 0.351339974744
470442632 0.687706406869 0.345937982321 0.719369220608 0.320752069594 0.702691545575 0.302090641224 0.674166116248 0.330784341238
470442636 0.669294914135 0.32594359478 0.697902906209 0.297320050512 0.679243725231 0.280693138768 0.65410336856 0.31240353585
470442640 0.64873678996 0.308053879613 0.673959709379 0.276413638277 0.6535667107 0.262031710397 0.632100396301 0.296337870072
470442661 0.732125165125 0.323979233899 0.774067040951 0.293531640241 0.746697490092 0.261540620177
470442662 0.74678005284 0.261610775923 0.710204755614 0.298372386698 0.732207727873 0.324049389645
470442665 0.701700792602 0.289883541462 0.73839993395 0.253192086432 0.706324306473 0.225901501333
470442666 0.706448150594 0.225971657079 0.676023778071 0.267994948786 0.70178335535 0.289953697208
470442692 0.794542602378 0.309176371545 0.849364266843 0.274800056125 0.828104359313 0.244843552687 0.777575957728 0.285253262242
470442696 0.77125990753 0.277325662972 0.821912153236 0.237056264908 0.797391017173 0.209695524063 0.751733817701 0.255507226042
470442700 0.7446334214 0.24842149572 0.790414464993 0.202679949488 0.763003632761 0.178265749965 0.722754293263 0.228848042655
470442704 0.714869550859 0.222604181282 0.755242734478 0.172021888593 0.725272457067 0.150834853374 0.690926354029 0.20562649081
470442724 0.85374009247 0.258664234601 0.91355680317 0.218745615266 0.895392998679 0.193770169777 0.839002642008 0.238389224077
470442728 0.833677344782 0.231584116739 0.890150264201 0.187175529676 0.870128797886 0.163673354848 0.817371202114 0.212571909639
470442732 0.811550528402 0.206257892521 0.864390686922 0.157499649221 0.842552840159 0.135681212291 0.793799537649 0.188508488845
470442736 0.787524768824 0.182685561948 0.836319352708 0.129928441139 0.812871532365 0.109934053599 0.768452774108 0.166409428932
470442740 0.761765191546 0.161147748001 0.80626651255 0.104742528413 0.781291281374 0.0865721902624 0.741454755614 0.146415041392
470442884 0.550693527081 0.262592956363 0.559651585205 0.223095271503 0.53500660502 0.218956082503 0.530630779392 0.259225480567
470442888 0.523778071334 0.258383611618 0.528277741083 0.2181843693 0.503302509908 0.21685141013 0.503467635403 0.257331275431
470442892 0.496573645971 0.257261119686 0.496532364597 0.216781254385 0.471598414795 0.218254525046 0.47626321004 0.258453767364
470442896 0.469369220608 0.259155324821 0.464828269485 0.218956082503 0.4401832893 0.223235582994 0.449347754293 0.262592956363
470442917 0.539547556143 0.211449417707 0.547638705416 0.160305879051 0.505614266843 0.157078714747
470442918 0.505738110964 0.157078714747 0.50590323646 0.208853655114 0.539671400264 0.211519573453
470442921 0.493931638045 0.208853655114 0.493890356671 0.157008559001 0.451907199472 0.160376034797
470442922 0.452031043593 0.160376034797 0.460287318362 0.211519573453 0.494055482166 0.208853655114
470442948 0.573150594452 0.156798091764 0.58751651255 0.0937982320752 0.551312747688 0.0876946821945 0.544212351387 0.151957345307
470442952 0.534222258917 0.150764697629 0.541446499339 0.0865020345166 0.504747357992 0.0845376736355 0.504912483487 0.149221271222
470442956 0.494839828269 0.149151115476 0.494839828269 0.0844675178897 0.458140686922 0.0865721902624 0.465571334214 0.150834853374
470442960 0.455581241744 0.151887189561 0.448315719947 0.0876245264487 0.412111955086 0.093868387821 0.426684280053 0.156868247509
470442980 0.579218956407 0.0790655254665 0.59321334214 0.00855900098218 0.562747688243 0.0037884102708 0.5544501321 0.0751368037042
470442984 0.545946169089 0.0741546232636 0.554367569353 0.00273607408447 0.523612945839 0.000350778728779 0.520929656539 0.0721902623825
470442988 0.512384412153 0.0718394836537 0.515191545575 0.0 0.484313077939 7.01557457571e-05 0.487285336856 0.0718394836537
470442992 0.478987780713 0.0721902623825 0.476180647292 0.000350778728779 0.445426023778 0.00280622983022 0.454012549538 0.0741546232636
470442996 0.445219616909 0.0751368037042 0.436756935271 0.0037884102708 0.40625 0.00869931247369 0.420450792602 0.0791356812123
470443140 0.367899603699 0.296337870072 0.346350726552 0.262101866143 0.325999009247 0.276553949768 0.351304491413 0.308124035358
470443144 0.34589663144 0.31240353585 0.320632430647 0.280763294514 0.302055812417 0.297460362004 0.330746367239 0.326013750526
470443148 0.325875165125 0.330854496983 0.297225891678 0.302230952715 0.280589498018 0.320892381086 0.312334874505 0.346008138067
470443152 0.308000330251 0.35141013049 0.276337516513 0.326154062018 0.261930317041 0.346569384033 0.296276420079 0.368037042234
470443173 0.323769815059 0.268065104532 0.293262879789 0.226182124316 0.261311096433 0.253613020906
470443174 0.261393659181 0.253542865161 0.298175363276 0.290023852954 0.323852377807 0.267994948786
470443177 0.28963011889 0.29851269819 0.252930977543 0.261891398906 0.225643989432 0.294022730462
470443178 0.22572655218 0.29388241897 0.267750990753 0.324189701137 0.289712681638 0.298442542444
470443204 0.309032364597 0.205696646555 0.274603698811 0.15090500912 0.244674702774 0.17223235583 0.285130449141 0.222674337028
470443208 0.277204425363 0.2289181984 0.236872523118 0.178406061456 0.209502972259 0.202890416725 0.255407859974 0.248491651466
470443212 0.248224900925 0.255577381788 0.202485138705 0.209905991301 0.17804656539 0.237336887891 0.22874009247 0.277465974463
470443216 0.222424042272 0.285323417988 0.171813077939 0.245054019924 0.150594451783 0.275010523362 0.205498678996 0.309246527291
470443236 0.258297556143 0.146344885646 0.218337186262 0.0866423460081 0.19340323646 0.104812684159 0.238028401585 0.161147748001
470443240 0.231340819022 0.166409428932 0.186798216645 0.109934053599 0.163350396301 0.129998596885 0.212268824306 0.182685561948
470443244 0.205994055482 0.188508488845 0.157158190225 0.135751368037 0.135361624835 0.157569804967 0.188284346103 0.206257892521
470443248 0.182422391017 0.212501753894 0.129623513871 0.163743510594 0.109602047556 0.187245685422 0.166157529723 0.231654272485
470443252 0.160873513871 0.238248912586 0.104400594452 0.193770169777 0.0862780713342 0.218745615266 0.146136063408 0.258594078855
470443396 0.262590819022 0.44941770731 0.223125825627 0.440437771854 0.218997688243 0.465062438614 0.259205746367 0.469482250596
470443400 0.258421400264 0.47635751368 0.21821334214 0.471797390206 0.216851056803 0.496772835695 0.25730680317 0.496632524204
470443404 0.25730680317 0.503577943034 0.216809775429 0.503507787288 0.218254623514 0.528483232777 0.258462681638 0.523852953557
470443408 0.259205746367 0.530728216641 0.218997688243 0.535288340115 0.223208388375 0.559913006875 0.262632100396 0.550792759927
470443429 0.211360634082 0.460572470885 0.160171730515 0.452434404378 0.156910501982 0.494457696085
470443430 0.156910501982 0.494317384594 0.20875990753 0.494177073102 0.211360634082 0.460432159394
470443433 0.208718626156 0.506243861372 0.156910501982 0.506243861372 0.160254293263 0.548196997334
470443434 0.160254293263 0.548056685843 0.211401915456 0.539848463589 0.208718626156 0.506103549881
470443460 0.156621532365 0.426897712923 0.0935435931308 0.412515785043 0.0874339498018 0.448716149853 0.151750330251 0.455801880174
470443464 0.150594451783 0.465834151817 0.0862780713342 0.458608110004 0.0842552840159 0.495299565034 0.148984478203 0.495159253543
470443468 0.14894319683 0.505191525186 0.0842552840159 0.50512136944 0.0863193527081 0.54181282447 0.150594451783 0.534446471166
470443472 0.151750330251 0.544408587063 0.0874339498018 0.551634628876 0.0935848745046 0.587834993686 0.156662813738 0.573312754315
470443492 0.0790538309115 0.420794163042 0.00854524438573 0.406763013891 0.00371532364597 0.437280763295 0.0751321003963 0.445559141294
470443496 0.0741000660502 0.45404798653 0.00272457067371 0.445559141294 0.000330250990753 0.47635751368 0.0721598414795 0.479023432019
470443500 0.0718295904888 0.487582433001 0.0 0.484776203171 0.0 0.515574575558 0.0718295904888 0.512698189982
470443504 0.0721598414795 0.521257190964 0.000330250990753 0.523993265048 0.00276585204756 0.554791637435 0.074141347424 0.546232636453
470443508 0.0751321003963 0.554721481689 0.00375660501982 0.56314017118 0.00858652575958 0.593587764838 0.0790951122853 0.579486459941
470443652 0.296317701453 0.632173425004 0.262012879789 0.653641083205 0.276461360634 0.673986249474 0.308082892999 0.648730181002
470443656 0.312417437252 0.654132173425 0.28071334214 0.679318086151 0.297349735799 0.697909358776 0.325957727873 0.669285814508
470443660 0.330828929987 0.674126560965 0.302179656539 0.702679949488 0.320797556143 0.719377016978 0.346020475561 0.687736775642
470443664 0.351428335535 0.692016276133 0.326122853369 0.723586361723 0.346474570674 0.738038445349 0.367982166446 0.70380244142
470443685 0.267998678996 0.676161077592 0.226015521797 0.706538515504 0.253385072655 0.738599691315
470443686 0.253302509908 0.738459379823 0.289919088507 0.701767924793 0.267916116248 0.676090921846
470443689 0.298423051519 0.710256770029 0.261723910172 0.746878069314 0.293758256275 0.774238810159
470443690 0.293634412153 0.774098498667 0.324058784676 0.732215518451 0.298340488771 0.710186614284
470443716 0.20553996037 0.691104251438 0.150677014531 0.725410411113 0.171936922061 0.75536691455 0.22250660502 0.714957204995
470443720 0.228781373844 0.72281464852 0.178129128137 0.763084046583 0.202608982827 0.790514943174 0.248307463672 0.744703241195
470443724 0.255449141347 0.751788971517 0.20962681638 0.797460362004 0.236996367239 0.821944717272 0.277286988111 0.771362424583
470443728 0.285171730515 0.777606285955 0.244757265522 0.828118422899 0.274727542933 0.849375613863 0.309073645971 0.794583976428
470443748 0.146342470277 0.741546232636 0.0865257595773 0.781464851971 0.104648282695 0.806370141715 0.16107992074 0.76182124316
470443752 0.166363936592 0.768556194752 0.109891017173 0.812964781816 0.129912483487 0.836466956644 0.18267007926 0.787638557598
470443756 0.188490752972 0.79388241897 0.135650594452 0.84264066227 0.157447159841 0.8644590992 0.206200462351 0.811631822646
470443760 0.21251651255 0.817454749544 0.163639365918 0.870141714606 0.187128467635 0.890206257893 0.231588507266 0.833730882559
470443764 0.238317371202 0.838992563491 0.19373348745 0.895397783078 0.218708718626 0.913568121229 0.25858652576 0.8537252701
470443908 0.449430317041 0.737407043637 0.440348414795 0.776834572752 0.464952113606 0.781114073243 0.469493064729 0.740844675179
470443912 0.476345772787 0.741616388382 0.471722258917 0.7818156307 0.496656208719 0.783218745615 0.496656208719 0.74280903606
470443916 0.503550198151 0.742738880314 0.503467635403 0.783218745615 0.528401585205 0.7818156307 0.523860634082 0.741616388382
470443920 0.53071334214 0.740844675179 0.535130449141 0.781043917497 0.559775429326 0.776904728497 0.550776089828 0.737407043637
470443941 0.460535006605 0.788620738038 0.45232001321 0.839764276694 0.49430317041 0.843061596745
470443942 0.494179326288 0.843061596745 0.494179326288 0.791286656377 0.460411162483 0.788550582293
470443945 0.506068361955 0.791216500631 0.505944517834 0.843061596745 0.547927675033 0.839764276694
470443946 0.547803830911 0.839764276694 0.539712681638 0.788620738038 0.505944517834 0.791216500631
470443972 0.426808124174 0.843201908236 0.412235799207 0.906201767925 0.448480845443 0.912445629297 0.455705085865 0.848112810439
470443976 0.465777741083 0.849235302371 0.458388375165 0.913497965483 0.495087516513 0.915602637856 0.495046235139 0.850919040269
470443980 0.505077608983 0.850848884524 0.504912483487 0.91553248211 0.541570343461 0.913497965483 0.534346103038 0.849235302371
470443984 0.544377476882 0.848042654693 0.551477873184 0.912375473551 0.587681638045 0.906271923671 0.573274438573 0.843201908236
470444004 0.420698480845 0.921004630279 0.406580250991 0.991440999018 0.437045904888 0.996281745475 0.445467305152 0.924933352042
470444008 0.454012549538 0.925915532482 0.445426023778 0.997263925916 0.476180647292 0.999719377017 0.478987780713 0.927879893363
470444012 0.487574306473 0.928160516346 0.484602047556 1.0 0.515480515192 1.0 0.512632100396 0.928230672092
470444016 0.521136063408 0.927809737618 0.523819352708 0.999649221271 0.554615257596 0.997263925916 0.546152575958 0.925915532482
470444020 0.554615257596 0.924863196296 0.562912813738 0.996211589729 0.593419749009 0.991440999018 0.579384081902 0.920934474533
470444164 0.632182959049 0.703662129928 0.653649273448 0.737968289603 0.674042272127 0.723586361723 0.648819352708 0.691946120387
470444168 0.654185931308 0.68759646415 0.679326287979 0.719306861232 0.697985468956 0.702679949488 0.669377476882 0.67405640522
470444172 0.674207397622 0.669215658762 0.702732826948 0.697839203031 0.719410501982 0.679247930406 0.687788969617 0.654062017679
470444176 0.692040951123 0.64858986951 0.723621202114 0.673916093728 0.738110964333 0.653570927459 0.703847424042 0.632033113512
470444197 0.676188903567 0.732005051214 0.706571994716 0.773958187176 0.738647622193 0.746667602077
470444198 0.738523778071 0.746737757822 0.701865918098 0.710116458538 0.676106340819 0.732075206959
470444201 0.710328599736 0.701557457556 0.746903896962 0.738248912586 0.77427344782 0.706257892521
470444202 0.774190885073 0.706398204013 0.732249009247 0.675950610355 0.710246036988 0.701627613302
470444228 0.691091479524 0.794443664936 0.725355019815 0.849305458117 0.7553665786 0.828118422899 0.71499339498 0.777536130209
470444232 0.722878137384 0.771222113091 0.763086195509 0.821874561527 0.790497027741 0.797460362004 0.744757265522 0.751718815771
470444236 0.751816380449 0.744562929704 0.797473579921 0.790444787428 0.82195343461 0.763084046583 0.771383751651 0.722744492774
470444240 0.777617239102 0.714816893504 0.828145640687 0.755296758805 0.849405548217 0.725340255367 0.794625165125 0.690963939947
470444260 0.741578599736 0.853655114354 0.781415125495 0.913497965483 0.806390356671 0.895397783078 0.761889035667 0.838922407745
470444264 0.76857661823 0.833660726814 0.812995376486 0.890136102147 0.836484478203 0.870141714606 0.787648612946 0.817384593798
470444268 0.79392338177 0.811561666901 0.842635402906 0.864388943454 0.86447324967 0.84264066227 0.811674372523 0.793812263224
470444272 0.817453764861 0.787498246106 0.87017007926 0.836396800898 0.890232826948 0.812964781816 0.833801188904 0.768486039007
470444276 0.839043923382 0.761751087414 0.895434280053 0.806299985969 0.913598084544 0.781394696226 0.853822655218 0.741476076891
