# Xscale/Yscale
# 242.25/142.5
470372677 0.650154798762 0.454245614035 0.680330237358 0.446315789474 0.665593395253 0.410596491228
470372678 0.665552115583 0.410526315789 0.638513931889 0.426175438596 0.650113519092 0.454175438596
470372708 0.683921568627 0.451859649123 0.72181630547 0.442877192982 0.71306501548 0.415789473684 0.677110423117 0.430736842105
470372712 0.674097007224 0.423578947368 0.710134158927 0.408771929825 0.697213622291 0.383438596491 0.664024767802 0.403859649123
470372740 0.735892672859 0.442526315789 0.775356037152 0.433614035088 0.768462332301 0.409543859649 0.730278637771 0.422947368421
470372744 0.727966976264 0.41649122807 0.766191950464 0.403157894737 0.756656346749 0.380070175439 0.720206398349 0.397684210526
470372748 0.717151702786 0.391438596491 0.753642930857 0.373894736842 0.741547987616 0.352070175439 0.707327141383 0.373614035088
470372773 0.786666666667 0.448350877193 0.837894736842 0.440350877193 0.828028895769 0.399368421053
470372774 0.828070175439 0.39950877193 0.778782249742 0.415578947368 0.786666666667 0.44849122807
470372777 0.775067079463 0.404140350877 0.82435500516 0.388210526316 0.808214654283 0.349263157895
470372778 0.808297213622 0.349403508772 0.762146542828 0.37298245614 0.775067079463 0.404280701754
470372781 0.756697626419 0.362245614035 0.802889576883 0.338736842105 0.7808875129 0.302877192982
470372782 0.78092879257 0.302947368421 0.73907120743 0.333473684211 0.756738906089 0.362315789474
470372804 0.840990712074 0.416912280702 0.904107327141 0.402596491228 0.89395252838 0.367298245614 0.832899896801 0.388701754386
470372808 0.82955624355 0.379228070175 0.890650154799 0.357964912281 0.87657378741 0.324 0.818328173375 0.352140350877
470372812 0.81391124871 0.34301754386 0.872239422085 0.31501754386 0.854447884417 0.282877192982 0.799752321981 0.317403508772
470372836 0.919174406605 0.412 0.989721362229 0.398035087719 0.982497420021 0.368070175439 0.913353973168 0.387649122807
470372840 0.911001031992 0.379438596491 0.980185758514 0.359929824561 0.970650154799 0.330596491228 0.903240454076 0.355578947368
470372844 0.900268317853 0.34750877193 0.967719298246 0.322666666667 0.955913312693 0.294175438596 0.890650154799 0.324350877193
470372848 0.887058823529 0.316561403509 0.952363261094 0.286526315789 0.938369453044 0.25901754386 0.875665634675 0.294245614035
470372852 0.871496388029 0.286807017544 0.934241486068 0.251719298246 0.918101135191 0.225403508772 0.858369453044 0.265403508772
470372933 0.57386996904 0.361403508772 0.589473684211 0.334385964912 0.553808049536 0.319649122807
470372934 0.553725490196 0.319649122807 0.545758513932 0.349824561404 0.573787409701 0.361403508772
470372964 0.596037151703 0.335789473684 0.616388028896 0.302596491228 0.591042311662 0.289754385965 0.576264189886 0.325754385965
470372968 0.569164086687 0.322807017544 0.584066047472 0.286807017544 0.557027863777 0.278035087719 0.548070175439 0.316
470372996 0.62617131063 0.29249122807 0.647719298246 0.258175438596 0.625799793602 0.246175438596 0.608338493292 0.282666666667
470373000 0.602146542828 0.279649122807 0.619690402477 0.243157894737 0.59657378741 0.233614035088 0.583323013416 0.271859649123
470373004 0.576842105263 0.269614035088 0.590216718266 0.231368421053 0.566191950464 0.22449122807 0.557316821465 0.264
470373029 0.66617131063 0.260771929825 0.696635706914 0.218807017544 0.660722394221 0.196842105263
470373030 0.66080495356 0.196912280702 0.637399380805 0.243157894737 0.666295149639 0.260771929825
470373033 0.626707946336 0.237684210526 0.650196078431 0.191438596491 0.611269349845 0.175438596491
470373034 0.611393188854 0.175438596491 0.595500515996 0.224771929825 0.626790505676 0.237684210526
470373037 0.584148606811 0.221122807018 0.600123839009 0.171789473684 0.559174406605 0.162035087719
470373038 0.559298245614 0.162035087719 0.55133126935 0.213263157895 0.58427244582 0.221122807018
470373060 0.682352941176 0.2 0.716780185759 0.145263157895 0.684582043344 0.12750877193 0.656676986584 0.185894736842
470373064 0.647595459236 0.181473684211 0.675665634675 0.123157894737 0.64169246646 0.109192982456 0.620515995872 0.170315789474
470373068 0.611021671827 0.166947368421 0.632363261094 0.105894736842 0.597069143447 0.0957192982456 0.582827657379 0.158877192982
470373092 0.734200206398 0.141403508772 0.774158926729 0.0816140350877 0.74782249742 0.0654736842105 0.712817337461 0.128280701754
470373096 0.705304437565 0.124070175439 0.740433436533 0.0613333333333 0.712899896801 0.0473684210526 0.682930856553 0.112701754386
470373100 0.675211558308 0.109122807018 0.705304437565 0.0438596491228 0.676780185759 0.0320701754386 0.652053663571 0.0995789473684
470373104 0.644004127967 0.0965614035088 0.668854489164 0.0291228070175 0.639463364293 0.019649122807 0.620144478844 0.0888421052632
470373108 0.611929824561 0.0865263157895 0.631413828689 0.0173333333333 0.601403508772 0.0101754385965 0.587533539732 0.080701754386
470373189 0.454158926729 0.349824561404 0.446026831785 0.319649122807 0.41040247678 0.334596491228
470373190 0.410319917441 0.334666666667 0.42608875129 0.361543859649 0.454076367389 0.349824561404
470373220 0.451682146543 0.315859649123 0.442518059856 0.278035087719 0.415521155831 0.286877192982 0.430629514964 0.322807017544
470373224 0.423529411765 0.325684210526 0.408586171311 0.289684210526 0.383281733746 0.302666666667 0.403839009288 0.335789473684
470373252 0.442394220846 0.264 0.433312693498 0.224561403509 0.409329205366 0.231578947368 0.422868937049 0.269684210526
470373256 0.416346749226 0.271929824561 0.402930856553 0.233754385965 0.379855521156 0.243368421053 0.397564499484 0.279719298246
470373260 0.39137254902 0.282666666667 0.373746130031 0.246245614035 0.351909184727 0.258385964912 0.373581011352 0.292561403509
470373285 0.448255933953 0.213263157895 0.44008255934 0.162105263158 0.399174406605 0.172
470373286 0.399298245614 0.172 0.415479876161 0.221192982456 0.448379772962 0.213263157895
470373289 0.404045407637 0.224912280702 0.387946336429 0.175578947368 0.349060887513 0.191859649123
470373290 0.349184726522 0.191789473684 0.372920536636 0.237894736842 0.404127966976 0.224842105263
470373293 0.362187822497 0.243298245614 0.338575851393 0.197122807018 0.302745098039 0.219228070175
470373294 0.302827657379 0.219157894737 0.333457172343 0.26098245614 0.362270381837 0.243228070175
470373316 0.416759545924 0.158947368421 0.402311661507 0.0958596491228 0.367058823529 0.106105263158 0.388606811146 0.167087719298
470373320 0.37907120743 0.170385964912 0.357647058824 0.109333333333 0.323756449948 0.12350877193 0.352033023736 0.181684210526
470373324 0.342951496388 0.185964912281 0.31484004128 0.127719298246 0.282724458204 0.145543859649 0.317316821465 0.200210526316
470373348 0.412012383901 0.0808421052632 0.397936016512 0.0103157894737 0.367925696594 0.0175438596491 0.387616099071 0.0867368421053
470373352 0.379566563467 0.0889824561404 0.36 0.0197894736842 0.330650154799 0.0293333333333 0.355706914345 0.096701754386
470373356 0.347533539732 0.0997192982456 0.322600619195 0.0322807017544 0.294076367389 0.0441403508772 0.324375644995 0.109333333333
470373360 0.316656346749 0.112842105263 0.286480908153 0.0475789473684 0.259029927761 0.0616842105263 0.294324045408 0.124280701754
470373364 0.286811145511 0.12849122807 0.251640866873 0.0657543859649 0.225345717234 0.0819649122807 0.265428276574 0.141614035088
470373445 0.361444788442 0.426105263158 0.334406604747 0.410526315789 0.319752321981 0.446245614035
470373446 0.319711042312 0.446315789474 0.349886480908 0.454245614035 0.361403508772 0.426175438596
470373476 0.33564499484 0.403929824561 0.302373581011 0.383578947368 0.289576883385 0.40898245614 0.325655314757 0.423719298246
470373480 0.322641898865 0.430736842105 0.286646026832 0.415859649123 0.277936016512 0.442877192982 0.315872033024 0.451859649123
470373508 0.292549019608 0.373824561404 0.258245614035 0.352350877193 0.246191950464 0.374245614035 0.282724458204 0.391649122807
470373512 0.279711042312 0.397824561404 0.243219814241 0.380280701754 0.233725490196 0.403438596491 0.271950464396 0.416631578947
470373516 0.26963880289 0.423157894737 0.231455108359 0.409824561404 0.224561403509 0.433824561404 0.264066047472 0.442666666667
470373541 0.260681114551 0.333824561404 0.218699690402 0.303368421053 0.196780185759 0.339368421053
470373542 0.196862745098 0.339228070175 0.243137254902 0.362596491228 0.260763673891 0.333684210526
470373545 0.237688338493 0.373263157895 0.191496388029 0.349824561404 0.175479876161 0.388771929825
470373546 0.175521155831 0.388631578947 0.224850361197 0.40449122807 0.237729618163 0.373192982456
470373549 0.221052631579 0.415859649123 0.171723426213 0.399859649123 0.161981424149 0.440842105263
470373550 0.162022703818 0.440701754386 0.213250773994 0.448701754386 0.221093911249 0.415719298246
470373572 0.199834881321 0.317614035088 0.145015479876 0.283228070175 0.127306501548 0.315438596491 0.185675954592 0.343298245614
470373576 0.181300309598 0.352280701754 0.123013415893 0.324280701754 0.109019607843 0.358245614035 0.170154798762 0.379438596491
470373580 0.166769865841 0.388912280702 0.105717234262 0.36750877193 0.0956037151703 0.402877192982 0.158720330237 0.417052631579
470373604 0.141382868937 0.265684210526 0.0816099071207 0.225754385965 0.0655108359133 0.252070175439 0.128297213622 0.287087719298
470373608 0.124086687307 0.294526315789 0.0613415892673 0.259438596491 0.0473890608875 0.286947368421 0.112734778122 0.316912280702
470373612 0.109143446852 0.324631578947 0.0438390092879 0.294596491228 0.0320743034056 0.323087719298 0.0995665634675 0.347859649123
470373616 0.0965944272446 0.355859649123 0.0291434468524 0.330947368421 0.019649122807 0.360350877193 0.088875128999 0.379719298246
470373620 0.0865221878225 0.387929824561 0.0173374613003 0.368421052632 0.0101960784314 0.398456140351 0.080701754386 0.412350877193
470373701 0.349762641899 0.545754385965 0.319587203302 0.553754385965 0.334406604747 0.589403508772
470373702 0.334447884417 0.589543859649 0.361403508772 0.573824561404 0.349803921569 0.545824561404
470373732 0.315954592363 0.548140350877 0.278059855521 0.557192982456 0.28689370485 0.584210526316 0.322848297214 0.569192982456
470373736 0.325779153767 0.576350877193 0.289783281734 0.591228070175 0.302703818369 0.61649122807 0.335851393189 0.596070175439
470373764 0.264148606811 0.557403508772 0.224685242518 0.566385964912 0.231620227038 0.590385964912 0.269803921569 0.576912280702
470373768 0.272074303406 0.583438596491 0.233849329205 0.596771929825 0.24342621259 0.619859649123 0.279876160991 0.602245614035
470373772 0.282848297214 0.60849122807 0.246398348813 0.626035087719 0.258493292054 0.647859649123 0.292714138287 0.626245614035
470373797 0.213292053664 0.551578947368 0.162105263158 0.559719298246 0.171971104231 0.600631578947
470373798 0.171929824561 0.600561403509 0.221217750258 0.584421052632 0.213250773994 0.55150877193
470373801 0.224850361197 0.595789473684 0.175562435501 0.611789473684 0.191744066047 0.650736842105
470373802 0.191661506708 0.650596491228 0.237812177503 0.626947368421 0.224850361197 0.595719298246
470373805 0.243261093911 0.637684210526 0.197027863777 0.661192982456 0.21907120743 0.697122807018
470373806 0.219029927761 0.69698245614 0.2608875129 0.666456140351 0.243178534572 0.637614035088
470373828 0.158968008256 0.58301754386 0.0958513931889 0.597333333333 0.10604747162 0.632631578947 0.167100103199 0.611157894737
470373832 0.17040247678 0.620701754386 0.109308565531 0.642035087719 0.12342621259 0.675929824561 0.181630546956 0.647789473684
470373836 0.18604747162 0.656842105263 0.127719298246 0.684912280702 0.145510835913 0.717052631579 0.200247678019 0.682526315789
470373860 0.0808255933953 0.587859649123 0.0103199174407 0.601894736842 0.0175438596491 0.631929824561 0.0866873065015 0.612280701754
470373864 0.0889989680083 0.620421052632 0.0198142414861 0.639929824561 0.0293498452012 0.669263157895 0.0967595459236 0.644280701754
470373868 0.0997316821465 0.652350877193 0.0322807017544 0.677263157895 0.0441279669763 0.705754385965 0.109349845201 0.675578947368
470373872 0.112941176471 0.683368421053 0.0476780185759 0.713473684211 0.0617131062951 0.740912280702 0.124375644995 0.705684210526
470373876 0.128503611971 0.713122807018 0.0657997936017 0.748210526316 0.0819401444788 0.774526315789 0.141630546956 0.734526315789
470373957 0.426212590299 0.638526315789 0.410526315789 0.665543859649 0.446150670795 0.680350877193
470373958 0.446274509804 0.680350877193 0.454282765738 0.650245614035 0.426295149639 0.638596491228
470373988 0.404004127967 0.664210526316 0.383570691434 0.697403508772 0.408875128999 0.710315789474 0.423735810114 0.674315789474
470373992 0.430877192982 0.677192982456 0.415892672859 0.713122807018 0.442889576883 0.721964912281 0.451971104231 0.684070175439
470374020 0.37386996904 0.70750877193 0.352280701754 0.741684210526 0.374117647059 0.753824561404 0.391661506708 0.717333333333
470374024 0.397894736842 0.720280701754 0.380268317853 0.756701754386 0.403343653251 0.766315789474 0.416676986584 0.728070175439
470374028 0.423199174407 0.730315789474 0.409742002064 0.76849122807 0.433766769866 0.775438596491 0.442724458204 0.736
470374053 0.33382868937 0.739298245614 0.303323013416 0.781192982456 0.339236326109 0.803157894737
470374054 0.3391124871 0.803087719298 0.362600619195 0.756912280702 0.333746130031 0.739228070175
470374057 0.373292053664 0.762315789474 0.349721362229 0.80849122807 0.388648090815 0.824561403509
470374058 0.388524251806 0.824561403509 0.404499484004 0.775228070175 0.373209494324 0.762245614035
470374061 0.415892672859 0.778877192982 0.399834881321 0.828210526316 0.440784313725 0.838035087719
470374062 0.440660474716 0.837964912281 0.44871001032 0.786807017544 0.415810113519 0.778877192982
470374084 0.317647058824 0.8 0.283178534572 0.854736842105 0.315335397317 0.87249122807 0.343323013416 0.814175438596
470374088 0.352404540764 0.818526315789 0.324251805986 0.876771929825 0.35818369453 0.890807017544 0.379484004128 0.829754385965
470374092 0.388978328173 0.833052631579 0.367512899897 0.894105263158 0.402807017544 0.904280701754 0.417172342621 0.841192982456
470374116 0.265758513932 0.858596491228 0.225799793602 0.918385964912 0.25209494324 0.934456140351 0.287182662539 0.871719298246
470374120 0.294654282766 0.875859649123 0.259442724458 0.938596491228 0.28693498452 0.952561403509 0.316986584107 0.887298245614
470374124 0.324747162023 0.890877192982 0.294613003096 0.956070175439 0.323095975232 0.967929824561 0.347946336429 0.900421052632
470374128 0.355954592363 0.903368421053 0.331021671827 0.970807017544 0.360371517028 0.980350877193 0.379814241486 0.911157894737
470374132 0.388070175439 0.913473684211 0.368462332301 0.982596491228 0.398472652219 0.989824561404 0.412466460268 0.919298245614
470374213 0.545758513932 0.650105263158 0.553684210526 0.680280701754 0.589391124871 0.665684210526
470374214 0.589473684211 0.665614035088 0.57391124871 0.638596491228 0.545841073271 0.650105263158
470374244 0.548194014448 0.684070175439 0.557151702786 0.721964912281 0.584189886481 0.713263157895 0.569287925697 0.677263157895
470374248 0.576346749226 0.674245614035 0.591083591331 0.710315789474 0.616470588235 0.697473684211 0.596119711042 0.664280701754
470374276 0.557523219814 0.735929824561 0.566398348813 0.775438596491 0.590423116615 0.768561403509 0.577089783282 0.730385964912
470374280 0.583488132095 0.728070175439 0.596738906089 0.766315789474 0.619855521156 0.756771929825 0.602311661507 0.720280701754
470374284 0.608544891641 0.717263157895 0.62600619195 0.753754385965 0.647884416925 0.741684210526 0.626377708978 0.707438596491
470374309 0.551620227038 0.786666666667 0.559628482972 0.837894736842 0.600619195046 0.828140350877
470374310 0.600454076367 0.828140350877 0.584478844169 0.778877192982 0.551537667699 0.786736842105
470374313 0.595872033024 0.775087719298 0.611764705882 0.824421052632 0.650732714138 0.808350877193
470374314 0.650608875129 0.808350877193 0.627079463364 0.762175438596 0.595789473684 0.775087719298
470374317 0.637688338493 0.756701754386 0.661093911249 0.802947368421 0.697048503612 0.78098245614
470374318 0.696924664603 0.781052631579 0.666460268318 0.739087719298 0.637564499484 0.756771929825
470374340 0.583157894737 0.841122807018 0.597399380805 0.904210526316 0.632734778122 0.894035087719 0.611351909185 0.83298245614
470374344 0.62080495356 0.829614035088 0.642022703818 0.890736842105 0.675995872033 0.876701754386 0.647925696594 0.818456140351
470374348 0.656965944272 0.814035087719 0.684871001032 0.872350877193 0.717069143447 0.854666666667 0.682641898865 0.799859649123
470374372 0.587987616099 0.919157894737 0.601898864809 0.989684210526 0.631909184727 0.982526315789 0.612383900929 0.913333333333
470374376 0.620557275542 0.91101754386 0.63995872033 0.980210526316 0.669308565531 0.970666666667 0.644416924665 0.903228070175
470374380 0.652466460268 0.900210526316 0.677234262126 0.967719298246 0.705758513932 0.955929824561 0.675665634675 0.890666666667
470374384 0.68342621259 0.88701754386 0.713436532508 0.952350877193 0.74092879257 0.938385964912 0.705799793602 0.875649122807
470374388 0.713188854489 0.871438596491 0.748235294118 0.934245614035 0.774530443756 0.918105263158 0.734613003096 0.858385964912
470374469 0.638555211558 0.573754385965 0.665510835913 0.589473684211 0.680412796698 0.553894736842
470374470 0.680412796698 0.553754385965 0.650278637771 0.545684210526 0.638596491228 0.573684210526
470374500 0.664107327141 0.596 0.697254901961 0.61649122807 0.710216718266 0.591228070175 0.674220846233 0.576280701754
470374504 0.677110423117 0.569052631579 0.71306501548 0.584140350877 0.721898864809 0.557122807018 0.684004127967 0.548
470374532 0.707450980392 0.626175438596 0.741630546956 0.647789473684 0.753766769866 0.625964912281 0.717316821465 0.608350877193
470374536 0.720247678019 0.602175438596 0.756656346749 0.619789473684 0.766274509804 0.596771929825 0.728049535604 0.583368421053
470374540 0.730319917441 0.576771929825 0.768462332301 0.590245614035 0.775438596491 0.566245614035 0.735975232198 0.557263157895
470374565 0.739236326109 0.666175438596 0.781093911249 0.696701754386 0.803137254902 0.660842105263
470374566 0.803095975232 0.660912280702 0.756904024768 0.637403508772 0.73915376677 0.666245614035
470374569 0.762229102167 0.626736842105 0.808379772962 0.650315789474 0.824520123839 0.611438596491
470374570 0.824478844169 0.611578947368 0.775190918473 0.59550877193 0.762187822497 0.626807017544
470374573 0.778864809082 0.584070175439 0.828152734778 0.600210526316 0.837977296182 0.559228070175
470374574 0.837977296182 0.559368421053 0.786749226006 0.551298245614 0.778823529412 0.584210526316
470374596 0.79995872033 0.682385964912 0.854695562436 0.71698245614 0.872487100103 0.684842105263 0.814200206398 0.656771929825
470374600 0.818534571723 0.647649122807 0.876780185759 0.675789473684 0.890856553148 0.641894736842 0.829762641899 0.620561403509
470374604 0.83302373581 0.61101754386 0.894076367389 0.632561403509 0.90427244582 0.597263157895 0.841197110423 0.582877192982
470374628 0.858493292054 0.734175438596 0.91818369453 0.774245614035 0.934365325077 0.747929824561 0.871620227038 0.712842105263
470374632 0.875748194014 0.705403508772 0.938410732714 0.740631578947 0.952445820433 0.713192982456 0.887141382869 0.683087719298
470374636 0.890732714138 0.675157894737 0.955995872033 0.705333333333 0.967801857585 0.676842105263 0.900350877193 0.652
470374640 0.903281733746 0.644 0.970691434469 0.66898245614 0.980227038184 0.639649122807 0.911042311662 0.620140350877
470374644 0.913353973168 0.611859649123 0.982497420021 0.63150877193 0.989721362229 0.601473684211 0.919215686275 0.58750877193
470376773 0.652920536636 0.535578947368 0.683013415893 0.543789473684 0.688214654283 0.505543859649
470376774 0.688214654283 0.505473684211 0.657007223942 0.505403508772 0.652920536636 0.53550877193
470376777 0.656924664603 0.494736842105 0.688132094943 0.494947368421 0.683178534572 0.456631578947
470376778 0.683137254902 0.456561403509 0.653003095975 0.464631578947 0.656883384933 0.494666666667
470376804 0.685861713106 0.54049122807 0.723715170279 0.549754385965 0.728173374613 0.521684210526 0.689370485036 0.518666666667
470376808 0.689907120743 0.510947368421 0.72875128999 0.514105263158 0.72875128999 0.485684210526 0.689948400413 0.488771929825
470376812 0.689287925697 0.481122807018 0.728132094943 0.478175438596 0.723715170279 0.450105263158 0.685861713106 0.459228070175
470376836 0.737502579979 0.550596491228 0.776924664603 0.559719298246 0.781135190918 0.535087719298 0.74092879257 0.530596491228
470376840 0.741671826625 0.523649122807 0.781878224974 0.528280701754 0.783281733746 0.503368421053 0.742827657379 0.503368421053
470376844 0.742786377709 0.496561403509 0.783240454076 0.496631578947 0.781878224974 0.471719298246 0.741671826625 0.476210526316
470376848 0.74084623323 0.469333333333 0.781093911249 0.464842105263 0.776924664603 0.440210526316 0.73746130031 0.449263157895
470376869 0.788565531476 0.539649122807 0.839752321981 0.547859649123 0.843095975232 0.505894736842
470376870 0.843095975232 0.506035087719 0.79124871001 0.505964912281 0.788565531476 0.539719298246
470376873 0.791207430341 0.493894736842 0.843054695562 0.493964912281 0.839752321981 0.452
470376874 0.839793601651 0.452140350877 0.788565531476 0.460280701754 0.791207430341 0.494035087719
470376900 0.843384932921 0.573052631579 0.906460268318 0.587578947368 0.912610939112 0.551368421053 0.848338493292 0.544210526316
470376904 0.849411764706 0.534245614035 0.913684210526 0.541614035088 0.915789473684 0.50498245614 0.851062951496 0.50498245614
470376908 0.851021671827 0.494877192982 0.915706914345 0.49501754386 0.913684210526 0.458315789474 0.849411764706 0.465614035088
470376912 0.848214654283 0.455578947368 0.912528379773 0.448421052632 0.906377708978 0.412210526316 0.843343653251 0.426666666667
470376932 0.920990712074 0.579157894737 0.991455108359 0.593263157895 0.996284829721 0.562807017544 0.924912280702 0.554385964912
470376936 0.925902992776 0.545894736842 0.997275541796 0.554385964912 0.999711042312 0.523649122807 0.927843137255 0.520842105263
470376940 0.928173374613 0.512350877193 1.0 0.515228070175 1.0 0.484350877193 0.928173374613 0.487228070175
470376944 0.927801857585 0.478666666667 0.999669762642 0.475929824561 0.997234262126 0.445192982456 0.925861713106 0.453684210526
470376948 0.924829721362 0.445192982456 0.996243550052 0.436842105263 0.991413828689 0.406315789474 0.920908152735 0.420421052632
470377029 0.633188854489 0.416771929825 0.660227038184 0.401263157895 0.636697626419 0.370596491228
470377030 0.636615067079 0.370526315789 0.614654282766 0.392701754386 0.633147574819 0.416701754386
470377033 0.607141382869 0.385122807018 0.629226006192 0.363087719298 0.598555211558 0.339649122807
470377034 0.598472652219 0.339578947368 0.582951496388 0.366666666667 0.607058823529 0.385122807018
470377060 0.660020639835 0.397263157895 0.693250773994 0.37698245614 0.67653250774 0.353964912281 0.64697626419 0.379368421053
470377064 0.641981424149 0.373473684211 0.671620227038 0.348210526316 0.651475748194 0.328140350877 0.626295149639 0.357824561404
470377068 0.620433436533 0.352771929825 0.645737874097 0.323157894737 0.622703818369 0.306526315789 0.602476780186 0.339789473684
470377092 0.703653250774 0.367719298246 0.737915376677 0.346245614035 0.72346749226 0.325824561404 0.691847265222 0.351157894737
470377096 0.687595459236 0.345754385965 0.719256965944 0.320561403509 0.70257997936 0.301964912281 0.674014447884 0.330596491228
470377100 0.669143446852 0.325754385965 0.697791537668 0.297122807018 0.679133126935 0.28049122807 0.65399380805 0.312210526316
470377104 0.648586171311 0.307859649123 0.673808049536 0.276210526316 0.653415892673 0.261824561404 0.631950464396 0.296140350877
470377125 0.731888544892 0.323789473684 0.77382868937 0.293333333333 0.746418988648 0.261333333333
470377126 0.746542827657 0.261403508772 0.709927760578 0.298105263158 0.731971104231 0.323859649123
470377129 0.701506707946 0.289684210526 0.738163054696 0.253052631579 0.70608875129 0.225754385965
470377130 0.706212590299 0.225824561404 0.675830753354 0.267789473684 0.701589267286 0.289754385965
470377156 0.794427244582 0.308771929825 0.849205366357 0.274456140351 0.827946336429 0.24449122807 0.77742002064 0.284912280702
470377160 0.771186790506 0.277052631579 0.821795665635 0.236701754386 0.797275541796 0.209333333333 0.751620227038 0.255228070175
470377164 0.744520123839 0.248070175439 0.790257997936 0.202315789474 0.762848297214 0.177894736842 0.722641898865 0.228561403509
470377168 0.71475748194 0.222245614035 0.755128998968 0.171719298246 0.72515995872 0.150456140351 0.690856553148 0.205333333333
470377188 0.853581011352 0.258245614035 0.913395252838 0.218315789474 0.895232198142 0.193333333333 0.838844169247 0.237964912281
470377192 0.833560371517 0.231298245614 0.890030959752 0.186807017544 0.870010319917 0.163298245614 0.817296181631 0.212210526316
470377196 0.811434468524 0.205894736842 0.864231166151 0.157122807018 0.842394220846 0.135298245614 0.793684210526 0.188140350877
470377200 0.787409700722 0.182315789474 0.836202270382 0.129543859649 0.812714138287 0.109543859649 0.768297213622 0.166035087719
470377204 0.761651186791 0.160771929825 0.806150670795 0.104350877193 0.781176470588 0.0862456140351 0.741341589267 0.146105263158
470377285 0.535356037152 0.34701754386 0.543405572755 0.316842105263 0.505139318885 0.311929824561
470377286 0.505015479876 0.311929824561 0.505221878225 0.343157894737 0.535314757482 0.34701754386
470377289 0.494530443756 0.343087719298 0.494489164087 0.311859649123 0.456222910217 0.317052631579
470377290 0.456140350877 0.317052631579 0.46439628483 0.347157894737 0.494447884417 0.343087719298
470377316 0.540515995872 0.314035087719 0.54955624355 0.276140350877 0.521486068111 0.271789473684 0.518596491228 0.310666666667
470377320 0.510959752322 0.309964912281 0.513973168215 0.271157894737 0.485531475748 0.271228070175 0.488792569659 0.310035087719
470377324 0.481114551084 0.310596491228 0.478018575851 0.271789473684 0.449948400413 0.276280701754 0.459236326109 0.314105263158
470377348 0.550505675955 0.262596491228 0.559504643963 0.223087719298 0.534860681115 0.218947368421 0.53044375645 0.259228070175
470377352 0.523591331269 0.258385964912 0.528049535604 0.218175438596 0.503116615067 0.216842105263 0.503281733746 0.257263157895
470377356 0.496346749226 0.257263157895 0.496305469556 0.216771929825 0.47137254902 0.218245614035 0.476078431373 0.258456140351
470377360 0.469184726522 0.259157894737 0.464602683179 0.218947368421 0.44 0.223228070175 0.449164086687 0.262596491228
470377381 0.539401444788 0.211298245614 0.547450980392 0.160140350877 0.505469556244 0.156912280702
470377382 0.505593395253 0.156912280702 0.505758513932 0.208771929825 0.539525283798 0.211368421053
470377385 0.493746130031 0.208701754386 0.493704850361 0.156842105263 0.451723426213 0.160280701754
470377386 0.451847265222 0.160280701754 0.460144478844 0.211438596491 0.49386996904 0.208701754386
470377412 0.573003095975 0.156701754386 0.587368421053 0.0936140350877 0.551166150671 0.0875087719298 0.544107327141 0.151859649123
470377416 0.534076367389 0.150666666667 0.541300309598 0.0863859649123 0.504602683179 0.084350877193 0.504809081527 0.149052631579
470377420 0.494778121775 0.149052631579 0.494736842105 0.084350877193 0.458039215686 0.0864561403509 0.465510835913 0.150736842105
470377424 0.455438596491 0.151859649123 0.448132094943 0.0875087719298 0.411929824561 0.0937543859649 0.426542827657 0.156771929825
470377444 0.5791124871 0.0790175438596 0.59306501548 0.00849122807018 0.562600619195 0.00371929824561 0.554303405573 0.0751578947368
470377448 0.545841073271 0.0741052631579 0.554220846233 0.00273684210526 0.52346749226 0.000350877192982 0.520825593395 0.0721403508772
470377452 0.512321981424 0.0717894736842 0.515128998968 0.0 0.484251805986 0.0 0.487265221878 0.0718596491228
470377456 0.478637770898 0.0721403508772 0.475789473684 0.000350877192982 0.445036119711 0.00280701754386 0.453663570691 0.0741754385965
470377460 0.445118679051 0.0751578947368 0.436615067079 0.00378947368421 0.406150670795 0.00863157894737 0.420350877193 0.0790877192982
470377541 0.416924664603 0.366666666667 0.401279669763 0.339649122807 0.370732714138 0.363298245614
470377542 0.370650154799 0.363368421053 0.392858617131 0.385263157895 0.416842105263 0.366736842105
470377545 0.385221878225 0.392771929825 0.363137254902 0.370666666667 0.339731682147 0.401403508772
470377546 0.339649122807 0.401473684211 0.366769865841 0.416912280702 0.385180598555 0.392771929825
470377572 0.397192982456 0.339719298246 0.376800825593 0.306526315789 0.353849329205 0.323368421053 0.379318885449 0.352842105263
470377576 0.373415892673 0.357754385965 0.348070175439 0.328210526316 0.328049535604 0.348350877193 0.357770897833 0.373473684211
470377580 0.352776057792 0.379298245614 0.323137254902 0.354035087719 0.306501547988 0.377052631579 0.339772961816 0.397263157895
470377604 0.367760577915 0.296280701754 0.346212590299 0.262035087719 0.325861713106 0.276561403509 0.351207430341 0.308070175439
470377608 0.345799793602 0.312350877193 0.320495356037 0.280771929825 0.301919504644 0.297473684211 0.330650154799 0.325964912281
470377612 0.325779153767 0.330736842105 0.297131062951 0.302175438596 0.280536635707 0.320842105263 0.312280701754 0.345964912281
470377616 0.30790505676 0.351368421053 0.276243550052 0.326175438596 0.261836945304 0.346596491228 0.296181630547 0.368
470377637 0.323756449948 0.267929824561 0.293250773994 0.226035087719 0.261259029928 0.253473684211
470377638 0.261382868937 0.253403508772 0.298163054696 0.289894736842 0.323839009288 0.267859649123
470377641 0.289659442724 0.298315789474 0.252961816305 0.261684210526 0.225675954592 0.293824561404
470377642 0.225758513932 0.293684210526 0.26778121775 0.324 0.289742002064 0.298245614035
470377668 0.308771929825 0.205473684211 0.274344685243 0.150736842105 0.244416924665 0.172070175439 0.284912280702 0.222526315789
470377672 0.277027863777 0.228771929825 0.236656346749 0.178175438596 0.209287925697 0.202736842105 0.255190918473 0.248350877193
470377676 0.248049535604 0.255368421053 0.202270381837 0.209684210526 0.177832817337 0.237122807018 0.228565531476 0.277263157895
470377680 0.222249742002 0.285122807018 0.171640866873 0.244842105263 0.150464396285 0.274807017544 0.205325077399 0.309052631579
470377700 0.258328173375 0.146315789474 0.218369453044 0.0865263157895 0.193395252838 0.104701754386 0.238059855521 0.161052631579
470377704 0.23133126935 0.166315789474 0.186790505676 0.109894736842 0.163343653251 0.129964912281 0.212301341589 0.182666666667
470377708 0.205944272446 0.18849122807 0.157110423117 0.135719298246 0.135314757482 0.157614035088 0.188235294118 0.206245614035
470377712 0.182456140351 0.212421052632 0.129659442724 0.163649122807 0.10963880289 0.187157894737 0.166191950464 0.23150877193
470377716 0.160866873065 0.238315789474 0.10435500516 0.193824561404 0.0862745098039 0.218807017544 0.14613003096 0.258596491228
470377797 0.346996904025 0.464561403509 0.316821465428 0.45649122807 0.311909184727 0.494736842105
470377798 0.311909184727 0.494877192982 0.343116615067 0.494666666667 0.346955624355 0.464631578947
470377801 0.342992776058 0.505333333333 0.311785345717 0.505333333333 0.316904024768 0.543578947368
470377802 0.316904024768 0.543719298246 0.347038183695 0.53550877193 0.342992776058 0.505403508772
470377828 0.314014447884 0.459368421053 0.276160990712 0.450315789474 0.271785345717 0.478385964912 0.310629514964 0.481333333333
470377832 0.309969040248 0.48898245614 0.271124871001 0.485964912281 0.271207430341 0.514385964912 0.310010319917 0.511157894737
470377836 0.310588235294 0.518807017544 0.271744066047 0.521824561404 0.276243550052 0.549894736842 0.314097007224 0.540701754386
470377860 0.262373581011 0.449473684211 0.222868937049 0.44049122807 0.218740970072 0.465122807018 0.258988648091 0.469543859649
470377864 0.258204334365 0.476350877193 0.217956656347 0.471859649123 0.216635706914 0.496771929825 0.257089783282 0.496631578947
470377868 0.257048503612 0.503578947368 0.216594427245 0.503649122807 0.218039215686 0.528561403509 0.258245614035 0.523929824561
470377872 0.258988648091 0.530666666667 0.218740970072 0.535228070175 0.222992776058 0.559859649123 0.262414860681 0.550736842105
470377893 0.211228070175 0.460561403509 0.16004127967 0.45249122807 0.156821465428 0.494456140351
470377894 0.156821465428 0.494315789474 0.20866873065 0.494175438596 0.211269349845 0.460421052632
470377897 0.20862745098 0.506105263158 0.156780185759 0.506175438596 0.160165118679 0.548140350877
470377898 0.160165118679 0.548 0.211310629515 0.539789473684 0.20862745098 0.506035087719
470377924 0.1564499484 0.426947368421 0.0933746130031 0.412561403509 0.0872652218782 0.448842105263 0.151578947368 0.455859649123
470377928 0.150423116615 0.465824561404 0.0861506707946 0.458596491228 0.0841279669763 0.495298245614 0.148813209494 0.495087719298
470377932 0.148813209494 0.505192982456 0.0841279669763 0.505192982456 0.0862332301342 0.541894736842 0.150505675955 0.534456140351
470377936 0.151578947368 0.544421052632 0.087306501548 0.551649122807 0.0934984520124 0.587859649123 0.15653250774 0.573333333333
470377956 0.0790505675955 0.420771929825 0.0085036119711 0.406807017544 0.00371517027864 0.437263157895 0.075128998968 0.445543859649
470377960 0.0741382868937 0.454035087719 0.00272445820433 0.445614035088 0.000330237358101 0.476421052632 0.0721981424149 0.479087719298
470377964 0.071826625387 0.487578947368 0.0 0.484771929825 4.12796697626e-05 0.515649122807 0.0718679050568 0.512701754386
470377968 0.0721981424149 0.521263157895 0.000330237358101 0.524070175439 0.00280701754386 0.554877192982 0.0741795665635 0.546245614035
470377972 0.0751702786378 0.554736842105 0.0037564499484 0.563228070175 0.00862745098039 0.593684210526 0.079133126935 0.57950877193
470378053 0.366769865841 0.583087719298 0.339731682147 0.598666666667 0.363219814241 0.629263157895
470378054 0.363302373581 0.629333333333 0.385304437564 0.607228070175 0.366811145511 0.583157894737
470378057 0.392858617131 0.614736842105 0.370732714138 0.636701754386 0.401320949432 0.660280701754
470378058 0.401403508772 0.660280701754 0.416965944272 0.633263157895 0.392899896801 0.614807017544
470378084 0.339896800826 0.602736842105 0.306666666667 0.62301754386 0.323384932921 0.646035087719 0.352941176471 0.620631578947
470378088 0.357936016512 0.626526315789 0.328297213622 0.651719298246 0.348359133127 0.671859649123 0.373622291022 0.642175438596
470378092 0.379484004128 0.647157894737 0.354138286894 0.676771929825 0.377131062951 0.693473684211 0.397399380805 0.660210526316
470378116 0.296305469556 0.632210526316 0.262002063983 0.653684210526 0.27649122807 0.674035087719 0.308070175439 0.648771929825
470378120 0.312404540764 0.654175438596 0.280743034056 0.679368421053 0.29737874097 0.697964912281 0.325944272446 0.669333333333
470378124 0.330856553148 0.674175438596 0.302167182663 0.702807017544 0.320825593395 0.719438596491 0.34600619195 0.687719298246
470378128 0.351413828689 0.692070175439 0.326150670795 0.723649122807 0.346501547988 0.738105263158 0.368008255934 0.703789473684
470378149 0.267987616099 0.676210526316 0.22604747162 0.706666666667 0.253415892673 0.738666666667
470378150 0.253333333333 0.738526315789 0.289948400413 0.701824561404 0.267946336429 0.676140350877
470378153 0.298410732714 0.710315789474 0.261754385965 0.746947368421 0.293787409701 0.774315789474
470378154 0.293663570691 0.774175438596 0.324086687307 0.732210526316 0.298328173375 0.710245614035
470378180 0.205531475748 0.691157894737 0.150712074303 0.725543859649 0.172012383901 0.75550877193 0.222497420021 0.71501754386
470378184 0.228771929825 0.722947368421 0.178163054696 0.763228070175 0.202641898865 0.790596491228 0.248338493292 0.744771929825
470378188 0.255479876161 0.751859649123 0.209659442724 0.797614035088 0.237069143447 0.822035087719 0.277316821465 0.771438596491
470378192 0.28520123839 0.777684210526 0.244788441692 0.828210526316 0.27475748194 0.849473684211 0.309102167183 0.794666666667
470378212 0.146336429309 0.741684210526 0.0865634674923 0.781543859649 0.104726522188 0.806526315789 0.161114551084 0.761964912281
470378216 0.166398348813 0.768701754386 0.109927760578 0.813122807018 0.129989680083 0.836631578947 0.182703818369 0.787719298246
470378220 0.188524251806 0.794035087719 0.13568627451 0.842807017544 0.157523219814 0.864631578947 0.206274509804 0.811719298246
470378224 0.212549019608 0.817543859649 0.163715170279 0.870315789474 0.187203302374 0.890315789474 0.231620227038 0.833824561404
470378228 0.238348813209 0.839157894737 0.193808049536 0.895578947368 0.218782249742 0.913684210526 0.258658410733 0.853894736842
470378309 0.464602683179 0.652912280702 0.456388028896 0.68301754386 0.494654282766 0.688140350877
470378310 0.494778121775 0.688140350877 0.494736842105 0.65698245614 0.464685242518 0.652912280702
470378313 0.505386996904 0.656842105263 0.505263157895 0.688070175439 0.543529411765 0.683157894737
470378314 0.543653250774 0.683087719298 0.535562435501 0.65298245614 0.505469556244 0.656842105263
470378340 0.459484004128 0.685824561404 0.450278637771 0.723649122807 0.478348813209 0.728140350877 0.481362229102 0.689333333333
470378344 0.489040247678 0.689894736842 0.485861713106 0.728701754386 0.514262125903 0.728771929825 0.511207430341 0.689894736842
470378348 0.518926728586 0.689263157895 0.521857585139 0.728070175439 0.549927760578 0.723719298246 0.54080495356 0.685824561404
470378372 0.449453044376 0.737403508772 0.440330237358 0.776842105263 0.464974200206 0.781052631579 0.46951496388 0.740842105263
470378376 0.476367389061 0.741543859649 0.471744066047 0.781754385965 0.496676986584 0.783157894737 0.496676986584 0.742736842105
470378380 0.503611971104 0.742666666667 0.503529411765 0.783157894737 0.528462332301 0.781754385965 0.523921568627 0.741543859649
470378384 0.530773993808 0.740771929825 0.535190918473 0.78098245614 0.559834881321 0.776842105263 0.550835913313 0.737333333333
470378405 0.460557275542 0.788631578947 0.452383900929 0.839789473684 0.494365325077 0.843157894737
470378406 0.494241486068 0.843157894737 0.494200206398 0.791298245614 0.460474716202 0.788631578947
470378409 0.50617131063 0.791228070175 0.50604747162 0.84301754386 0.548070175439 0.839789473684
470378410 0.547946336429 0.839789473684 0.539814241486 0.788561403509 0.50604747162 0.791228070175
470378436 0.426914344685 0.843368421053 0.412383900929 0.906385964912 0.44862745098 0.912561403509 0.455810113519 0.848280701754
470378440 0.465841073271 0.849403508772 0.458493292054 0.913684210526 0.495149638803 0.915719298246 0.495108359133 0.85101754386
470378444 0.505139318885 0.85101754386 0.505015479876 0.915719298246 0.541713106295 0.913684210526 0.534447884417 0.849403508772
470378448 0.544437564499 0.848210526316 0.551537667699 0.91249122807 0.58778121775 0.906385964912 0.573374613003 0.843298245614
470378468 0.42080495356 0.92098245614 0.406687306502 0.991438596491 0.437151702786 0.996280701754 0.445572755418 0.924912280702
470378472 0.454117647059 0.925894736842 0.445531475748 0.997263157895 0.476326109391 0.999649122807 0.479091847265 0.927859649123
470378476 0.487636738906 0.928140350877 0.484705882353 1.0 0.515583075335 1.0 0.512734778122 0.928140350877
470378480 0.521279669763 0.927789473684 0.523962848297 0.999649122807 0.55475748194 0.997263157895 0.546295149639 0.925824561404
470378484 0.55479876161 0.924771929825 0.563137254902 0.996210526316 0.593601651187 0.991368421053 0.579566563467 0.920912280702
470378565 0.583034055728 0.633263157895 0.598472652219 0.660350877193 0.629184726522 0.63698245614
470378566 0.629267285862 0.636912280702 0.607223942208 0.614807017544 0.583075335397 0.633192982456
470378569 0.614654282766 0.607228070175 0.63657378741 0.629403508772 0.660185758514 0.598877192982
470378570 0.660268317853 0.598807017544 0.633230134159 0.583157894737 0.614695562436 0.607157894737
470378596 0.602807017544 0.660140350877 0.622992776058 0.693473684211 0.646026831785 0.676771929825 0.620763673891 0.647157894737
470378600 0.626542827657 0.642105263158 0.651723426213 0.671859649123 0.671867905057 0.651789473684 0.642270381837 0.626456140351
470378604 0.647223942208 0.620561403509 0.676697626419 0.646035087719 0.693457172343 0.623087719298 0.660268317853 0.602666666667
470378628 0.632239422085 0.703719298246 0.653663570691 0.738035087719 0.674055727554 0.723649122807 0.648833849329 0.692
470378632 0.654158926729 0.687649122807 0.679298245614 0.719368421053 0.697956656347 0.702736842105 0.669349845201 0.674105263158
470378636 0.674220846233 0.669192982456 0.702745098039 0.697894736842 0.719422084623 0.679298245614 0.687801857585 0.654035087719
470378640 0.692053663571 0.648631578947 0.723632610939 0.673964912281 0.738121775026 0.653614035088 0.703859649123 0.632070175439
470378661 0.676243550052 0.732 0.706625386997 0.774035087719 0.738658410733 0.746736842105
470378662 0.738575851393 0.746807017544 0.701919504644 0.710175438596 0.676160990712 0.732070175439
470378665 0.710299277606 0.701543859649 0.746873065015 0.738315789474 0.774282765738 0.706315789474
470378666 0.774200206398 0.706385964912 0.73226006192 0.675929824561 0.710257997936 0.701614035088
470378692 0.691145510836 0.794526315789 0.725407636739 0.849403508772 0.755417956656 0.828140350877 0.715046439628 0.777614035088
470378696 0.722889576883 0.771298245614 0.763095975232 0.821964912281 0.790505675955 0.797543859649 0.744767801858 0.751789473684
470378700 0.751826625387 0.744631578947 0.797440660475 0.790526315789 0.821960784314 0.763157894737 0.771393188854 0.722807017544
470378704 0.777667698658 0.714877192982 0.828152734778 0.755298245614 0.849453044376 0.725403508772 0.794633642931 0.690947368421
470378724 0.741713106295 0.853684210526 0.781547987616 0.913543859649 0.806563467492 0.895368421053 0.762022703818 0.838947368421
470378728 0.76871001032 0.833614035088 0.813126934985 0.890175438596 0.83657378741 0.870175438596 0.78778121775 0.817333333333
470378732 0.794014447884 0.81150877193 0.842724458204 0.864421052632 0.864561403509 0.842596491228 0.811764705882 0.793824561404
470378736 0.817543859649 0.78750877193 0.870216718266 0.836421052632 0.890278637771 0.81298245614 0.833849329205 0.76849122807
470378740 0.839174406605 0.761684210526 0.895562435501 0.806245614035 0.913725490196 0.781333333333 0.85391124871 0.741403508772
