# Xscale/Yscale
# 242.2559/142.5
470110533 0.650051866642 0.453894736842 0.680214186734 0.445894736842 0.665436424871 0.410245614035
470110534 0.665481831402 0.410315789474 0.638477329138 0.425964912281 0.650072505974 0.453964912281
470110564 0.674113200133 0.423438596491 0.710132962706 0.408561403509 0.697233380075 0.383228070175 0.664053589613 0.403649122807
470110568 0.683949905864 0.451578947368 0.721843719802 0.442596491228 0.71306374788 0.41550877193 0.677101775437 0.430526315789
470110596 0.717096673394 0.391228070175 0.753582884875 0.373754385965 0.741492364066 0.351859649123 0.707255839796 0.373473684211
470110600 0.727907555605 0.416210526316 0.766123343126 0.402947368421 0.75655907658 0.379859649123 0.720118271629 0.397473684211
470110604 0.73584957064 0.442315789474 0.775320229559 0.433333333333 0.768393669669 0.409333333333 0.730215032947 0.422736842105
470110629 0.756670528974 0.362245614035 0.802890249525 0.338736842105 0.780884593523 0.302807017544
470110630 0.780810291927 0.302736842105 0.738920703273 0.333263157895 0.75661686671 0.362105263158
470110633 0.775060173973 0.404070175439 0.824379922223 0.388140350877 0.808264731633 0.349192982456
470110634 0.808202813636 0.349122807018 0.762057394681 0.372701754386 0.775023023175 0.404
470110637 0.786680118007 0.448280701754 0.837886301221 0.440210526316 0.828053723356 0.399298245614
470110638 0.828012444692 0.399157894737 0.778742230839 0.415228070175 0.786659478675 0.448210526316
470110660 0.813862118528 0.342736842105 0.872176487755 0.314736842105 0.854393639123 0.282596491228 0.799670513701 0.317052631579
470110664 0.829498476611 0.378877192982 0.89058264422 0.357543859649 0.876506619653 0.323578947368 0.818266552022 0.351789473684
470110668 0.840986328919 0.41649122807 0.904072511753 0.402175438596 0.893880809508 0.366877192982 0.832854432028 0.388350877193
470110692 0.871326147268 0.286456140351 0.934057333588 0.251368421053 0.9179173758 0.225052631579 0.858207787715 0.265122807018
470110696 0.886929482419 0.316280701754 0.9522240738 0.286175438596 0.93819758363 0.258736842105 0.875532443173 0.293964912281
470110700 0.900151038633 0.347228070175 0.967604504163 0.322315789474 0.95577403894 0.293824561404 0.89053723769 0.324070175439
470110704 0.910904130715 0.379087719298 0.980099555883 0.359578947368 0.970543545069 0.330245614035 0.903139613937 0.355228070175
470110708 0.919126840667 0.411719298246 0.989634927364 0.397684210526 0.982407033224 0.367649122807 0.91325288672 0.387298245614
470110789 0.573525350673 0.361333333333 0.589194731687 0.334315789474 0.553525837761 0.31950877193
470110790 0.553612522956 0.319578947368 0.545575566993 0.349684210526 0.573591396536 0.361333333333
470110820 0.568968186121 0.322736842105 0.583952341305 0.286736842105 0.556927199709 0.277964912281 0.547887172201 0.315859649123
470110824 0.595844724525 0.335719298246 0.616273535547 0.302526315789 0.590957330657 0.289614035088 0.576101139332 0.325614035088
470110852 0.576617122638 0.269543859649 0.590036816441 0.231368421053 0.566025017347 0.22449122807 0.557067547168 0.263929824561
470110856 0.601933327527 0.279578947368 0.619542805769 0.243157894737 0.596455648758 0.233614035088 0.583139151616 0.271789473684
470110860 0.625965765952 0.292421052632 0.647546251712 0.258175438596 0.625676815302 0.246105263158 0.608162277988 0.282596491228
470110885 0.584084433031 0.221052631579 0.600174856422 0.171789473684 0.559218165584 0.161964912281
470110886 0.559086073858 0.161964912281 0.551053245762 0.213122807018 0.583977108504 0.221052631579
470110889 0.62667575898 0.237684210526 0.650278899296 0.19150877193 0.611365502347 0.175368421053
470110890 0.611241666354 0.175368421053 0.595291590422 0.224631578947 0.626572562319 0.237614035088
470110893 0.666150545766 0.260701754386 0.696684373838 0.218807017544 0.660771935792 0.196771929825
470110894 0.660656355531 0.196771929825 0.637189434808 0.242947368421 0.666059732704 0.260631578947
470110916 0.610738066648 0.166877192982 0.632165821348 0.105824561404 0.596856051803 0.095649122807 0.582565378181 0.158736842105
470110920 0.647339858389 0.181333333333 0.675467140326 0.123087719298 0.641519566706 0.109052631579 0.620252798797 0.170105263158
470110924 0.682088238099 0.199859649123 0.716564178623 0.145122807018 0.684403971173 0.127368421053 0.656425292428 0.185684210526
470110948 0.611604918601 0.0864561403509 0.631146238337 0.0172631578947 0.601132521437 0.0101052631579 0.587209227928 0.0806315789474
470110952 0.643703208054 0.0964912280702 0.668614882032 0.0290526315789 0.639257495896 0.0195087719298 0.619844140019 0.0887719298246
470110956 0.674918134089 0.10898245614 0.705043303383 0.0437192982456 0.676523874135 0.0319298245614 0.651740164017 0.0994385964912
470110960 0.705055686982 0.123929824561 0.740208597603 0.0611929824561 0.712704623499 0.0472280701754 0.682699162332 0.112561403509
470110964 0.733925984878 0.141192982456 0.77389198777 0.0814035087719 0.747568583469 0.0653333333333 0.712535380975 0.128070175439
470111045 0.45393693198 0.349894736842 0.445904103884 0.319719298246 0.410239337824 0.334526315789
470111046 0.410321895153 0.334526315789 0.425987148301 0.361473684211 0.454011233576 0.349894736842
470111076 0.423427871107 0.325824561404 0.408575807648 0.289824561404 0.383255474892 0.302736842105 0.403684285914 0.335929824561
470111080 0.451608815306 0.316 0.442577043531 0.278105263158 0.415547774069 0.286947368421 0.430531929253 0.322877192982
470111108 0.391259407924 0.282877192982 0.373724231278 0.246385964912 0.351863050601 0.258456140351 0.373464175692 0.292701754386
470111112 0.41625363923 0.272070175439 0.402916502756 0.233824561404 0.379833473612 0.243438596491 0.397463591186 0.279859649123
470111116 0.442296348613 0.264140350877 0.433326494835 0.224631578947 0.409318823608 0.231578947368 0.42275090101 0.269754385965
470111141 0.362248762569 0.243298245614 0.338757074647 0.197052631579 0.302848764468 0.219087719298
470111142 0.30274143994 0.219157894737 0.333295907344 0.261052631579 0.362149693774 0.243368421053
470111145 0.404097072558 0.224912280702 0.388130485161 0.175578947368 0.349217088211 0.191719298246
470111146 0.349097380084 0.191789473684 0.372717031866 0.237894736842 0.403989748031 0.224912280702
470111149 0.448306522153 0.213263157895 0.440257182591 0.162105263158 0.399300491753 0.171929824561
470111150 0.399172527893 0.171929824561 0.415275334883 0.221263157895 0.448195069759 0.213333333333
470111172 0.342752849363 0.186105263158 0.314708124756 0.127789473684 0.282568556638 0.145614035088 0.317106415159 0.200280701754
470111176 0.37888406433 0.170456140351 0.357551250558 0.109403508772 0.323616060538 0.123438596491 0.351809388337 0.181684210526
470111180 0.416534334148 0.158947368421 0.402181742529 0.0958596491228 0.366884356583 0.106105263158 0.388369901414 0.167087719298
470111204 0.286514796956 0.128631578947 0.251390781401 0.0658947368421 0.225088016432 0.0820350877193 0.265140704519 0.141754385965
470111208 0.316305609069 0.113052631579 0.286213462706 0.0477192982456 0.258726000069 0.0617543859649 0.293965595884 0.124421052632
470111212 0.347227456586 0.0997894736842 0.322357061273 0.032350877193 0.29385414349 0.0442105263158 0.324061870113 0.109403508772
470111216 0.379094585519 0.0890526315789 0.359594544447 0.0198596491228 0.33024954191 0.0294035087719 0.355247901083 0.0968421052632
470111220 0.411704730411 0.0808421052632 0.397698879573 0.0103157894737 0.367693418406 0.0175438596491 0.387321423338 0.0867368421053
470111301 0.361295225421 0.426385964912 0.334270083825 0.410807017544 0.319570751424 0.446526315789
470111302 0.319595518623 0.446385964912 0.349770222315 0.454385964912 0.361332376219 0.426315789474
470111332 0.32272031352 0.430947368421 0.286733573878 0.416070175439 0.277999008486 0.443087719298 0.31590933389 0.452070175439
470111336 0.335698325614 0.404070175439 0.302493767954 0.383719298246 0.28963133612 0.409052631579 0.325667610159 0.423859649123
470111364 0.269578160945 0.423298245614 0.231374757023 0.409964912281 0.224497731531 0.433964912281 0.263980774049 0.442877192982
470111368 0.279613004265 0.398035087719 0.24314330425 0.380421052632 0.233616188501 0.403578947368 0.271856743221 0.416842105263
470111372 0.292413518102 0.373964912281 0.2581439709 0.352421052632 0.246086473023 0.374315789474 0.282601579569 0.391789473684
470111397 0.221079858117 0.415859649123 0.171782813133 0.399859649123 0.161999769665 0.440771929825
470111398 0.161976653613 0.440912280702 0.213195633213 0.448912280702 0.221046835185 0.415929824561
470111401 0.237673881214 0.373263157895 0.19149378818 0.349684210526 0.175415748388 0.388631578947
470111402 0.175372818577 0.388771929825 0.224712380586 0.404631578947 0.237624346817 0.373333333333
470111405 0.260728015293 0.333824561404 0.218805403707 0.303298245614 0.196827817197 0.339228070175
470111406 0.196765486413 0.339368421053 0.243011212524 0.362807017544 0.26066196943 0.333894736842
470111428 0.166854966174 0.389192982456 0.105783594951 0.367859649123 0.0956666070878 0.403157894737 0.158782097773 0.417403508772
470111432 0.181354922625 0.352561403509 0.123061605517 0.324561403509 0.109050388453 0.358526315789 0.170175009154 0.379719298246
470111436 0.199859735098 0.317824561404 0.145077993972 0.283438596491 0.127349220391 0.315578947368 0.185712711228 0.34350877193
470111460 0.0864606393487 0.388350877193 0.017262324674 0.368842105263 0.0101025403303 0.398877192982 0.080641998812 0.412701754386
470111464 0.0964963082426 0.356210526316 0.0290403659932 0.331368421053 0.0195458603898 0.360771929825 0.0887796747159 0.380070175439
470111468 0.109016952735 0.325052631579 0.043720297421 0.294947368421 0.0319492734749 0.32350877193 0.0994502094686 0.348210526316
470111472 0.123949922375 0.294877192982 0.061215846549 0.259789473684 0.0472409547095 0.287298245614 0.11259209786 0.317263157895
470111476 0.141199037877 0.266035087719 0.0814143226233 0.226105263158 0.065321835299 0.252421052632 0.128120305842 0.287438596491
470111557 0.349865163243 0.546035087719 0.319727610349 0.554105263158 0.334625080339 0.589754385965
470111558 0.334583801674 0.589684210526 0.361530513808 0.573964912281 0.349840396044 0.545964912281
470111588 0.325824469084 0.57649122807 0.289850113042 0.591438596491 0.302819869403 0.616771929825 0.335937741867 0.596280701754
470111592 0.315996019086 0.548350877193 0.278126972346 0.557473684211 0.286977117998 0.58449122807 0.322897811777 0.569403508772
470111620 0.282845123689 0.608701754386 0.246396063006 0.626315789474 0.258536118212 0.648140350877 0.292727235952 0.626456140351
470111624 0.272038369344 0.583719298246 0.233851476889 0.597122807018 0.243469405699 0.620140350877 0.279868931985 0.602456140351
470111628 0.264100482176 0.557684210526 0.224650462589 0.566666666667 0.23162242901 0.590666666667 0.269776298534 0.577192982456
470111653 0.243267140243 0.637684210526 0.197096128515 0.661263157895 0.219172783821 0.697122807018
470111654 0.219247085417 0.697263157895 0.261074756074 0.666666666667 0.243320802507 0.637824561404
470111657 0.224885750977 0.595859649123 0.175594485005 0.611929824561 0.191782738831 0.650807017544
470111658 0.191840116175 0.650877192982 0.237946320399 0.627228070175 0.224918773908 0.596
470111661 0.213278190541 0.551649122807 0.162083565354 0.559789473684 0.171984665802 0.600701754386
470111662 0.17202305496 0.600842105263 0.221265612107 0.584631578947 0.213294702007 0.551719298246
470111684 0.186074725115 0.657192982456 0.127805349632 0.685333333333 0.145642273315 0.717403508772 0.200307608607 0.682807017544
470111688 0.170448686699 0.621052631579 0.109396716447 0.642456140351 0.123523926559 0.676421052632 0.181721064379 0.648140350877
470111692 0.15896454947 0.583438596491 0.0958985931818 0.597824561404 0.106137353105 0.633122807018 0.167134835519 0.611578947368
470111716 0.128625143908 0.713473684211 0.065938951332 0.748631578947 0.0821148215585 0.774947368421 0.141771985739 0.734807017544
470111720 0.113023459903 0.683649122807 0.0477689088274 0.713824561404 0.0618321370088 0.741263157895 0.124453109295 0.705964912281
470111724 0.0998064443425 0.652701754386 0.0323860017444 0.677684210526 0.0442494898989 0.706175438596 0.109448314778 0.675859649123
470111728 0.0890578929141 0.620842105263 0.0198876477312 0.640421052632 0.0294783326227 0.669754385965 0.0968525431166 0.644701754386
470111732 0.0808417875478 0.588210526316 0.0103485611702 0.602315789474 0.0176070015219 0.632350877193 0.0867409214801 0.612631578947
470111813 0.426379295613 0.638666666667 0.410817239126 0.665754385965 0.446543923182 0.680421052632
470111814 0.446457237987 0.680350877193 0.454374485823 0.650175438596 0.42631324975 0.638666666667
470111844 0.430957099497 0.677263157895 0.416084396706 0.713263157895 0.443138433367 0.721964912281 0.452054624882 0.684070175439
470111848 0.40407230536 0.664280701754 0.383750818866 0.697543859649 0.409112430285 0.710315789474 0.423848913484 0.674315789474
470111876 0.423312290846 0.730385964912 0.409987537971 0.768631578947 0.43401584853 0.77550877193 0.442870122049 0.736
470111880 0.397996085957 0.720350877193 0.380477420777 0.756842105263 0.403589344986 0.766385964912 0.416806773333 0.728140350877
470111884 0.373959519665 0.707578947368 0.352469846968 0.741894736842 0.374368178443 0.753894736842 0.391787774828 0.717333333333
470111909 0.415849108319 0.778947368421 0.399861881589 0.828210526316 0.440839211759 0.837964912281
470111910 0.440967175619 0.838035087719 0.448896807054 0.786807017544 0.415956432846 0.778947368421
470111913 0.373249526637 0.762315789474 0.349749582982 0.80849122807 0.388696002863 0.824561403509
470111914 0.388819838856 0.824631578947 0.404658462395 0.775228070175 0.373352723298 0.762385964912
470111917 0.333774739852 0.739228070175 0.303335852708 0.781192982456 0.339293697285 0.803157894737
470111918 0.339409277545 0.803228070175 0.362773001607 0.756912280702 0.333865552913 0.739298245614
470111940 0.389183091103 0.833122807018 0.36786266093 0.894245614035 0.403188941941 0.904280701754 0.417372291036 0.841192982456
470111944 0.352581299362 0.818596491228 0.324557214086 0.876912280702 0.358529554905 0.890947368421 0.379688998287 0.829824561404
470111948 0.317828791786 0.800140350877 0.283456047923 0.854947368421 0.315649278304 0.872631578947 0.343516504655 0.814245614035
470111972 0.388332750616 0.913543859649 0.368890499674 0.982736842105 0.398912472307 0.989894736842 0.412732569155 0.919368421053
470111976 0.356230333296 0.90350877193 0.331417728113 0.970947368421 0.360791625715 0.980421052632 0.380101784931 0.911228070175
470111980 0.325015407261 0.890947368421 0.294985178896 0.956280701754 0.323525247476 0.968070175439 0.348209888799 0.90049122807
470111984 0.294877854368 0.876070175439 0.259819884676 0.938807017544 0.287344498111 0.952771929825 0.317250890484 0.887368421053
470111988 0.266007556472 0.858807017544 0.226132366642 0.918596491228 0.252476410275 0.934666666667 0.287418799707 0.871859649123
470112069 0.546025504436 0.650105263158 0.554124378395 0.680210526316 0.589756121523 0.665403508772
470112070 0.58967769206 0.665403508772 0.573950520916 0.638456140351 0.545955330706 0.650105263158
470112100 0.576542821042 0.674175438596 0.591456802497 0.710105263158 0.616752368054 0.697192982456 0.596269894768 0.664070175439
470112104 0.548349493242 0.684 0.55745969448 0.721824561404 0.58446832461 0.71298245614 0.569413995696 0.677052631579
470112132 0.608707156358 0.717122807018 0.626283611668 0.753614035088 0.648132408746 0.741473684211 0.626490004991 0.707228070175
470112136 0.583708797185 0.727929824561 0.597099595923 0.766105263158 0.620166113601 0.75649122807 0.60248646163 0.720140350877
470112140 0.557657832069 0.735859649123 0.566693731711 0.775298245614 0.590693147205 0.768350877193 0.57719502394 0.730175438596
470112165 0.637734313179 0.756701754386 0.661267279765 0.802877192982 0.697154950612 0.780842105263
470112166 0.69726227514 0.780771929825 0.666670656938 0.738877192982 0.637833381973 0.756631578947
470112169 0.59587361959 0.775087719298 0.611902124984 0.824421052632 0.650794882601 0.808210526316
470112170 0.650910462862 0.808140350877 0.627237148817 0.762035087719 0.595980944117 0.775087719298
470112173 0.551655914263 0.786736842105 0.559779555421 0.837894736842 0.600723862659 0.828
470112174 0.600851826519 0.828 0.584670590066 0.778736842105 0.551767366656 0.786666666667
470112196 0.657213714919 0.813894736842 0.685303846057 0.872210526316 0.717431030576 0.854385964912 0.682847765524 0.799649122807
470112200 0.621074244219 0.829543859649 0.642468975988 0.890596491228 0.676387654542 0.87649122807 0.648140664479 0.818245614035
470112204 0.583415718668 0.84098245614 0.597842611883 0.904070175439 0.633127614229 0.893824561404 0.611571895669 0.832842105263
470112228 0.713460023058 0.871368421053 0.748625317278 0.934035087719 0.774915698648 0.917894736842 0.734829987629 0.858245614035
470112232 0.68366508308 0.886947368421 0.713806763839 0.952210526316 0.741281842878 0.938175438596 0.705996840531 0.87550877193
470112236 0.652739107696 0.900210526316 0.677667293139 0.967578947368 0.706161955189 0.955719298246 0.675896438436 0.890526315789
470112240 0.620867850897 0.910947368421 0.640433937832 0.980070175439 0.669766556769 0.970526315789 0.644710407466 0.903157894737
470112244 0.588249450271 0.919157894737 0.602333730572 0.989614035088 0.632330936006 0.982385964912 0.612632757345 0.913263157895
470112325 0.638679594594 0.573543859649 0.665692352591 0.589192982456 0.680424707922 0.553473684211
470112326 0.680399940724 0.553543859649 0.650229364899 0.545614035088 0.638642443796 0.573614035088
470112356 0.677266890094 0.56898245614 0.71323711827 0.583929824561 0.722000578727 0.556912280702 0.684098509056 0.547929824561
470112360 0.664288878 0.595859649123 0.697485179928 0.616280701754 0.71035999536 0.590947368421 0.674331977054 0.576140350877
470112388 0.73039665907 0.576631578947 0.768591807258 0.590035087719 0.775489472083 0.566035087719 0.736014685298 0.557052631579
470112392 0.720370071482 0.601964912281 0.756827387898 0.61950877193 0.766366887246 0.596421052632 0.72813458826 0.583157894737
470112396 0.707565429779 0.625964912281 0.741830849115 0.64750877193 0.753896602725 0.625614035088 0.717385624045 0.608140350877
470112421 0.778907345497 0.584070175439 0.828189942949 0.600140350877 0.838006009348 0.559157894737
470112422 0.83802664868 0.559087719298 0.786812209734 0.551087719298 0.778936240562 0.584
470112425 0.762317450266 0.626666666667 0.808483508554 0.650245614035 0.824582187678 0.611298245614
470112426 0.824623466343 0.611228070175 0.775287206627 0.595298245614 0.762362856797 0.626596491228
470112429 0.739267444054 0.666175438596 0.781185927773 0.696631578947 0.803166816577 0.660701754386
470112430 0.803228734574 0.660631578947 0.756984246823 0.637192982456 0.739329362051 0.666105263158
470112452 0.833122743347 0.610736842105 0.894182143758 0.632140350877 0.90432018374 0.596842105263 0.841213361573 0.582596491228
470112456 0.818629804269 0.647368421053 0.876911150564 0.675438596491 0.890933512868 0.641473684211 0.829820450193 0.620280701754
470112460 0.800124579009 0.682105263158 0.854897238829 0.716561403509 0.87263468093 0.684350877193 0.814274905173 0.656421052632
470112484 0.913525325905 0.611578947368 0.982716623207 0.631157894737 0.989890855083 0.601122807018 0.919358001188 0.587228070175
470112488 0.903494610451 0.643719298246 0.970939820248 0.668561403509 0.980446296664 0.639228070175 0.911221976431 0.619859649123
470112492 0.890974791532 0.674947368421 0.95626112718 0.705052631579 0.968042058006 0.67649122807 0.900547313812 0.651719298246
470112496 0.876040170745 0.705052631579 0.938771357065 0.740210526316 0.952748312838 0.712701754386 0.88740418706 0.682736842105
470112500 0.858789816884 0.733964912281 0.918573706564 0.773894736842 0.934668257822 0.74750877193 0.871871025639 0.712561403509
470114629 0.656875229871 0.494315789474 0.688081900173 0.494385964912 0.683029391647 0.456140350877
470114630 0.68305003098 0.456210526316 0.652920733819 0.464350877193 0.656879357737 0.494385964912
470114633 0.652999163281 0.535157894737 0.683132588308 0.543228070175 0.688139690303 0.50498245614
470114634 0.688139690303 0.505052631579 0.656928892134 0.505122807018 0.652982651816 0.535228070175
470114660 0.689270725708 0.48098245614 0.728105693195 0.477964912281 0.723659981037 0.449894736842 0.68579919003 0.459087719298
470114664 0.689914672873 0.510807017544 0.728745512493 0.513894736842 0.728733128894 0.485473684211 0.689910545006 0.488631578947
470114668 0.685885875225 0.540421052632 0.723750794098 0.549543859649 0.728179994791 0.521473684211 0.689340899437 0.518526315789
470114692 0.740840161168 0.469052631579 0.78106209178 0.464561403509 0.776868179475 0.439929824561 0.737426415621 0.44898245614
470114696 0.742788514129 0.496210526316 0.783262244593 0.496280701754 0.78185051427 0.471298245614 0.741640967258 0.475929824561
470114700 0.741686373789 0.523438596491 0.781900048668 0.528 0.783287011792 0.50301754386 0.742817409194 0.503087719298
470114704 0.737541995881 0.550315789474 0.776992015468 0.559368421053 0.781161160574 0.534736842105 0.740935102097 0.530315789474
470114725 0.791249666159 0.493754385965 0.843083285072 0.493824561404 0.839772736185 0.451859649123
470114726 0.839752096853 0.451719298246 0.788570680838 0.459929824561 0.791245538292 0.493684210526
470114729 0.788636726701 0.539438596491 0.839826398449 0.547578947368 0.843116308003 0.505614035088
470114730 0.84312043587 0.505473684211 0.791286816957 0.505543859649 0.788653238167 0.539298245614
470114756 0.848197711593 0.455228070175 0.912493359295 0.448 0.906318071098 0.411789473684 0.843273166928 0.426315789474
470114760 0.85102117224 0.494526315789 0.915717222986 0.494526315789 0.913632650433 0.457824561404 0.849357642064 0.465263157895
470114764 0.849427815793 0.533824561404 0.913715207762 0.541122807018 0.915746118051 0.504421052632 0.851050067305 0.504561403509
470114768 0.843442409452 0.572771929825 0.90651208082 0.587157894737 0.912633706754 0.550947368421 0.848325675453 0.543859649123
470114788 0.92477376196 0.444842105263 0.996161084209 0.436421052632 0.991310841139 0.405964912281 0.920831649508 0.420070175439
470114792 0.927791232329 0.478315789474 0.999620236287 0.47550877193 0.997176539354 0.444771929825 0.925801600704 0.453333333333
470114796 0.928166868175 0.512 1.0 0.514807017544 0.999975232801 0.483929824561 0.928146228843 0.486877192982
470114800 0.925908925232 0.545543859649 0.99729624748 0.553964912281 0.999690410017 0.523228070175 0.927853150326 0.520561403509
470114804 0.921021531364 0.578807017544 0.991525490194 0.592842105263 0.996326198867 0.562385964912 0.924922365152 0.554035087719
470114885 0.606919790189 0.385052631579 0.629041026452 0.36301754386 0.598416385318 0.33950877193
470114886 0.598494814781 0.339578947368 0.582924502561 0.366596491228 0.606977580319 0.385122807018
470114889 0.633024417568 0.416631578947 0.660086709962 0.401122807018 0.636586766308 0.370456140351
470114890 0.636652812171 0.370526315789 0.614614133237 0.392631578947 0.633061568366 0.416701754386
470114916 0.62037663479 0.352701754386 0.645742374076 0.323157894737 0.622758413727 0.306456140351 0.602449310832 0.339649122807
470114920 0.64193235335 0.373333333333 0.671611713069 0.348140350877 0.651525514962 0.328 0.626267100203 0.357684210526
470114924 0.660000024767 0.397122807018 0.693254116824 0.376842105263 0.676556897066 0.353824561404 0.646976606143 0.379157894737
470114948 0.648421359397 0.307789473684 0.673704541355 0.276210526316 0.65332526473 0.261754385965 0.631835592033 0.296070175439
470114952 0.669007029344 0.325614035088 0.697666806051 0.297052631579 0.679033616932 0.280421052632 0.653837120169 0.312070175439
470114956 0.687462720206 0.345684210526 0.719144095149 0.32049122807 0.702492281922 0.301824561404 0.673910934677 0.330456140351
470114960 0.703565527197 0.367649122807 0.737863969464 0.346105263158 0.723404053317 0.325754385965 0.691792852104 0.35101754386
470114981 0.70154287264 0.289614035088 0.738251988909 0.253052631579 0.706232128918 0.225684210526
470114982 0.706124804391 0.225614035088 0.675714812312 0.267578947368 0.701464443178 0.289543859649
470114985 0.731969376184 0.323789473684 0.7739497779 0.293333333333 0.746602662722 0.261333333333
470114986 0.746507721793 0.261192982456 0.709910057918 0.297964912281 0.731899202455 0.323649122807
470115012 0.714558035532 0.222105263158 0.754949208667 0.171578947368 0.724976770432 0.150315789474 0.690645305233 0.205192982456
470115016 0.744319952579 0.247859649123 0.790114502887 0.202175438596 0.762709597578 0.177684210526 0.722454644036 0.228350877193
470115020 0.771010736993 0.276842105263 0.821630763172 0.236561403509 0.797140131572 0.209122807018 0.751469417257 0.254947368421
470115024 0.794291903727 0.308561403509 0.849105842211 0.274175438596 0.827830818568 0.244280701754 0.777318116917 0.284701754386
470115044 0.761368040985 0.160631578947 0.805899464162 0.104210526316 0.780921744321 0.0860350877193 0.741067193823 0.145894736842
470115048 0.78718784558 0.182175438596 0.83600812199 0.129403508772 0.812528817668 0.109403508772 0.768104719018 0.165894736842
470115052 0.811232667605 0.205684210526 0.864044590864 0.156912280702 0.842212305252 0.135087719298 0.793491097637 0.188
470115056 0.833366287467 0.23101754386 0.889839628261 0.186526315789 0.869782325219 0.163087719298 0.817065342887 0.211929824561
470115060 0.853440101975 0.258035087719 0.913228119522 0.218105263158 0.895073762909 0.193122807018 0.838687107311 0.237754385965
470115141 0.494352872314 0.343087719298 0.494410662444 0.311929824561 0.456132956927 0.316912280702
470115142 0.456219642122 0.316912280702 0.464351539013 0.347087719298 0.49442717391 0.343087719298
470115145 0.535140320628 0.34701754386 0.543284601118 0.316842105263 0.505002767734 0.311789473684
470115146 0.505097708663 0.311859649123 0.505143115193 0.34301754386 0.535214622224 0.34701754386
470115172 0.480986840775 0.310736842105 0.478006521203 0.271859649123 0.449937029397 0.276350877193 0.459096765032 0.314175438596
470115176 0.510827187284 0.310105263158 0.513960237914 0.271228070175 0.48553987746 0.271228070175 0.48866054449 0.310035087719
470115180 0.540399222475 0.314105263158 0.549575469576 0.276280701754 0.52150597777 0.271789473684 0.518509146733 0.310666666667
470115204 0.469073818223 0.259157894737 0.4645868274 0.218947368421 0.439951720474 0.223087719298 0.449020643047 0.262526315789
470115208 0.496231051545 0.257192982456 0.496280585942 0.216701754386 0.471331761167 0.218105263158 0.47592194865 0.258315789474
470115212 0.523437819265 0.258315789474 0.528019751015 0.218105263158 0.50307092624 0.216701754386 0.50312871637 0.257192982456
470115216 0.5503473806 0.262456140351 0.559408047441 0.22301754386 0.534772940515 0.218807017544 0.530294205425 0.25901754386
470115237 0.493795610344 0.208701754386 0.493865784074 0.156912280702 0.451872998759 0.160210526316
470115238 0.451740907033 0.160210526316 0.459930594054 0.211438596491 0.49368415795 0.208771929825
470115241 0.539429173861 0.211368421053 0.547610605149 0.160140350877 0.505621947701 0.156842105263
470115242 0.505485728108 0.156842105263 0.505564157571 0.208701754386 0.539317721467 0.211368421053
470115268 0.455249593508 0.151789473684 0.4480547223 0.0875087719298 0.411836822137 0.0936842105263 0.426350400548 0.156701754386
470115272 0.494513859105 0.14898245614 0.494567521369 0.0842807017544 0.457883172298 0.0863157894737 0.465243158165 0.150596491228
470115276 0.533848298432 0.150526315789 0.541146366301 0.0862456140351 0.504466145097 0.0842105263158 0.504577597491 0.148912280702
470115280 0.572753439648 0.156561403509 0.587209227928 0.0934736842105 0.550987199899 0.0873684210526 0.543850118821 0.151649122807
470115300 0.444872137273 0.0752280701754 0.436443033998 0.00378947368421 0.40596286819 0.00863157894737 0.420100810754 0.0791578947368
470115304 0.478365645584 0.0722105263158 0.475566952136 0.000350877192982 0.444801963544 0.00280701754386 0.453363158544 0.0741754385965
470115308 0.511995373487 0.0717894736842 0.514843601332 0.0 0.483979543945 0.0 0.486914456985 0.0718596491228
470115312 0.545550799795 0.0741052631579 0.554029437467 0.00266666666667 0.523260321008 0.000280701754386 0.520544184889 0.0721403508772
470115316 0.578825531184 0.0789473684211 0.592876788553 0.00849122807018 0.562392494878 0.00364912280702 0.554050076799 0.0750175438596
470115397 0.385075863993 0.393052631579 0.363020673594 0.370947368421 0.33956613647 0.401614035088
470115398 0.339611543001 0.401543859649 0.36669034686 0.417052631579 0.385129526257 0.39298245614
470115401 0.416674681607 0.366947368421 0.401100241521 0.339859649123 0.370492111854 0.363438596491
470115402 0.370558157717 0.363368421053 0.392687649713 0.385403508772 0.41674072747 0.366877192982
470115428 0.35273403042 0.379578947368 0.323133100164 0.354245614035 0.306452391872 0.377263157895 0.339727123261 0.397543859649
470115432 0.373381618363 0.358035087719 0.348110820005 0.328350877193 0.328032877631 0.34849122807 0.357724620948 0.373684210526
470115436 0.39714574547 0.34 0.376832514709 0.306736842105 0.353852682226 0.323438596491 0.379222549379 0.35298245614
470115460 0.307839354996 0.35150877193 0.276203386584 0.326315789474 0.26176410977 0.346666666667 0.296087319236 0.368140350877
470115464 0.325667610159 0.330947368421 0.297057367849 0.302315789474 0.280426193954 0.32098245614 0.312128208229 0.346105263158
470115468 0.345687762403 0.31249122807 0.320470626309 0.280842105263 0.301849820789 0.297543859649 0.330534364695 0.326035087719
470115472 0.367648011875 0.296421052632 0.346137699845 0.262105263158 0.325766678954 0.276561403509 0.351066372377 0.308210526316
470115493 0.289680870517 0.298385964912 0.253050183711 0.261754385965 0.225715452131 0.293754385965
470115494 0.225637022669 0.293894736842 0.267642191583 0.324280701754 0.289602441055 0.298456140351
470115497 0.323801814528 0.268 0.29336705525 0.226035087719 0.261351323126 0.253403508772
470115498 0.261256382198 0.253473684211 0.297986137799 0.290105263158 0.323711001466 0.268070175439
470115524 0.222148975525 0.285403508772 0.171572704731 0.245052631579 0.150348453846 0.27501754386 0.20521522902 0.309333333333
470115528 0.24792337359 0.255649122807 0.202183723905 0.209894736842 0.177732719822 0.237263157895 0.228410948918 0.277543859649
470115532 0.276863845215 0.228912280702 0.236542845809 0.178385964912 0.209171789005 0.202877192982 0.25502330387 0.24849122807
470115536 0.308611266021 0.205684210526 0.274213754959 0.150877192982 0.244266083922 0.172140350877 0.284715047188 0.222666666667
470115556 0.160672247817 0.238596491228 0.104207575543 0.194105263158 0.0860965615285 0.219087719298 0.145953101658 0.258877192982
470115560 0.182226728018 0.212771929825 0.129429665077 0.164 0.10941240234 0.18750877193 0.165958393583 0.231859649123
470115564 0.205737816912 0.188701754386 0.156934464754 0.135929824561 0.135134789287 0.157824561404 0.188020601356 0.206456140351
470115568 0.23106516704 0.166596491228 0.186556447129 0.110175438596 0.163108514591 0.130245614035 0.212006807677 0.182877192982
470115572 0.258049029972 0.146526315789 0.218107794279 0.0867368421053 0.193158556716 0.104912280702 0.237768822142 0.161263157895
470115653 0.343078950812 0.505614035088 0.31187228051 0.505614035088 0.317027985696 0.543859649123
470115654 0.317007346364 0.543789473684 0.347116004192 0.535578947368 0.343078950812 0.505543859649
470115657 0.346983912466 0.464771929825 0.316833975973 0.456701754386 0.311892919842 0.49501754386
470115658 0.311897047709 0.494947368421 0.343103718011 0.494807017544 0.347000423932 0.464701754386
470115684 0.31071235004 0.518947368421 0.271881510419 0.522035087719 0.276393268441 0.550105263158 0.314233420115 0.540842105263
470115688 0.310076658608 0.489122807018 0.271241691121 0.486105263158 0.271303609117 0.514526315789 0.310122065139 0.511298245614
470115692 0.314117839854 0.45950877193 0.276240537382 0.450456140351 0.271848487488 0.478526315789 0.310691710708 0.481473684211
470115716 0.259138786713 0.530877192982 0.218925111834 0.535438596491 0.22316443067 0.560070175439 0.262589683058 0.550947368421
470115720 0.257194561619 0.503719298246 0.216724959021 0.503719298246 0.218173840142 0.528701754386 0.258379259287 0.524
470115724 0.258309085558 0.47649122807 0.218087154946 0.472 0.216733214753 0.49698245614 0.257206945218 0.496842105263
470115728 0.262457591332 0.449614035088 0.222995188146 0.440631578947 0.218850810238 0.465263157895 0.259085124449 0.469684210526
470115749 0.208737950242 0.506175438596 0.156903505756 0.506175438596 0.160272257559 0.548140350877
470115750 0.160290832958 0.548280701754 0.211461929307 0.54 0.208740014175 0.506245614035
470115753 0.211362860512 0.46049122807 0.160164107458 0.452421052632 0.156917127715 0.494385964912
470115754 0.156914650995 0.494526315789 0.208749095481 0.494385964912 0.211346349047 0.460631578947
470115780 0.151781649074 0.544701754386 0.0874950826791 0.552 0.0937166029806 0.588210526316 0.156746234044 0.573614035088
470115784 0.148965205801 0.505403508772 0.0842679166947 0.505473684211 0.0863933551257 0.542175438596 0.150661346122 0.534666666667
470115788 0.150564754047 0.466105263158 0.086271170279 0.458877192982 0.0842736957077 0.495578947368 0.148970572027 0.495368421053
470115792 0.156555526615 0.427157894737 0.0934763611536 0.412842105263 0.087380327992 0.449052631579 0.151691661586 0.456070175439
470115812 0.0752212846003 0.555087719298 0.0038397413644 0.563578947368 0.00872094343213 0.594035087719 0.0791885770378 0.579859649123
470115816 0.0722091804575 0.521614035088 0.000380176499313 0.52449122807 0.00285400685804 0.555228070175 0.0742194514148 0.546596491228
470115820 0.0718331318247 0.487929824561 0.0 0.485192982456 5.11855438815e-05 0.516070175439 0.0718748232757 0.513052631579
470115824 0.0740980921414 0.454385964912 0.00270416530619 0.445964912281 0.000331880461941 0.476771929825 0.0721699657263 0.479438596491
470115828 0.0789871371554 0.421122807018 0.00847327144561 0.407157894737 0.00369237653242 0.437614035088 0.0751011636868 0.445894736842
470115909 0.392993111829 0.614947368421 0.370962688628 0.637052631579 0.40168227069 0.660421052632
470115910 0.401607969094 0.660350877193 0.417062701053 0.633263157895 0.392939449566 0.614877192982
470115913 0.366896740183 0.583298245614 0.339896365785 0.598947368421 0.3635118897 0.629473684211
470115914 0.363449971703 0.629403508772 0.385401965442 0.607228070175 0.366859589385 0.583228070175
470115940 0.379561034427 0.647228070175 0.354294363935 0.676912280702 0.377336114415 0.693543859649 0.397529637049 0.660210526316
470115944 0.358005315866 0.626596491228 0.328412641343 0.651929824561 0.348564885313 0.672 0.373724231278 0.642245614035
470115948 0.339950028049 0.602807017544 0.306757853988 0.623228070175 0.323525247476 0.646175438596 0.353027108937 0.620701754386
470115972 0.351520437686 0.692140350877 0.32632806879 0.723789473684 0.346744496212 0.738245614035 0.368143355848 0.703859649123
470115976 0.330938895606 0.674315789474 0.302357548361 0.702947368421 0.321032016145 0.719578947368 0.346141827712 0.687859649123
470115980 0.31248733261 0.654315789474 0.28087200353 0.679578947368 0.297573351155 0.698175438596 0.326080396804 0.669403508772
470115984 0.296388653486 0.632350877193 0.262143873483 0.653894736842 0.276657451893 0.674245614035 0.308202607243 0.648912280702
470116005 0.298398924443 0.710315789474 0.261772365503 0.74701754386 0.29385414349 0.774245614035
470116006 0.293961468018 0.774385964912 0.324276519168 0.732280701754 0.298481481772 0.710385964912
470116009 0.267984804498 0.676210526316 0.226066320779 0.706666666667 0.253487737554 0.738666666667
470116010 0.253578550615 0.738736842105 0.290097785028 0.701964912281 0.268050850361 0.676280701754
470116036 0.285379633685 0.777824561404 0.245087529344 0.828421052632 0.275097118378 0.849684210526 0.309325386915 0.794736842105
470116040 0.255621844504 0.752070175439 0.209912328245 0.797824561404 0.237360163364 0.822245614035 0.277524303846 0.771578947368
470116044 0.228935187956 0.723087719298 0.178387812227 0.76350877193 0.202927152651 0.790807017544 0.248517786357 0.744912280702
470116048 0.205659800236 0.691368421053 0.150906128602 0.725824561404 0.172229035495 0.755719298246 0.222673214564 0.715228070175
470116068 0.238586139698 0.839298245614 0.194143052863 0.895789473684 0.219148016622 0.913894736842 0.258907626192 0.854035087719
470116072 0.212770462969 0.817754385965 0.164030267168 0.870596491228 0.187538466555 0.890596491228 0.231878356729 0.834035087719
470116076 0.188724815371 0.794245614035 0.135987606494 0.843087719298 0.157854153397 0.864842105263 0.206496105977 0.811929824561
470116080 0.166598625668 0.768912280702 0.110190917951 0.813473684211 0.130280831138 0.836912280702 0.18292640138 0.787929824561
470116084 0.146526875094 0.741894736842 0.0867954093172 0.781894736842 0.104984852794 0.806877192982 0.161309590396 0.762175438596
470116165 0.505609564101 0.656912280702 0.505646714899 0.688140350877 0.543912036817 0.682947368421
470116166 0.543821223756 0.682947368421 0.535598513803 0.652842105263 0.505535262505 0.656912280702
470116169 0.464801476455 0.653052631579 0.456764520493 0.683157894737 0.495066993208 0.688070175439
470116170 0.494976180147 0.688070175439 0.494811065489 0.656842105263 0.464727174859 0.65298245614
470116196 0.518979723507 0.689263157895 0.522063239739 0.728140350877 0.550120347946 0.723578947368 0.540861543517 0.685754385965
470116200 0.489131121265 0.689894736842 0.486105395163 0.728771929825 0.514525755616 0.728701754386 0.511293636192 0.689894736842
470116204 0.459550830341 0.685894736842 0.450494291367 0.723789473684 0.478576166772 0.728140350877 0.481449161816 0.689263157895
470116228 0.530892746059 0.740842105263 0.53546229421 0.781052631579 0.560089145404 0.776842105263 0.550941793368 0.737403508772
470116232 0.503727257004 0.742807017544 0.503768535668 0.783298245614 0.528713232578 0.781824561404 0.524036359899 0.741614035088
470116236 0.476520489284 0.741684210526 0.472029370595 0.781894736842 0.496982323238 0.783228070175 0.496829592179 0.742807017544
470116240 0.449602672216 0.737543859649 0.44064107417 0.77698245614 0.465288564695 0.781122807018 0.469664103124 0.740912280702
470116261 0.506175081804 0.791228070175 0.506199849003 0.843087719298 0.548184378585 0.839719298246
470116262 0.548316470311 0.839719298246 0.540031842362 0.788561403509 0.506286534198 0.791228070175
470116265 0.460533262554 0.788631578947 0.452450900061 0.839859649123 0.494451941109 0.843087719298
470116266 0.494579904968 0.843087719298 0.494398278845 0.791228070175 0.460640587082 0.788631578947
470116292 0.544716970773 0.848210526316 0.551998527177 0.91249122807 0.588208171607 0.906245614035 0.573607908001 0.843228070175
470116296 0.505444449444 0.85101754386 0.505489855975 0.915719298246 0.542165949312 0.913614035088 0.534711022518 0.849333333333
470116300 0.466105882251 0.849403508772 0.458906883176 0.913754385965 0.495595360113 0.915719298246 0.495376583192 0.85101754386
470116304 0.427192485302 0.843438596491 0.412844021549 0.906526315789 0.449078433177 0.912631578947 0.456104061862 0.848280701754
470116324 0.555102682742 0.924771929825 0.563614343345 0.996140350877 0.59408625342 0.991298245614 0.579869881394 0.920842105263
470116328 0.521600918698 0.927789473684 0.524490425207 0.999649122807 0.555251285934 0.997122807018 0.546603405737 0.925754385965
470116332 0.487971190795 0.928140350877 0.485213776011 1.0 0.516077833398 0.999929824561 0.513052107296 0.928140350877
470116336 0.454411636621 0.925894736842 0.446032067743 0.997333333333 0.476805312069 0.999649122807 0.479422379393 0.927859649123
470116340 0.421132777365 0.92098245614 0.407180588791 0.99150877193 0.437673138198 0.996280701754 0.445916487483 0.924912280702
470116421 0.61492372322 0.606947368421 0.636987169353 0.629052631579 0.660433450744 0.598315789474
470116422 0.660388044213 0.598456140351 0.633305112486 0.582947368421 0.614874188823 0.60701754386
470116425 0.583324905606 0.633052631579 0.59893649649 0.660070175439 0.629511603226 0.63649122807
470116426 0.629445557363 0.636561403509 0.607291298169 0.614596491228 0.583258859743 0.633122807018
470116452 0.647277940393 0.620421052632 0.676887126382 0.645684210526 0.693559578941 0.622666666667 0.660284847552 0.602456140351
470116456 0.626626224583 0.641964912281 0.651917662274 0.671578947368 0.671983221048 0.651438596491 0.642274966265 0.626245614035
470116460 0.60285796961 0.66 0.623212479036 0.693263157895 0.646171672186 0.67649122807 0.620764654235 0.646947368421
470116484 0.692164360084 0.648421052632 0.723808584228 0.673684210526 0.738243733176 0.653263157895 0.703916395844 0.631859649123
470116488 0.67433610492 0.669052631579 0.702954602963 0.697614035088 0.719581648992 0.67901754386 0.687867251118 0.653824561404
470116492 0.65431182481 0.68750877193 0.679553728103 0.719087719298 0.698162150024 0.702456140351 0.669456966786 0.673894736842
470116496 0.632347447472 0.703578947368 0.653890782433 0.737824561404 0.674245291859 0.723368421053 0.64891670337 0.691789473684
470116517 0.710331100295 0.701543859649 0.746974170701 0.738245614035 0.774296518681 0.706175438596
470116518 0.774374948144 0.706035087719 0.732361523496 0.675719298246 0.710409529758 0.701473684211
470116521 0.676206028419 0.732 0.706669682761 0.773894736842 0.73866890342 0.746526315789
470116522 0.738763844348 0.746456140351 0.702009321548 0.709894736842 0.67629684148 0.731929824561
470116548 0.777854739554 0.714596491228 0.828437614935 0.754947368421 0.849658976314 0.724912280702 0.794791375566 0.690666666667
470116552 0.75208034149 0.744350877193 0.797829485267 0.790105263158 0.822274710337 0.762666666667 0.771584510429 0.722456140351
470116556 0.723135741998 0.77101754386 0.763481508603 0.821614035088 0.790841007381 0.797122807018 0.744963899744 0.751438596491
470116560 0.691384193326 0.794315789474 0.725818855186 0.849122807018 0.755750014757 0.827789473684 0.715263900693 0.777333333333
470116580 0.839339310209 0.761403508772 0.895808523136 0.805894736842 0.913917473217 0.780842105263 0.854059281941 0.741052631579
470116584 0.817783591648 0.787228070175 0.870591387042 0.836 0.890603283553 0.81249122807 0.834051513296 0.768070175439
470116588 0.794271264394 0.811228070175 0.843091540805 0.864 0.864882547752 0.842175438596 0.811979811431 0.793473684211
470116592 0.768942675906 0.833403508772 0.813474099083 0.889824561404 0.836912124741 0.869754385965 0.78798865167 0.817052631579
470116596 0.741950557241 0.853473684211 0.781924815866 0.913192982456 0.806865384909 0.89501754386 0.762222509338 0.838666666667
