# Xscale/Yscale
# 142.5/242.2514
470176132 0.391438596491 0.717149209458 0.373894736842 0.753640226641 0.352070175439 0.741557737128 0.373614035088 0.707312321002
470176136 0.416421052632 0.727952036603 0.403087719298 0.766168534011 0.38 0.756604089801 0.397614035088 0.720162607935
470176140 0.442456140351 0.735877687394 0.433543859649 0.775344951567 0.409473684211 0.768418263011 0.422947368421 0.730238917092
470176165 0.362456140351 0.756744439867 0.338947368421 0.802973274871 0.30301754386 0.780979593926
470176166 0.302947368421 0.78090529095 0.333473684211 0.739002540336 0.362315789474 0.756690776606
470176169 0.404280701754 0.775117914695 0.388350877193 0.824438579096 0.349403508772 0.808323089154
470176170 0.349333333333 0.808265297951 0.372912280702 0.762114893866 0.404210526316 0.775076635264
470176173 0.44849122807 0.78671330692 0.44049122807 0.837920441327 0.39950877193 0.828083552871
470176174 0.399368421053 0.82804227344 0.41550877193 0.778771144357 0.448421052632 0.786692667204
470176196 0.342947368421 0.813949475627 0.314947368421 0.872273183973 0.282807017544 0.854498260898 0.317333333333 0.799765863066
470176200 0.379087719298 0.829565484451 0.357824561404 0.890654914688 0.323859649123 0.876586884534 0.352070175439 0.818337479164
470176204 0.416771929825 0.841032910439 0.402456140351 0.904120265146 0.367157894737 0.893932501525 0.388631578947 0.832904990436
470176228 0.286736842105 0.871447595349 0.251649122807 0.93419645872 0.225333333333 0.918068584949 0.265403508772 0.858337247999
470176232 0.316561403509 0.887038836514 0.286526315789 0.952342896677 0.25901754386 0.93832440184 0.294245614035 0.875645713503
470176236 0.34750877193 0.900239998613 0.322666666667 0.967698845084 0.294175438596 0.955880543931 0.324350877193 0.890634274972
470176240 0.379368421053 0.910976778669 0.359929824561 0.980177617137 0.330526315789 0.970625556756 0.35550877193 0.903216245603
470176244 0.412 0.919179001649 0.398035087719 0.989688398086 0.368 0.982468625568 0.387578947368 0.913309066532
470176388 0.269684210526 0.576716584507 0.23150877193 0.590190190851 0.224561403509 0.56619032955 0.264 0.557174901776
470176392 0.279719298246 0.60202913172 0.243298245614 0.619688472389 0.233684210526 0.596613270346 0.271859649123 0.583246990523
470176396 0.29249122807 0.626057888623 0.258315789474 0.647680054687 0.246175438596 0.625822595865 0.282666666667 0.608266453775
470176421 0.221192982456 0.58420880127 0.171929824561 0.600369698586 0.162035087719 0.559424630776
470176422 0.162035087719 0.559292536596 0.213192982456 0.551189384251 0.221122807018 0.584101474749
470176425 0.237754385965 0.626796790442 0.191649122807 0.650454032464 0.17550877193 0.611560552385
470176426 0.175438596491 0.611436714091 0.224771929825 0.595428550671 0.237754385965 0.626693591864
470176429 0.260842105263 0.666268182557 0.21901754386 0.696839729306 0.196912280702 0.660951391819
470176430 0.196842105263 0.660835809411 0.243087719298 0.637318917455 0.260771929825 0.666173239866
470176452 0.166947368421 0.610900081486 0.105894736842 0.632398409256 0.0957192982456 0.597100367635 0.158807017544 0.582735125576
470176456 0.181473684211 0.64749842519 0.123228070175 0.675688148758 0.109122807018 0.641756456309 0.170245614035 0.620419118321
470176460 0.2 0.68223919449 0.145263157895 0.716765310747 0.12750877193 0.68462101767 0.185824561404 0.65658815594
470176484 0.0865263157895 0.611812356915 0.0174035087719 0.631436598509 0.0101754385965 0.601430579968 0.080701754386 0.587428596904
470176488 0.0965614035088 0.643915370561 0.0291929824561 0.668897682325 0.019649122807 0.63954800674 0.0888421052632 0.620064115213
470176492 0.109122807018 0.67512262055 0.0438596491228 0.705314396532 0.0320701754386 0.676806821343 0.0995087719298 0.651952475816
470176496 0.124070175439 0.705256605328 0.0614035087719 0.740467960144 0.0473684210526 0.712975858963 0.112701754386 0.682912049218
470176500 0.141333333333 0.734119183625 0.0816140350877 0.774139592176 0.0654736842105 0.747828082727 0.128210526316 0.712736438262
470176644 0.282877192982 0.39133478692 0.246315789474 0.373881843407 0.258385964912 0.351991361041 0.292701754386 0.373518584413
470176648 0.272070175439 0.416333610456 0.233824561404 0.40308291304 0.243368421053 0.379978815396 0.279789473684 0.3975267016
470176652 0.264140350877 0.442380931545 0.224631578947 0.433493470007 0.23150877193 0.409468841047 0.269754385965 0.422822737041
470176677 0.243298245614 0.362364882102 0.197052631579 0.338963572553 0.21901754386 0.303013315919
470176678 0.219087719298 0.302901861455 0.26098245614 0.333374337568 0.243368421053 0.362261683524
470176681 0.224912280702 0.404213969455 0.175578947368 0.388346156101 0.191649122807 0.349399012761
470176682 0.191719298246 0.349279302411 0.237894736842 0.372812706139 0.22498245614 0.404106642934
470176685 0.213333333333 0.448432496159 0.162105263158 0.440477949766 0.171859649123 0.399499858412
470176686 0.171929824561 0.399371892175 0.221192982456 0.415388311481 0.213333333333 0.448321041695
470176708 0.186035087719 0.342880990574 0.127719298246 0.314938943593 0.145473684211 0.282765754914 0.200210526316 0.317209312309
470176712 0.170456140351 0.379021132592 0.109333333333 0.357791121125 0.123368421053 0.323834661017 0.181614035088 0.351925313951
470176716 0.15901754386 0.416680357678 0.0958596491228 0.402426570084 0.106035087719 0.36711201669 0.167087719298 0.388503017939
470176740 0.128561403509 0.286679044992 0.0658245614035 0.251653447617 0.0818947368421 0.225329554339 0.141684210526 0.2652839158
470176744 0.11298245614 0.31648279432 0.047649122807 0.286493287552 0.0616140350877 0.258984674598 0.124350877193 0.294125854381
470176748 0.0997894736842 0.34741347212 0.0322807017544 0.322641685456 0.0440701754386 0.294117598495 0.109333333333 0.324230943557
470176752 0.0890526315789 0.379285320952 0.0197894736842 0.35988811623 0.0293333333333 0.330530184758 0.0967719298246 0.355425809717
470176756 0.0808421052632 0.411900199545 0.0103157894737 0.397993159173 0.0174736842105 0.367978884745 0.0866666666667 0.387508183647
470176900 0.423228070175 0.269593488417 0.409824561404 0.231418270441 0.433824561404 0.224487453942 0.442807017544 0.263954718115
470176904 0.397964912281 0.279640901972 0.380350877193 0.243211803936 0.403438596491 0.233630847954 0.416771929825 0.271843217418
470176908 0.373964912281 0.292454037417 0.352350877193 0.258229261007 0.374175438596 0.246126131779 0.391719298246 0.282596509246
470176933 0.415789473684 0.221119052356 0.399649122807 0.171850812833 0.440631578947 0.161994523045
470176934 0.440771929825 0.161970580975 0.448771929825 0.213176889793 0.415859649123 0.221086028811
470176937 0.373192982456 0.237734023415 0.349543859649 0.191596828749 0.38849122807 0.175445012908
470176938 0.388561403509 0.175400843917 0.404561403509 0.224714490814 0.373263157895 0.237684488098
470176941 0.333754385965 0.260805097514 0.303157894737 0.218943626332 0.339087719298 0.196894218155
470176942 0.339157894737 0.19683147342 0.362666666667 0.243030174439 0.333824561404 0.260743178368
470176964 0.389052631579 0.16688778682 0.367649122807 0.105849543078 0.402947368421 0.0956758144638 0.417263157895 0.15876977388
470176968 0.35249122807 0.181407001157 0.324350877193 0.12315883417 0.358245614035 0.109090804016 0.379578947368 0.170181472635
470176972 0.317754385965 0.19992743076 0.283228070175 0.145203701609 0.315368421053 0.127419697059 0.343438596491 0.185736800695
470176996 0.388140350877 0.0864952689644 0.368561403509 0.0173233260984 0.398596491228 0.0101208909422 0.412561403509 0.0806418456199
470177000 0.356070175439 0.0965480488451 0.331157894737 0.0291271794508 0.36049122807 0.0195895668714 0.379929824561 0.0887965972539
470177004 0.324842105263 0.109084612101 0.294666666667 0.0438313256394 0.323228070175 0.0320175652236 0.348070175439 0.0994834291979
470177008 0.294736842105 0.124033545317 0.25950877193 0.0613511418303 0.28701754386 0.0473342981712 0.317052631579 0.112641660688
470177012 0.265894736842 0.141296603446 0.225894736842 0.0815726967935 0.252210526316 0.0654394566966 0.287298245614 0.128185017713
470177156 0.608631578947 0.282761626971 0.626175438596 0.246295377447 0.648070175439 0.258415018448 0.626385964912 0.292627411028
470177160 0.583649122807 0.271975311598 0.59698245614 0.23377119802 0.620070175439 0.243360409888 0.602385964912 0.279781252038
470177164 0.557543859649 0.26405378875 0.566526315789 0.22459065252 0.590596491228 0.231529724906 0.577122807018 0.269700814939
470177189 0.637614035088 0.243170524505 0.661122807018 0.196978840989 0.697052631579 0.219022057251
470177190 0.697122807018 0.219096360227 0.666526315789 0.260953703467 0.637684210526 0.243224187765
470177193 0.595719298246 0.224817689392 0.611719298246 0.175508170438 0.650666666667 0.191654207158
470177194 0.650736842105 0.191711585568 0.627087719298 0.237841349936 0.595859649123 0.224850712937
470177197 0.55150877193 0.21323880894 0.559578947368 0.162034564093 0.600561403509 0.17188301079
470177198 0.600701754386 0.171920987866 0.584561403509 0.221185099446 0.551649122807 0.213259448655
470177220 0.657052631579 0.18596218639 0.685122807018 0.127666960851 0.717263157895 0.145476971444 0.682736842105 0.200173043376
470177224 0.620912280702 0.170360625367 0.642245614035 0.109286055726 0.676210526316 0.123380091921 0.648 0.181606380809
470177228 0.583298245614 0.158899804088 0.597614035088 0.0958165773242 0.632912280702 0.10601631198 0.611438596491 0.167038456744
470177252 0.713263157895 0.128479752852 0.748421052632 0.0657647386145 0.774736842105 0.0819210951928 0.734666666667 0.141610327123
470177256 0.683438596491 0.11289841875 0.713543859649 0.047617062275 0.741052631579 0.0616570224156 0.705824561404 0.124309291917
470177260 0.652561403509 0.0996997334174 0.677403508772 0.032254921953 0.705894736842 0.0440926244389 0.675719298246 0.109320317653
470177264 0.620631578947 0.0889720348365 0.640140350877 0.0197806906379 0.669543859649 0.0293422452873 0.64449122807 0.0967428877604
470177268 0.588070175439 0.0807739397997 0.602035087719 0.0102645433628 0.632070175439 0.0174909205891 0.612421052632 0.0866471772712
470177412 0.730385964912 0.423132332775 0.768631578947 0.409819716212 0.775438596491 0.433852601058 0.736 0.442694655222
470177416 0.720350877193 0.397828041448 0.756842105263 0.380313178789 0.766315789474 0.403425532319 0.728070175439 0.41664320619
470177420 0.70750877193 0.373803412488 0.741824561404 0.352309212661 0.753824561404 0.374212078857 0.717333333333 0.391631998824
470177445 0.778947368421 0.415640116012 0.828210526316 0.399664976136 0.837964912281 0.440643067491
470177446 0.837964912281 0.440775161671 0.786736842105 0.448688428632 0.778947368421 0.415747442533
470177449 0.762315789474 0.373056254783 0.80849122807 0.349551746657 0.824561403509 0.388498889996
470177450 0.824561403509 0.388626856233 0.775228070175 0.404465773985 0.762315789474 0.373155325418
470177453 0.739228070175 0.333597246497 0.781122807018 0.303149538042 0.803087719298 0.339103922619
470177454 0.803157894737 0.33922363297 0.756912280702 0.362596046917 0.739298245614 0.333692189189
470177476 0.833122807018 0.38894057991 0.894175438596 0.367623881637 0.904280701754 0.40295081886 0.841192982456 0.417130303478
470177480 0.818596491228 0.352350492092 0.876912280702 0.324321758306 0.890877192982 0.358294730185 0.829754385965 0.379458694563
470177484 0.800070175439 0.317617978678 0.854877192982 0.283228084544 0.872561403509 0.315417784995 0.814175438596 0.343302040773
470177508 0.913473684211 0.388048944196 0.982736842105 0.368602204157 0.989824561404 0.39862473447 0.919298245614 0.41244921598
470177512 0.903438596491 0.355958314379 0.970877192982 0.331136992397 0.980421052632 0.360507307698 0.911157894737 0.3798260815
470177516 0.890877192982 0.32475106439 0.956210526316 0.294707894361 0.968 0.323244365151 0.90049122807 0.34794184884
470177520 0.875929824561 0.294625335499 0.938666666667 0.259550202806 0.952631578947 0.287075327532 0.887298245614 0.316994659267
470177524 0.858666666667 0.265766885145 0.918456140351 0.225870314888 0.934526315789 0.252210719938 0.871719298246 0.287174398167
470177668 0.717263157895 0.608526514191 0.753684210526 0.626144575429 0.741543859649 0.647981394535 0.707368421053 0.626301437267
470177672 0.728070175439 0.583523562712 0.766245614035 0.596951761682 0.756561403509 0.620010451952 0.720210526316 0.60229332008
470177676 0.736 0.557463857794 0.775438596491 0.566537076772 0.768421052632 0.590528682187 0.730245614035 0.576997284639
470177701 0.756842105263 0.637545954327 0.80301754386 0.661120637487 0.78098245614 0.696988335258
470177702 0.780842105263 0.697095661779 0.73901754386 0.666466323827 0.756842105263 0.637645024962
470177705 0.775228070175 0.595672099315 0.82449122807 0.611733925996 0.808280701754 0.650615022245
470177706 0.808280701754 0.650734732596 0.762175438596 0.627023827313 0.775157894737 0.595775297893
470177709 0.786807017544 0.551441188782 0.838035087719 0.55960213233 0.828070175439 0.600538944254
470177710 0.828070175439 0.600662782547 0.778807017544 0.584452349914 0.786807017544 0.551552643246
470177732 0.814035087719 0.656976182594 0.872350877193 0.685095731129 0.854456140351 0.717215256548 0.799789473684 0.682602453484
470177736 0.829684210526 0.62082778469 0.890736842105 0.642251809484 0.876561403509 0.676162862217 0.818385964912 0.647886451843
470177740 0.841122807018 0.583156175774 0.904210526316 0.597616360525 0.893964912281 0.63289376243 0.832912280702 0.611308747855
470177764 0.87150877193 0.713194639948 0.934245614035 0.748381227105 0.918035087719 0.774667968895 0.858385964912 0.734556745596
470177768 0.887157894737 0.68339089062 0.952350877193 0.713553771 0.938315789474 0.741025232465 0.875719298246 0.705718934958
470177772 0.900350877193 0.652451956934 0.967719298246 0.677401245153 0.955859649123 0.705892308569 0.890666666667 0.675605589895
470177776 0.91101754386 0.620575980159 0.980210526316 0.640163070265 0.970596491228 0.669496234077 0.903228070175 0.644414851679
470177780 0.919228070175 0.58795284568 0.989754385965 0.602049771436 0.982456140351 0.632047534091 0.913333333333 0.612332477748
470177924 0.576842105263 0.730329731841 0.590175438596 0.768537973362 0.566175438596 0.7754151266 0.557263157895 0.735931350655
470177928 0.602175438596 0.720286446229 0.619719298246 0.756760951639 0.596561403509 0.766279988475 0.583368421053 0.728034595466
470177932 0.626175438596 0.707460926954 0.647719298246 0.741747622511 0.625824561404 0.753788832593 0.608350877193 0.717264791865
470177957 0.584350877193 0.778857831162 0.600350877193 0.828153727904 0.559368421053 0.837941081042
470177958 0.559298245614 0.837961720758 0.551298245614 0.786742202522 0.584210526316 0.778886726764
470177961 0.626947368421 0.762234604217 0.650456140351 0.808422159789 0.61150877193 0.824488114413
470177962 0.611368421053 0.824529393845 0.59550877193 0.775183961785 0.626807017544 0.762280011591
470177965 0.666385964912 0.739155274232 0.696842105263 0.781099304276 0.660912280702 0.80305170579
470177966 0.660771929825 0.803113624937 0.637403508772 0.756851766388 0.666315789474 0.739217193378
470177988 0.61101754386 0.833037084615 0.632421052632 0.894105875136 0.597052631579 0.90423171961 0.582877192982 0.841115469302
470177992 0.647649122807 0.818519108661 0.675719298246 0.876813921406 0.641754385965 0.890824160356 0.620561403509 0.829693450688
470177996 0.682385964912 0.799984644052 0.716771929825 0.85477896103 0.684561403509 0.872500220845 0.656701754386 0.814122849238
470178020 0.611929824561 0.913445288655 0.631438596491 0.982637871236 0.601403508772 0.989808108436 0.58750877193 0.919269816397
470178024 0.644 0.903389619214 0.668912280702 0.970844337742 0.63950877193 0.980342734861 0.620140350877 0.911113000792
470178028 0.675228070175 0.890848928014 0.705333333333 0.956144732291 0.676771929825 0.967917626069 0.652070175439 0.900413372224
470178032 0.705403508772 0.875897518033 0.74049122807 0.938638125518 0.712912280702 0.952607085036 0.68301754386 0.887249361614
470178036 0.734245614035 0.858622076075 0.774105263158 0.918419460115 0.747789473684 0.934506054454 0.712842105263 0.871695271937
470180228 0.469263157895 0.740864242683 0.464771929825 0.781086920447 0.440140350877 0.776880546408 0.449192982456 0.737442177837
470180232 0.496421052632 0.742796120064 0.496421052632 0.783266474415 0.47150877193 0.781842334038 0.476140350877 0.741636168047
470180236 0.523649122807 0.741673319535 0.528140350877 0.781891869356 0.503228070175 0.783262346471 0.503298245614 0.742791992121
470180240 0.550526315789 0.73751235287 0.559578947368 0.776971361156 0.534877192982 0.781119943992 0.530526315789 0.740889010342
470180261 0.494035087719 0.791270556125 0.494035087719 0.843105137886 0.452070175439 0.839778015731
470180262 0.451929824561 0.839761503958 0.460140350877 0.78857913721 0.493894736842 0.791266428182
470180265 0.539649122807 0.788632800471 0.547789473684 0.839823423105 0.505754385965 0.843096881999
470180266 0.505684210526 0.843096881999 0.505754385965 0.791262300239 0.53950877193 0.7886451843
470180292 0.45550877193 0.848232043241 0.448280701754 0.912528885282 0.412070175439 0.906349354431 0.426596491228 0.843303279155
470180296 0.494736842105 0.851030788677 0.494807017544 0.9157280412 0.458105263158 0.913635174038 0.465473684211 0.849358971713
470180300 0.534105263158 0.849412634973 0.541403508772 0.913705349071 0.504701754386 0.915723913257 0.504842105263 0.851026660733
470180304 0.573052631579 0.843398221847 0.587438596491 0.906473192725 0.551228070175 0.912586676486 0.544140350877 0.848273322672
470180324 0.445122807018 0.924813644008 0.436701754386 0.996206420272 0.406245614035 0.991356087106 0.420350877193 0.920871458328
470180328 0.478666666667 0.927810530713 0.475859649123 0.999644996892 0.445052631579 0.997197126621 0.453684210526 0.925820862129
470180332 0.512280701754 0.928169661765 0.515087719298 1.0 0.484280701754 0.999971104398 0.487228070175 0.928144894106
470180336 0.545824561404 0.925886909219 0.554315789474 0.997275557541 0.52350877193 0.999665636607 0.520842105263 0.927831170429
470180340 0.579157894737 0.920978784849 0.593122807018 0.991484053343 0.562666666667 0.996280723249 0.554385964912 0.924871435212
470180484 0.307929824561 0.648526283027 0.276350877193 0.67383883024 0.261894736842 0.653471558885 0.296140350877 0.631948463456
470180488 0.325754385965 0.669104079481 0.297192982456 0.697785028281 0.280561403509 0.679168004808 0.312210526316 0.653946272344
470180492 0.345824561404 0.687555985229 0.320631578947 0.719246204563 0.301964912281 0.702610593788 0.330596491228 0.674008075908
470180496 0.367789473684 0.703646707511 0.346315789474 0.737954042784 0.325894736842 0.723497985977 0.351157894737 0.691882069619
470180517 0.289824561404 0.70166116687 0.253263157895 0.738399860641 0.225824561404 0.706400045572
470180518 0.225754385965 0.706292719051 0.267719298246 0.67584913854 0.289754385965 0.701578608008
470180521 0.323929824561 0.73207585178 0.293543859649 0.774073545086 0.261473684211 0.746742433687
470180522 0.261403508772 0.746647490995 0.298105263158 0.710028507575 0.323859649123 0.732005676747
470180548 0.222245614035 0.714713723017 0.171789473684 0.755146925879 0.150456140351 0.725194570599 0.205263157895 0.69081293235
470180552 0.248070175439 0.744463809084 0.202385964912 0.790292233605 0.177894736842 0.762907458946 0.22849122807 0.722614606149
470180556 0.277052631579 0.77114270547 0.236771929825 0.821788439613 0.209333333333 0.797313864853 0.255157894737 0.751613406569
470180560 0.308771929825 0.794407792896 0.274456140351 0.849239261362 0.24449122807 0.827980354293 0.284842105263 0.777446074615
470180580 0.160842105263 0.761561749488 0.104421052632 0.806139407244 0.0862456140351 0.781177735196 0.146035087719 0.741277036995
470180584 0.182385964912 0.787373777819 0.129684210526 0.836236240534 0.109614035088 0.812773011838 0.166105263158 0.768306808547
470180588 0.205894736842 0.811410790608 0.157192982456 0.864252590491 0.135368421053 0.8424364111 0.188140350877 0.793677146964
470180592 0.231228070175 0.83353243779 0.186807017544 0.890031595277 0.163298245614 0.869990431428 0.212210526316 0.817243574237
470180596 0.258245614035 0.853590113411 0.218385964912 0.91339988128 0.193403508772 0.895257571267 0.237964912281 0.838845100586
470180740 0.259157894737 0.469179538281 0.218947368421 0.464775022972 0.223087719298 0.440131202544 0.262526315789 0.449117734717
470180744 0.257263157895 0.496337276069 0.216771929825 0.496465242306 0.218105263158 0.471511826144 0.258315789474 0.476027795918
470180748 0.258315789474 0.523548677118 0.218175438596 0.528204996958 0.216701754386 0.503255708739 0.257192982456 0.503239196966
470180752 0.262526315789 0.550454610376 0.223087719298 0.559581492615 0.218877192982 0.534954183959 0.259087719298 0.530409318584
470180773 0.208771929825 0.493934813173 0.15698245614 0.494095802955 0.160210526316 0.452093981707
470180774 0.160210526316 0.451961887527 0.211368421053 0.460065039872 0.208771929825 0.493819230766
470180777 0.211438596491 0.539569224368 0.160280701754 0.547833366494 0.156842105263 0.505848057018
470180778 0.156842105263 0.505711834895 0.208701754386 0.505707706952 0.211438596491 0.539457769903
470180804 0.151789473684 0.455412847975 0.0875087719298 0.448321041695 0.0936140350877 0.412094212871 0.156701754386 0.426504862304
470180808 0.14898245614 0.494681970878 0.0842807017544 0.494830576831 0.0863157894737 0.458149674264 0.150596491228 0.465406598269
470180812 0.150596491228 0.534017140871 0.0863157894737 0.541410286999 0.0842105263158 0.504729384433 0.148912280702 0.504750024148
470180816 0.156631578947 0.572923004779 0.0935438596491 0.587461620449 0.0873684210526 0.551247175455 0.151649122807 0.544027402938
470180836 0.0752280701754 0.445084734288 0.00378947368421 0.436758673015 0.00863157894737 0.406273813072 0.0790877192982 0.420308819681
470180840 0.0722105263158 0.478587120652 0.000350877192984 0.475887445852 0.00273684210526 0.445117757833 0.0741754385965 0.45358004123
470180844 0.0718596491228 0.512217473253 0.0 0.515160696698 0.0 0.484296065988 0.0718596491228 0.487131962911
470180848 0.0741052631579 0.545773522877 0.00273684210526 0.554343132795 0.000280701754386 0.52357757272 0.0721403508772 0.520770571398
470180852 0.0790175438596 0.579044744427 0.00856140350877 0.593187077557 0.00371929824562 0.562706345557 0.0750877192982 0.554272957762
470180996 0.35150877193 0.307900800573 0.326175438596 0.27631790776 0.346526315789 0.261837083294 0.368070175439 0.296107267079
470181000 0.330947368421 0.325733514853 0.302245614035 0.297192916119 0.320842105263 0.280516025914 0.346035087719 0.312160837873
470181004 0.31249122807 0.345762294872 0.280771929825 0.320618993327 0.297403508772 0.301960690423 0.326035087719 0.330575592133
470181008 0.296350877193 0.367727080215 0.262035087719 0.346294799535 0.27649122807 0.325894504634 0.308140350877 0.351120365042
470181029 0.298385964912 0.289783258219 0.261614035088 0.253230321889 0.293614035088 0.225829035457
470181030 0.293684210526 0.225746476594 0.324140350877 0.267690506639 0.298456140351 0.289704827299
470181033 0.268 0.32391721988 0.225964912281 0.29356858206 0.253263157895 0.261494464015
470181034 0.253333333333 0.261399521324 0.289964912281 0.298055656232 0.268 0.323826405131
470181060 0.285263157895 0.222245980828 0.244842105263 0.17173853278 0.274807017544 0.150460637173 0.309192982456 0.205266925186
470181064 0.255578947368 0.248029113557 0.209684210526 0.202373237059 0.237122807018 0.177872243463 0.277403508772 0.22847917494
470181068 0.228912280702 0.276986634546 0.178245614035 0.236751572953 0.202666666667 0.209338315485 0.248421052632 0.255108536008
470181072 0.205614035088 0.30874290097 0.150736842105 0.274439693641 0.172 0.244458442758 0.222596491228 0.284817342645
470181092 0.238456140351 0.160794117186 0.193894736842 0.104398983866 0.218807017544 0.0862480051715 0.258736842105 0.146042499651
470181096 0.212631578947 0.182362207195 0.163789473684 0.129642594429 0.187228070175 0.109587395573 0.231719298246 0.166063023784
470181100 0.188631578947 0.205884878271 0.135719298246 0.157165655183 0.157543859649 0.135330487254 0.206315789474 0.188138850797
470181104 0.166526315789 0.231224257115 0.109964912281 0.186805937964 0.130035087719 0.163325371907 0.182807017544 0.21214077607
470181108 0.146456140351 0.258216877178 0.0865964912281 0.218373970181 0.104701754386 0.193392484006 0.161192982456 0.237915652913
470181252 0.530807017544 0.259116768778 0.535298245614 0.218894091015 0.559929824561 0.223096337111 0.550807017544 0.262534705682
470181256 0.503649122807 0.257189019341 0.503578947368 0.216714537047 0.528561403509 0.218122165651 0.523929824561 0.258336587528
470181260 0.476421052632 0.258315947813 0.471859649123 0.218101525935 0.496771929825 0.216702153218 0.496771929825 0.257176635512
470181264 0.449543859649 0.262476914478 0.440421052632 0.223030290021 0.465122807018 0.218840427754 0.469543859649 0.259063105518
470181285 0.506035087719 0.208740176527 0.505964912281 0.156904356383 0.548 0.160210426028
470181286 0.548070175439 0.160228176184 0.539929824561 0.211410130138 0.506175438596 0.20874141491
470181289 0.460421052632 0.211389490422 0.452210526316 0.160207123674 0.494175438596 0.156889082994
470181290 0.494315789474 0.156885780639 0.494245614035 0.208721600783 0.46049122807 0.211372978649
470181316 0.544561403509 0.151748555426 0.551719298246 0.0874521261797 0.588 0.0936283546762 0.573473684211 0.156676906718
470181320 0.505263157895 0.148953937934 0.505192982456 0.0842554470273 0.541894736842 0.0863309768282 0.534526315789 0.150610068714
470181324 0.465964912281 0.150575806786 0.458666666667 0.0862921741629 0.495298245614 0.0842405864321 0.495228070175 0.148939077339
470181328 0.42701754386 0.156587330352 0.412561403509 0.093528871247 0.448771929825 0.0873765848206 0.455929824561 0.151677967599
470181348 0.554877192982 0.0751809896661 0.563298245614 0.00378821340145 0.593754385965 0.00863441862462 0.579649122807 0.0791194601971
470181352 0.521403508772 0.0721890564926 0.524140350877 0.000355415902653 0.554947368421 0.00279172793222 0.546385964912 0.0741692308073
470181356 0.487789473684 0.071831163824 0.484912280702 0.0 0.515789473684 1.15582407367e-05 0.512842105263 0.0718402452989
470181360 0.454175438596 0.0741151547525 0.445684210526 0.00273145996267 0.47649122807 0.000317851620259 0.479228070175 0.0721535561817
470181364 0.420912280702 0.0790212151509 0.406877192982 0.00852585372056 0.437333333333 0.00370235218455 0.445684210526 0.0751013203639
470181508 0.692070175439 0.351392809288 0.723789473684 0.326187588596 0.738175438596 0.346604395269 0.703789473684 0.368007780347
470181512 0.674245614035 0.33082326872 0.702877192982 0.302229006726 0.71950877193 0.320895565516 0.687789473684 0.346022355289
470181516 0.654175438596 0.312387874745 0.679438596491 0.280759574558 0.698035087719 0.29744472065 0.669333333333 0.325968807611
470181520 0.632210526316 0.296305408349 0.653754385965 0.26204348045 0.674105263158 0.276536688746 0.648771929825 0.308103069786
470181541 0.710245614035 0.298257925444 0.746877192982 0.261618302309 0.774175438596 0.29368829241
470181542 0.774245614035 0.293795618931 0.732210526316 0.324127744979 0.710315789474 0.298340484307
470181545 0.676070175439 0.267872136136 0.706526315789 0.225936361978 0.738526315789 0.253333520467
470181546 0.738666666667 0.253424335215 0.701894736842 0.289969015659 0.676140350877 0.267938183226
470181572 0.777754385965 0.285197113412 0.828350877193 0.244887748843 0.849543859649 0.274889639441 0.794666666667 0.309139183509
470181576 0.751929824561 0.255455283231 0.797684210526 0.209725929344 0.822175438596 0.237160239322 0.771438596491 0.27734989354
470181580 0.722947368421 0.22879702656 0.763298245614 0.178220641862 0.790666666667 0.202743926351 0.744842105263 0.24836347695
470181584 0.691228070175 0.205539369432 0.725614035088 0.150759500255 0.755578947368 0.172060512344 0.715087719298 0.222534936847
470181604 0.839157894737 0.238373854599 0.895649122807 0.193905174542 0.913754385965 0.218902346901 0.853894736842 0.258687462694
470181608 0.817614035088 0.212574210097 0.870456140351 0.163806277281 0.890456140351 0.187305419081 0.833894736842 0.231670074972
470181612 0.794105263158 0.188541325251 0.842877192982 0.135776717905 0.864701754386 0.157631699961 0.811789473684 0.206303451703
470181616 0.768771929825 0.166433300282 0.813263157895 0.109996474737 0.836701754386 0.130072313308 0.787789473684 0.182749408259
470181620 0.741754385965 0.146378927015 0.781684210526 0.0866182816694 0.806666666667 0.104790312873 0.762035087719 0.161147881911
470181764 0.740912280702 0.530714786375 0.781122807018 0.535317442954 0.776842105263 0.559940623666 0.737473684211 0.550755950224
470181768 0.742807017544 0.503544664757 0.783298245614 0.503618967734 0.781824561404 0.528564128009 0.741614035088 0.523854144909
470181772 0.741684210526 0.476337391652 0.781964912281 0.471875085139 0.783228070175 0.496828501301 0.742807017544 0.496650999747
470181776 0.737543859649 0.449427330451 0.77698245614 0.440482077709 0.781122807018 0.465134154023 0.740912280702 0.469489134015
470181797 0.791298245614 0.505967767369 0.843157894737 0.50602143063 0.839719298246 0.548006740106
470181798 0.839719298246 0.548134706342 0.788561403509 0.539821028898 0.791298245614 0.506079221833
470181801 0.788631578947 0.460325100288 0.839859649123 0.452267355318 0.843087719298 0.494269176566
470181802 0.843087719298 0.494401270746 0.791228070175 0.49419487359 0.788701754386 0.460436554753
470181828 0.848280701754 0.544469092851 0.912561403509 0.551779680117 0.906315789474 0.587985869225 0.843298245614 0.57336056675
470181832 0.851087719298 0.505195842005 0.915789473684 0.505261889095 0.913614035088 0.541938663719 0.849333333333 0.534462958728
470181836 0.849473684211 0.465860672013 0.913754385965 0.458678050983 0.915719298246 0.495367209436 0.85101754386 0.495131916678
470181840 0.843438596491 0.426950680161 0.906526315789 0.412610205761 0.912561403509 0.448845290471 0.848280701754 0.455862793775
470181860 0.924842105263 0.554813718311 0.996210526316 0.563342048797 0.991368421053 0.593818652854 0.920842105263 0.579581377032
470181864 0.927859649123 0.52131545989 0.999649122807 0.524217403904 0.997192982456 0.554978836036 0.925824561404 0.546318411369
470181868 0.928210526316 0.487680979346 1.0 0.484935897171 1.0 0.515800527881 0.928140350877 0.512762361745
470181872 0.925894736842 0.454124929722 0.997333333333 0.445753461074 0.999649122807 0.476527277035 0.927789473684 0.479136137087
470181876 0.92098245614 0.420853708173 0.99150877193 0.406901260426 0.996280701754 0.437394376255 0.924842105263 0.445633750723
470182020 0.648631578947 0.69205544323 0.673824561404 0.723725022848 0.653403508772 0.738139800224 0.632 0.703787057577
470182024 0.669192982456 0.674206217178 0.697754385965 0.702862398318 0.679087719298 0.719464985548 0.653964912281 0.687721102953
470182028 0.687649122807 0.654169181272 0.719228070175 0.67944870494 0.702526315789 0.698036832811 0.674035087719 0.669298092808
470182032 0.703719298246 0.632187884157 0.737964912281 0.653777026676 0.723438596491 0.674115402429 0.691929824561 0.648745064012
470182053 0.701754385965 0.710201881186 0.738385964912 0.74687865581 0.706315789474 0.774176743664
470182054 0.706245614035 0.774255174583 0.675859649123 0.732212073903 0.701684210526 0.710280312106
470182057 0.732140350877 0.676055535696 0.774105263158 0.706556907411 0.746666666667 0.73853195482
470182058 0.746596491228 0.738626897512 0.710035087719 0.701834540481 0.732070175439 0.676146350444
470182084 0.714807017544 0.777706135032 0.755157894737 0.828310589743 0.725122807018 0.849515833551 0.690877192982 0.794626573882
470182088 0.744561403509 0.75190649053 0.790315789474 0.797685379734 0.762807017544 0.822114547119 0.722666666667 0.771398637944
470182092 0.771228070175 0.722940713655 0.821754385965 0.763320253258 0.797263157895 0.790663748486 0.751649122807 0.744761020989
470182096 0.794526315789 0.691172063402 0.849263157895 0.725640388456 0.827929824561 0.755555592248 0.777473684211 0.715043958466
470182116 0.761614035088 0.839162952206 0.806105263158 0.895649725863 0.781122807018 0.913750756446 0.741333333333 0.853874941486
470182120 0.787438596491 0.817590321459 0.836210526316 0.870419737512 0.812701754386 0.890423749873 0.768350877193 0.83385028941
470182124 0.81150877193 0.794056917731 0.864210526316 0.842902868673 0.842385964912 0.864686024518 0.793684210526 0.811761665774
470182128 0.833614035088 0.768715474916 0.890035087719 0.813272492956 0.869894736842 0.836702698106 0.817263157895 0.787757676529
470182132 0.853684210526 0.741710471023 0.913403508772 0.781706111915 0.895228070175 0.806643016305 0.838877192982 0.7619745438
