# Xscale/Yscale
# 142.5/242.2536
470143332 0.423438596491 0.674122489821 0.408631578947 0.710154978089 0.383298245614 0.697284168326 0.403719298246 0.664083423322
470143336 0.451649122807 0.683955161038 0.442666666667 0.721857590558 0.415649122807 0.713098174805 0.430526315789 0.677123477216
470143364 0.391298245614 0.717114626986 0.373824561404 0.753617696497 0.351929824561 0.741543572521 0.373473684211 0.707286083674
470143368 0.416280701754 0.727921483933 0.40301754386 0.766150017998 0.379929824561 0.756602172269 0.397473684211 0.720148637626
470143372 0.442385964912 0.735859446464 0.433403508772 0.775334608031 0.409403508772 0.768428621907 0.422807017544 0.730237238993
470143397 0.362315789474 0.756697114099 0.338877192982 0.802933785091 0.302947368421 0.780956815502
470143398 0.302807017544 0.780878385295 0.333333333333 0.738967759406 0.362175438596 0.756643451325
470143401 0.404140350877 0.775078677881 0.388210526316 0.824407150193 0.349333333333 0.808316574036
470143402 0.349192982456 0.808258783358 0.372771929825 0.762096414666 0.404070175439 0.775041526731
470143405 0.448350877193 0.786690476426 0.440350877193 0.837901273707 0.399368421053 0.828093369923
470143406 0.399298245614 0.828052090867 0.415368421053 0.778773153423 0.448280701754 0.786669836898
470143428 0.342807017544 0.813897502452 0.314807017544 0.872228936949 0.282666666667 0.854462431105 0.317192982456 0.799718146603
470143432 0.378947368421 0.829521625272 0.357684210526 0.890618756543 0.323719298246 0.876563237863 0.351859649123 0.818306105668
470143436 0.416631578947 0.841001330837 0.402315789474 0.904096368434 0.36701754386 0.89392933686 0.388421052632 0.832885868363
470143460 0.286596491228 0.871378588388 0.25150877193 0.934135137723 0.225192982456 0.918007410416 0.265192982456 0.858272488004
470143464 0.316421052632 0.886977943775 0.286385964912 0.952289666696 0.258877192982 0.938279554979 0.294035087719 0.875589052134
470143468 0.347298245614 0.900191369705 0.322526315789 0.967657859367 0.293964912281 0.955843793446 0.324140350877 0.890589861203
470143472 0.379228070175 0.910936308067 0.359719298246 0.980140646001 0.330385964912 0.970601056083 0.355368421053 0.903184101289
470143476 0.411789473684 0.919146712371 0.397824561404 0.989663724296 0.367859649123 0.982456401061 0.387438596491 0.913289214278
470143588 0.322736842105 0.569001244976 0.286807017544 0.584022693574 0.277964912281 0.557005551207 0.315859649123 0.547932414627
470143592 0.335719298246 0.595878038551 0.302596491228 0.616335938867 0.289614035088 0.591031877338 0.325614035088 0.576142521721
470143620 0.269614035088 0.576666765736 0.231438596491 0.590119610194 0.22449122807 0.566111711033 0.263929824561 0.557125260471
470143624 0.279649122807 0.601979083077 0.243228070175 0.619621751751 0.233614035088 0.596542631358 0.271859649123 0.583192984542
470143628 0.292421052632 0.626007621765 0.258245614035 0.647617207753 0.246105263158 0.625759947427 0.282596491228 0.608212220582
470143653 0.221122807018 0.584146530743 0.171859649123 0.60027425805 0.161964912281 0.559325434173
470143654 0.161964912281 0.559193341193 0.213192982456 0.551123285681 0.221052631579 0.584039205197
470143657 0.237684210526 0.626734133156 0.191578947368 0.65037052081 0.175438596491 0.611469138126
470143658 0.175368421053 0.611345300957 0.224701754386 0.595362050347 0.237684210526 0.626630935516
470143661 0.260771929825 0.666205166817 0.218877192982 0.696768180122 0.196842105263 0.660876040645
470143662 0.196771929825 0.660756331382 0.24301754386 0.637256164614 0.260701754386 0.666110224987
470143684 0.166877192982 0.610816929036 0.105824561404 0.632282038327 0.095649122807 0.596980189355 0.158736842105 0.582648100998
470143688 0.181403508772 0.647414940377 0.123157894737 0.675583768415 0.109052631579 0.641644128302 0.170175438596 0.620335879426
470143692 0.199929824561 0.682159522088 0.145192982456 0.716668813178 0.127368421053 0.68452068411 0.185684210526 0.65650458858
470143716 0.0864561403509 0.611708556653 0.0173333333333 0.631291340975 0.0101052631579 0.601281467025 0.0806315789474 0.587316762269
470143720 0.0964912280702 0.643807150853 0.0291228070175 0.668756212498 0.0195789473684 0.639406803449 0.0887719298246 0.619951984202
470143724 0.109052631579 0.675018245343 0.0437894736842 0.705180851802 0.032 0.676669407596 0.0994385964912 0.65184418312
470143728 0.124 0.705151956462 0.0613333333333 0.740342351982 0.047298245614 0.712846372562 0.112561403509 0.682803475366
470143732 0.141263157895 0.734018400552 0.0815438596491 0.774017806134 0.0654035087719 0.74770653563 0.128140350877 0.712631721469
470143844 0.325824561404 0.423467803987 0.289824561404 0.408636239049 0.302736842105 0.383311537992 0.335929824561 0.403715775534
470143848 0.316 0.451649015742 0.278105263158 0.442646053557 0.286877192982 0.415612399568 0.322877192982 0.43056367377
470143876 0.282877192982 0.391311419108 0.246385964912 0.373796715508 0.258456140351 0.35192294356 0.292701754386 0.373507762114
470143880 0.272070175439 0.416305887714 0.233824561404 0.402993392049 0.243368421053 0.379901887939 0.279859649123 0.397511533368
470143884 0.264140350877 0.442348844352 0.224631578947 0.433403672845 0.231578947368 0.409391645779 0.269754385965 0.422799083275
470143909 0.243298245614 0.362317009943 0.197052631579 0.338845738515 0.219087719298 0.302928831605
470143910 0.219157894737 0.302821506058 0.261052631579 0.333351496118 0.243298245614 0.362213812302
470143913 0.224912280702 0.404165717248 0.175578947368 0.3882278736 0.191649122807 0.349305851389
470143914 0.191719298246 0.349186142125 0.237894736842 0.372781250722 0.224912280702 0.404058391702
470143917 0.213263157895 0.448375586575 0.162105263158 0.440359193837 0.171929824561 0.399397986243
470143918 0.171929824561 0.399270021168 0.221192982456 0.415344085702 0.213333333333 0.448264133123
470143940 0.186035087719 0.342829167451 0.127719298246 0.314813071921 0.145543859649 0.282660814948 0.200280701754 0.317174233943
470143944 0.170456140351 0.378960725455 0.109333333333 0.35766073239 0.123438596491 0.323721092277 0.181684210526 0.351881664504
470143948 0.158947368421 0.416615480637 0.0958596491228 0.402295775997 0.106035087719 0.36698979912 0.167087719298 0.388446652599
470143972 0.128561403509 0.286607092733 0.0658245614035 0.251507511137 0.0819649122807 0.225200368539 0.141684210526 0.265224541555
470143976 0.11298245614 0.31640231559 0.0477192982456 0.286338778866 0.0616842105263 0.258846927352 0.124421052632 0.2940579624
470143980 0.0997894736842 0.347328584591 0.032350877193 0.322486848493 0.0441403508772 0.293979532193 0.109403508772 0.324158650274
470143984 0.0890526315789 0.379200143981 0.0198596491228 0.359732941017 0.0294035087719 0.330383531968 0.0967719298246 0.35534497733
470143988 0.0808421052632 0.41181059848 0.0103157894737 0.397837637913 0.0175438596491 0.367827763963 0.0866666666667 0.387422932002
470144100 0.430947368421 0.322734522831 0.416 0.286747441524 0.44301754386 0.2780086653 0.452 0.315915222725
470144104 0.404070175439 0.335720913951 0.383649122807 0.302520168947 0.40898245614 0.289645231278 0.423789473684 0.325681847452
470144132 0.423228070175 0.269591865714 0.409894736842 0.231383971177 0.433894736842 0.224502752487 0.442807017544 0.263990297771
470144136 0.397964912281 0.279630932213 0.380421052632 0.243165013853 0.40350877193 0.233633679747 0.416771929825 0.271870469624
470144140 0.373894736842 0.292439823392 0.352421052632 0.258174078734 0.374245614035 0.246112338475 0.391719298246 0.282619535891
470144165 0.415789473684 0.22109723034 0.399789473684 0.171802194064 0.440701754386 0.162014104228
470144166 0.440842105263 0.161990987956 0.448842105263 0.213208802676 0.415859649123 0.221064207095
470144169 0.373192982456 0.237703794701 0.349614035088 0.191529042293 0.388561403509 0.175443006833
470144170 0.388701754386 0.175399251033 0.404561403509 0.224738043109 0.373333333333 0.237654259833
470144173 0.333754385965 0.260770531377 0.303228070175 0.218855777582 0.339157894737 0.196868901019
470144174 0.339298245614 0.196806569644 0.362736842105 0.24304530459 0.333824561404 0.260704484887
470144196 0.389122807018 0.166873887529 0.367719298246 0.105805651598 0.403087719298 0.0956823758243 0.417263157895 0.158795988997
470144200 0.35249122807 0.181385126991 0.324421052632 0.123097035503 0.358385964912 0.109078255184 0.379578947368 0.170199328307
470144204 0.317754385965 0.199899609335 0.283368421053 0.145126429494 0.31550877193 0.12738923178 0.343438596491 0.185746259292
470144228 0.388210526316 0.08648209975 0.368771929825 0.0172864304184 0.398736842105 0.010121211821 0.412631578947 0.0806588632739
470144232 0.356140350877 0.0965269453168 0.331298245614 0.029075316115 0.360631578947 0.0195749413012 0.38 0.0888052850401
470144236 0.324912280702 0.109056377284 0.294807017544 0.0437657066809 0.323368421053 0.0319883791201 0.348140350877 0.0994845897027
470144240 0.294807017544 0.123998157303 0.259649122807 0.0612721544695 0.287157894737 0.0472901125102 0.317122807018 0.112634858677
470144244 0.265894736842 0.141255279591 0.225964912281 0.0814811420759 0.252350877193 0.065381484527 0.287298245614 0.128170644317
470144356 0.57649122807 0.325789172999 0.591438596491 0.289818603315 0.616701754386 0.302796738624 0.596210526316 0.33591079761
470144360 0.548280701754 0.315973013404 0.557403508772 0.278103607129 0.584421052632 0.286962092617 0.569333333333 0.322878999528
470144388 0.608631578947 0.282797035834 0.626245614035 0.246355884907 0.648070175439 0.258500183279 0.626385964912 0.292683369824
470144392 0.583649122807 0.272002562604 0.597052631579 0.233815307595 0.620140350877 0.243437455625 0.602385964912 0.279837327495
470144396 0.557614035088 0.264072855883 0.566666666667 0.224622461751 0.590666666667 0.23159862227 0.577122807018 0.269748726128
470144421 0.637684210526 0.243214548721 0.661192982456 0.197045575381 0.697122807018 0.219128219354
470144422 0.697192982456 0.219202521655 0.666596491228 0.261026461526 0.637754385965 0.243268211494
470144425 0.595789473684 0.224841240749 0.611859649123 0.175554460285 0.650736842105 0.191747408501
470144426 0.650807017544 0.191804786389 0.627157894737 0.237906062077 0.595859649123 0.2248783919
470144429 0.551578947368 0.213250081733 0.559719298246 0.162057447237 0.600631578947 0.171961531222
470144430 0.600771929825 0.171999920744 0.584561403509 0.221241707038 0.551649122807 0.213270721261
470144452 0.657122807018 0.186014573158 0.685263157895 0.127746708408 0.717333333333 0.145585865391 0.682736842105 0.200249655733
470144456 0.62098245614 0.170400357312 0.642385964912 0.109349045793 0.676280701754 0.123477628403 0.648070175439 0.181674493176
470144460 0.583298245614 0.158928081977 0.597754385965 0.0958615269288 0.633052631579 0.106101209641 0.611438596491 0.167098445596
470144484 0.713333333333 0.128552062797 0.748561403509 0.0658656878577 0.774807017544 0.082042537242 0.734736842105 0.141699442237
470144488 0.683578947368 0.112960550431 0.713684210526 0.0477053798169 0.741192982456 0.0617691543077 0.705894736842 0.124390308338
470144492 0.652631578947 0.0997524907783 0.677543859649 0.0323309952876 0.706035087719 0.0441945960762 0.675789473684 0.109394039965
470144496 0.620771929825 0.0890141570652 0.640350877193 0.0198428423767 0.669684210526 0.0294327927428 0.644561403509 0.0968080556904
470144500 0.588140350877 0.0808070550861 0.602175438596 0.0103123338518 0.632210526316 0.0175696047448 0.61249122807 0.0867050066542
470144612 0.677263157895 0.430889778315 0.713263157895 0.416033445943 0.721964912281 0.443091867365 0.684070175439 0.45199163191
470144616 0.664280701754 0.404008856834 0.697543859649 0.383703689027 0.710315789474 0.40906966914 0.674245614035 0.423789780627
470144644 0.730385964912 0.423232513366 0.768631578947 0.409915889795 0.775438596491 0.433948556389 0.736 0.44279465816
470144648 0.720350877193 0.39791606812 0.756842105263 0.380409620332 0.766315789474 0.403525891875 0.728070175439 0.416731061995
470144652 0.70750877193 0.373887529432 0.741824561404 0.352405908519 0.753894736842 0.374308575807 0.717333333333 0.39171595386
470144677 0.778877192982 0.415756876265 0.828210526316 0.399777753561 0.837964912281 0.440755472777
470144678 0.837964912281 0.440887565758 0.786736842105 0.448804888761 0.778947368421 0.415864201812
470144681 0.762315789474 0.373161018041 0.80849122807 0.349664979179 0.824561403509 0.38861589673
470144682 0.824561403509 0.388739733899 0.775228070175 0.404574379906 0.762315789474 0.373260087776
470144685 0.739228070175 0.33368998438 0.781192982456 0.303259064055 0.803087719298 0.339221377928
470144686 0.803157894737 0.339336959286 0.756912280702 0.362692649356 0.739298245614 0.333780798304
470144708 0.833122807018 0.389074094255 0.894175438596 0.367757589567 0.904280701754 0.403084205973 0.841192982456 0.417263561821
470144712 0.818596491228 0.352476082915 0.876912280702 0.324455859479 0.890877192982 0.358432650743 0.829754385965 0.379584039205
470144716 0.800070175439 0.317727373298 0.854877192982 0.283358431 0.872561403509 0.315556094935 0.814175438596 0.343419457956
470144740 0.913473684211 0.388203106166 0.982736842105 0.368764798542 0.989894736842 0.398787056209 0.919298245614 0.412607284267
470144744 0.903438596491 0.356104511966 0.970947368421 0.331295799113 0.980421052632 0.36066584769 0.911157894737 0.37997619024
470144748 0.890947368421 0.324893417477 0.956210526316 0.294867031904 0.968 0.323403243543 0.90049122807 0.348083991321
470144752 0.876 0.294759706357 0.938736842105 0.259705531724 0.952701754386 0.287230406483 0.887298245614 0.317132954887
470144756 0.858736842105 0.265893262267 0.918526315789 0.22602182176 0.934596491228 0.252366115509 0.871789473684 0.287304708785
470144868 0.674175438596 0.576485137889 0.710175438596 0.591403388845 0.697192982456 0.616699194563 0.664070175439 0.596212398908
470144872 0.684 0.548287414511 0.721894736842 0.557405958054 0.713052631579 0.584410716703 0.677122807018 0.569352116955
470144900 0.717192982456 0.608633266957 0.753614035088 0.626214017047 0.741473684211 0.648063021561 0.707298245614 0.626420412328
470144904 0.728 0.583634670445 0.766175438596 0.597025596317 0.756561403509 0.620096460899 0.720140350877 0.602412513168
470144908 0.735929824561 0.55757933009 0.775368421053 0.566619443426 0.768350877193 0.59061495887 0.730245614035 0.57711670745
470144933 0.756771929825 0.637656571461 0.802947368421 0.661189761473 0.780912280702 0.697077773044
470144934 0.780842105263 0.697185098591 0.738947368421 0.666597317852 0.756701754386 0.637755641196
470144937 0.775157894737 0.595791352533 0.824421052632 0.611820010105 0.808280701754 0.650713136977
470144938 0.808210526316 0.650828718335 0.762105263158 0.627155179531 0.775087719298 0.59589867808
470144941 0.786736842105 0.551569099489 0.837964912281 0.55969694568 0.828070175439 0.600637513746
470144942 0.828 0.600765478821 0.778736842105 0.58458408874 0.786736842105 0.551680552941
470144964 0.813964912281 0.657115518614 0.872210526316 0.685201788539 0.854385964912 0.717329278079 0.799719298246 0.682749812593
470144968 0.829543859649 0.620971576893 0.890666666667 0.642362383882 0.87649122807 0.676285512372 0.818315789474 0.648038254127
470144972 0.841052631579 0.5833085659 0.904140350877 0.597735596086 0.893894736842 0.633020933435 0.832912280702 0.611465010221
470144996 0.871438596491 0.713349977049 0.934105263158 0.748507349323 0.917964912281 0.774797980298 0.858315789474 0.73472014451
470145000 0.88701754386 0.683550626286 0.952280701754 0.713684337405 0.938245614035 0.741159677297 0.875578947368 0.705882595759
470145004 0.900210526316 0.652616101474 0.967649122807 0.677540395685 0.955789473684 0.706035328268 0.890596491228 0.675773652074
470145008 0.910947368421 0.620744542083 0.980140350877 0.640302558971 0.970596491228 0.669639584303 0.903157894737 0.644587325018
470145012 0.919157894737 0.588121703867 0.989684210526 0.602201989981 0.982456140351 0.632199480214 0.913263157895 0.61250524244
470145124 0.569052631579 0.677243186479 0.584 0.713209628257 0.55698245614 0.721981427727 0.547929824561 0.684083126112
470145128 0.595929824561 0.664256795358 0.616280701754 0.697449284551 0.59101754386 0.710332478031 0.576140350877 0.674308245574
470145156 0.576701754386 0.730369331973 0.590105263158 0.768560714887 0.566105263158 0.775466701011 0.557122807018 0.73599566735
470145160 0.602035087719 0.720334393379 0.619578947368 0.756787928023 0.59649122807 0.766335773751 0.583228070175 0.728107239686
470145164 0.626035087719 0.707525502201 0.647578947368 0.741782991047 0.625754385965 0.753852987118 0.608210526316 0.717349917607
470145189 0.584210526316 0.778884606875 0.600280701754 0.828159416413 0.559298245614 0.83799208763
470145190 0.559157894737 0.838016855064 0.551157894737 0.786806057784 0.584070175439 0.778913502214
470145193 0.626807017544 0.762278042514 0.650385964912 0.808440411205 0.611438596491 0.82455162689
470145194 0.611298245614 0.824592905946 0.595368421053 0.775264433635 0.626666666667 0.762327577382
470145197 0.666245614035 0.739219561649 0.696771929825 0.781134315445 0.660842105263 0.80312366875
470145198 0.660701754386 0.803185587335 0.637263157895 0.756948916342 0.666175438596 0.73928560814
470145220 0.610877192982 0.833088135739 0.632280701754 0.894139860047 0.59698245614 0.904290379998 0.582666666667 0.84118708659
470145224 0.647438596491 0.818582675345 0.675578947368 0.876856319163 0.641614035088 0.890891198314 0.620350877193 0.829781683327
470145228 0.682175438596 0.800069018582 0.716631578947 0.854833942612 0.68449122807 0.872575681022 0.656561403509 0.814227734903
470145252 0.611719298246 0.913491481654 0.631298245614 0.982675180059 0.601263157895 0.989861863766 0.587368421053 0.919332468124
470145256 0.643859649123 0.903452415155 0.668701754386 0.970890009478 0.639368421053 0.980408959867 0.62 0.911188110311
470145260 0.67501754386 0.89092422156 0.705192982456 0.956198793331 0.676631578947 0.967988091818 0.651859649123 0.900505090533
470145264 0.705192982456 0.875985331075 0.740350877193 0.938700601353 0.712842105263 0.952690073543 0.682807017544 0.887353583187
470145268 0.734035087719 0.858722429718 0.773964912281 0.918494503281 0.747649122807 0.934597463154 0.712631578947 0.87181201848
470147428 0.481052631579 0.689271903493 0.478035087719 0.728115495497 0.449964912281 0.723686252753 0.459157894737 0.685820974384
470147432 0.510877192982 0.689911728866 0.514035087719 0.728738809248 0.485614035088 0.728751192965 0.488701754386 0.689919984677
470147436 0.540421052632 0.685878765063 0.549614035088 0.723739915527 0.521543859649 0.728185669893 0.518526315789 0.689346205794
470147460 0.469122807018 0.740845956469 0.464631578947 0.78107239686 0.44 0.776899084265 0.449052631579 0.737448690133
470147464 0.496280701754 0.742790200022 0.496350877193 0.783264314751 0.471438596491 0.781864954742 0.476 0.741655025973
470147468 0.52350877193 0.741679793407 0.528070175439 0.781893850081 0.503157894737 0.783293210091 0.503228070175 0.742823223267
470147472 0.550385964912 0.737531248246 0.559438596491 0.776977514472 0.534807017544 0.781159082878 0.530385964912 0.740932642487
470147493 0.493894736842 0.791251812151 0.493964912281 0.843090051087 0.451929824561 0.839800110298
470147494 0.451859649123 0.839783598675 0.46 0.788593440923 0.493754385965 0.791251812151
470147497 0.53950877193 0.788630592074 0.547719298246 0.83981662192 0.505684210526 0.843131330143
470147498 0.505543859649 0.843131330143 0.505614035088 0.791297219113 0.539368421053 0.788647103696
470147524 0.455298245614 0.848212781977 0.448140350877 0.912513168019 0.411929824561 0.906354332815 0.426456140351 0.843300574274
470147528 0.494596491228 0.851023885713 0.494666666667 0.915720550696 0.457964912281 0.913656597879 0.465333333333 0.84937272346
470147532 0.533964912281 0.849422258328 0.541263157895 0.913706132747 0.504561403509 0.915757701846 0.504701754386 0.851056908958
470147536 0.572842105263 0.843424411443 0.587298245614 0.906486425795 0.551087719298 0.912624621471 0.543929824561 0.848324235429
470147556 0.44498245614 0.924789559371 0.436561403509 0.996185815195 0.406105263158 0.991352037699 0.420210526316 0.920859793208
470147560 0.478456140351 0.927798802577 0.475719298246 0.999632616399 0.444912280702 0.997205407887 0.453473684211 0.925825663685
470147564 0.512140350877 0.928170314084 0.514947368421 1.0 0.484140350877 0.999987616283 0.48701754386 0.928162058273
470147568 0.545684210526 0.925904093892 0.554175438596 0.997287965999 0.523368421053 0.999694534983 0.520631578947 0.927860721162
470147572 0.578947368421 0.921004269906 0.59298245614 0.991504770208 0.562526315789 0.996317908176 0.554175438596 0.924917524445
470147684 0.352771929825 0.620410181727 0.323228070175 0.64580505718 0.306456140351 0.622841518145 0.339719298246 0.602499199186
470147688 0.373403508772 0.641961977036 0.348210526316 0.671666385969 0.328070175439 0.651596508783 0.357684210526 0.626313086782
470147692 0.397192982456 0.660021564179 0.376912280702 0.69330073939 0.353894736842 0.676624000634 0.379228070175 0.647018661436
470147716 0.307859649123 0.648471684219 0.276280701754 0.673779873653 0.261824561404 0.653412787261 0.296070175439 0.631889887292
470147720 0.325684210526 0.669049293798 0.297122807018 0.69773411004 0.28049122807 0.679117255636 0.312140350877 0.653891624314
470147724 0.345684210526 0.687501031976 0.320561403509 0.719203347236 0.301894736842 0.702567887536 0.330526315789 0.673961501501
470147728 0.367649122807 0.703595736039 0.346245614035 0.737915143469 0.325824561404 0.72347160166 0.351087719298 0.691839460796
470147749 0.289684210526 0.701593701807 0.253122807018 0.738332061938 0.225754385965 0.706332537473
470147750 0.225684210526 0.706225211927 0.267649122807 0.675781907885 0.289614035088 0.7015152716
470147753 0.323859649123 0.732012238415 0.293473684211 0.774017806134 0.261403508772 0.746691070845
470147754 0.261333333333 0.746600256921 0.297964912281 0.709969222336 0.323719298246 0.731942064019
470147780 0.222175438596 0.714629627795 0.171649122807 0.755054207657 0.150385964912 0.72509799648 0.205192982456 0.690729054181
470147784 0.247929824561 0.744383571596 0.202315789474 0.790207452025 0.177824561404 0.762822926058 0.228421052632 0.722530439176
470147788 0.276912280702 0.771066353606 0.236631578947 0.82171575572 0.209263157895 0.797245531129 0.25501754386 0.751541359963
470147792 0.308631578947 0.794339485564 0.274315789474 0.849178711895 0.244350877193 0.827924125792 0.284771929825 0.777382049224
470147812 0.160701754386 0.761456589293 0.104280701754 0.80602558641 0.0861754385965 0.781060013143 0.145964912281 0.741167933108
470147816 0.182245614035 0.787272511121 0.129543859649 0.836126274284 0.109473684211 0.812663258668 0.165964912281 0.768201587097
470147820 0.205824561404 0.811313433526 0.157052631579 0.864154753531 0.135228070175 0.842334644356 0.188070175439 0.793579950927
470147824 0.231087719298 0.833439007718 0.186666666667 0.889941780019 0.163228070175 0.869900798172 0.212070175439 0.817150292091
470147828 0.258105263158 0.853508884904 0.218245614035 0.913318109617 0.193263157895 0.895180092267 0.237824561404 0.838764005984
470147940 0.310736842105 0.481035575942 0.271859649123 0.47808825132 0.276280701754 0.450014365112 0.314175438596 0.459141164466
470147944 0.310105263158 0.510872077856 0.271298245614 0.514042309382 0.271228070175 0.4856216791 0.310035087719 0.488705224608
470147948 0.314105263158 0.540440265903 0.276280701754 0.549653751276 0.271789473684 0.521588120878 0.310666666667 0.518554110238
470147972 0.259157894737 0.469138951908 0.218947368421 0.464680813825 0.223087719298 0.440041345103 0.262526315789 0.449081458439
470147976 0.257192982456 0.496292315161 0.216701754386 0.496370745368 0.218105263158 0.471421683723 0.258315789474 0.475983019447
470147980 0.258315789474 0.523499341186 0.218105263158 0.528114339684 0.216701754386 0.503165278039 0.257192982456 0.503190045473
470147984 0.262456140351 0.550405030101 0.22301754386 0.55949880621 0.218807017544 0.534863465393 0.25901754386 0.530355792442
470148005 0.208771929825 0.49387336246 0.156912280702 0.493976560101 0.160210526316 0.451983376098
470148006 0.160210526316 0.451851283118 0.211368421053 0.460003896743 0.208771929825 0.493757781102
470148009 0.211368421053 0.539503231325 0.160210526316 0.547726019345 0.156842105263 0.505732835343
470148010 0.156842105263 0.505600742363 0.208701754386 0.505642021419 0.211368421053 0.539391777872
470148036 0.151789473684 0.455339363378 0.0875087719298 0.448181575011 0.0936140350877 0.411959203083 0.156701754386 0.426435768137
470148040 0.14898245614 0.494604001757 0.0842807017544 0.494694815681 0.0863157894737 0.458014246228 0.150596491228 0.465333022915
470148044 0.150596491228 0.533934686626 0.0863157894737 0.541278230747 0.0842105263158 0.504597661294 0.148912280702 0.50466783569
470148048 0.156561403509 0.572840197215 0.0935438596491 0.587337401797 0.0873684210526 0.551119157775 0.151649122807 0.54394072988
470148068 0.0752280701754 0.444986576051 0.00378947368421 0.436594543899 0.00863157894737 0.406114088707 0.0791578947368 0.420210886443
470148072 0.0722105263158 0.478480402355 0.000350877192984 0.475722961393 0.00280701754386 0.444953552806 0.0741754385965 0.453477677938
470148076 0.0718596491228 0.512110449545 0.0 0.514999983488 0.0 0.484135633072 0.0718596491228 0.487025167015
470148080 0.0741052631579 0.545666194434 0.00273684210526 0.554182063755 0.000280701754386 0.523416783074 0.0721403508772 0.520659342111
470148084 0.0790175438597 0.578937113834 0.00849122807018 0.59303391157 0.00364912280702 0.562549328472 0.0750877192982 0.554161424227
470148196 0.379578947368 0.352769164215 0.354245614035 0.323176208733 0.377192982456 0.30648708626 0.397473684211 0.339753877755
470148200 0.358035087719 0.373421076095 0.328350877193 0.348162421529 0.348421052632 0.328076032719 0.373684210526 0.357751546313
470148204 0.339929824561 0.397189556729 0.306736842105 0.376896772638 0.323438596491 0.353904338264 0.35298245614 0.37925793466
470148228 0.35150877193 0.307878190458 0.326245614035 0.276246049594 0.346596491228 0.261806635691 0.368070175439 0.296121915216
470148232 0.330947368421 0.325710742792 0.302245614035 0.297112612568 0.320912280702 0.280473024962 0.346105263158 0.312167084411
470148236 0.31249122807 0.345735213016 0.280771929825 0.320530221223 0.297473684211 0.301905111008 0.326035087719 0.330573415627
470148240 0.296350877193 0.367699798888 0.262105263158 0.346205794259 0.276561403509 0.32582632415 0.308140350877 0.351113874056
470148261 0.298385964912 0.289740173108 0.261684210526 0.25312152224 0.293754385965 0.225774147422
470148262 0.293824561404 0.225695717215 0.324210526316 0.267693029123 0.298456140351 0.289661742901
470148265 0.267929824561 0.32386969688 0.225964912281 0.293451160272 0.253333333333 0.261422740467
470148266 0.253473684211 0.261327798637 0.290035087719 0.298045519241 0.268 0.323778882956
470148292 0.285333333333 0.222207636956 0.24498245614 0.171640380164 0.274947368421 0.150406846379 0.309263157895 0.205263409914
470148296 0.255578947368 0.247986407632 0.209824561404 0.20226283531 0.237192982456 0.177801692111 0.277473684211 0.228465541895
470148300 0.228912280702 0.276935409835 0.178315789474 0.236630539237 0.202807017544 0.209252617918 0.248421052632 0.255086405321
470148304 0.205614035088 0.308687259962 0.150807017544 0.274310061853 0.172070175439 0.244357978581 0.222596491228 0.284786686349
470148324 0.238526315789 0.160742296503 0.193964912281 0.10429029744 0.218947368421 0.0861716812464 0.258807017544 0.146016818739
470148328 0.212701754386 0.182303998785 0.163859649123 0.129522533411 0.187368421053 0.109497237606 0.231789473684 0.166028905246
470148332 0.188631578947 0.205821502756 0.135859649123 0.157036675616 0.157684210526 0.135228537367 0.206385964912 0.188097927131
470148336 0.166526315789 0.231156936368 0.110035087719 0.18666802062 0.130105263158 0.163212022443 0.182807017544 0.21209014025
470148340 0.146456140351 0.258141055489 0.0866666666667 0.218228335926 0.104842105263 0.193269367308 0.161263157895 0.23785652721
470148452 0.518877192982 0.310701677911 0.521964912281 0.271870469624 0.550035087719 0.276390526291 0.540771929825 0.314226909321
470148456 0.489052631579 0.310074236255 0.486035087719 0.271243027967 0.514456140351 0.271304946552 0.511228070175 0.310127899028
470148460 0.45950877193 0.314127839586 0.450385964912 0.2762501775 0.478456140351 0.271858085907 0.481403508772 0.310701677911
470148484 0.530807017544 0.259127624935 0.535368421053 0.218909440355 0.56 0.223152927346 0.550877192982 0.262578554044
470148488 0.503649122807 0.257191637193 0.503719298246 0.216717522464 0.528631578947 0.218170545247 0.523929824561 0.258372218204
470148492 0.476421052632 0.25831029962 0.471929824561 0.218087987134 0.496912280702 0.216738161992 0.496771929825 0.257208148816
470148496 0.449543859649 0.262467100592 0.440561403509 0.223004322743 0.465192982456 0.218859905487 0.469614035088 0.25909460169
470148517 0.506105263158 0.208732914599 0.506105263158 0.156897977987 0.548070175439 0.160268000145
470148518 0.548210526316 0.16028575014 0.539929824561 0.211454442782 0.506175438596 0.208734565761
470148521 0.460421052632 0.21137188467 0.452350877193 0.160175122269 0.494315789474 0.156926460536
470148522 0.494456140351 0.156923571002 0.494315789474 0.208758507614 0.460561403509 0.211355373047
470148548 0.544631578947 0.151762037798 0.551859649123 0.0874752738453 0.588070175439 0.0936964404244 0.573473684211 0.156726669903
470148552 0.505333333333 0.148957538711 0.505333333333 0.0842596353573 0.542035087719 0.0863834428054 0.534596491228 0.150652456764
470148556 0.466035087719 0.150569485861 0.458807017544 0.0862761172589 0.495438596491 0.0842753213987 0.495298245614 0.148973224753
470148560 0.427087719298 0.156572286232 0.412701754386 0.0934941730484 0.448912280702 0.0873935413137 0.456 0.15170465991
470148580 0.554947368421 0.0752009464462 0.563438596491 0.00381831271032 0.593964912281 0.00869832274938 0.579719298246 0.0791670381782
470148584 0.521473684211 0.0721999590512 0.524350877193 0.000369860344697 0.555087719298 0.0028416502376 0.546456140351 0.0742085979321
470148588 0.487859649123 0.071833401031 0.485052631579 0.0 0.515929824561 4.78837053402e-05 0.512912280702 0.0718722033439
470148592 0.454315789474 0.0741091154063 0.445894736842 0.0027157491158 0.476631578947 0.000339726633577 0.479298245614 0.0721780811513
470148596 0.42098245614 0.0790072882302 0.40701754386 0.00849522979225 0.437543859649 0.00370974879217 0.445824561404 0.0751183883335
470148708 0.647228070175 0.379509736904 0.676912280702 0.354259338148 0.693543859649 0.377305435296 0.660210526316 0.397482638029
470148712 0.626596491228 0.357957941595 0.651929824561 0.328377369831 0.671929824561 0.348542188847 0.642175438596 0.373685262056
470148716 0.602807017544 0.339910738169 0.623157894737 0.306726504787 0.646105263158 0.323506441184 0.620701754386 0.35300032693
470148740 0.692140350877 0.351456490223 0.723789473684 0.326272137958 0.738175438596 0.346697015029 0.703859649123 0.368083694112
470148744 0.674245614035 0.33088300855 0.702947368421 0.302305517854 0.71950877193 0.320988418748 0.687789473684 0.346090212901
470148748 0.654245614035 0.312435398277 0.67950877193 0.280828024847 0.698105263158 0.297533658943 0.669403508772 0.326032719431
470148752 0.632280701754 0.29634482212 0.653824561404 0.262103844896 0.674175438596 0.276621689007 0.648842105263 0.308163015947
470148773 0.710245614035 0.29833034473 0.746947368421 0.261711693861 0.774245614035 0.293797904345
470148774 0.774315789474 0.293905229891 0.732280701754 0.324212313047 0.710315789474 0.298408774937
470148777 0.676140350877 0.267924191839 0.706596491228 0.226013565949 0.738596491228 0.253439370973
470148778 0.738666666667 0.253530184897 0.701894736842 0.290041510219 0.676210526316 0.267990238329
470148804 0.777754385965 0.285294418741 0.828421052632 0.245006059765 0.849614035088 0.275015933716 0.794666666667 0.309240399317
470148808 0.752 0.25554047494 0.797824561404 0.209836303774 0.822175438596 0.237286876232 0.77150877193 0.277443142228
470148812 0.72301754386 0.228865948741 0.763438596491 0.178319744268 0.790736842105 0.202862619998 0.744842105263 0.248448733063
470148816 0.691298245614 0.205596944689 0.725754385965 0.150846468329 0.755649122807 0.1721724672 0.715157894737 0.222612171708
470148836 0.839228070175 0.238483968866 0.895789473684 0.194044175195 0.913824561404 0.219049789147 0.853964912281 0.258809776201
470148840 0.817684210526 0.21267630285 0.870526315789 0.163937708253 0.890526315789 0.187447369203 0.833964912281 0.231784378024
470148844 0.794175438596 0.188635793235 0.84301754386 0.135900973195 0.864771929825 0.157768966075 0.811859649123 0.206408490937
470148848 0.768842105263 0.166517649273 0.813403508772 0.110111469964 0.836842105263 0.13020281226 0.787859649123 0.182846405585
470148852 0.741824561404 0.146453551155 0.781824561404 0.086723169439 0.806736842105 0.104914023981 0.762105263158 0.161237232388
470148964 0.689333333333 0.51892149384 0.728140350877 0.522017423064 0.723578947368 0.55007479765 0.685754385965 0.540803521599
470148968 0.689964912281 0.489068480303 0.728771929825 0.486059237097 0.728701754386 0.514479867379 0.689894736842 0.511235333551
470148972 0.685894736842 0.459487908539 0.723789473684 0.450447795203 0.728140350877 0.478529937223 0.689263157895 0.481390575826
470148996 0.740842105263 0.530822245779 0.781122807018 0.53539596522 0.776842105263 0.560023050225 0.737403508772 0.550867355532
470149000 0.742807017544 0.503652370904 0.783298245614 0.503701905771 0.781824561404 0.52864683951 0.741614035088 0.523961666617
470149004 0.741684210526 0.476441216973 0.781894736842 0.471962439361 0.783228070175 0.496915628911 0.742807017544 0.496754640592
470149008 0.737543859649 0.449527272247 0.77698245614 0.440573844929 0.781122807018 0.465221569463 0.740912280702 0.469588893622
470149029 0.791298245614 0.506087835227 0.843087719298 0.506120858472 0.839719298246 0.548105786663
470149030 0.839719298246 0.548237879643 0.788561403509 0.539944917227 0.791298245614 0.506199288679
470149033 0.788631578947 0.460445582646 0.839859649123 0.452375527134 0.843087719298 0.494372839041
470149034 0.843087719298 0.494504932022 0.791228070175 0.494315048363 0.788701754386 0.460552908192
470149060 0.848210526316 0.544613578498 0.912561403509 0.55189933194 0.906315789474 0.58810932015 0.843298245614 0.573504790022
470149064 0.85101754386 0.505336556402 0.915719298246 0.50538609127 0.913614035088 0.542062532817 0.849333333333 0.534603407338
470149068 0.849403508772 0.465997615722 0.913754385965 0.458806804109 0.915719298246 0.495491501468 0.85101754386 0.495272722469
470149072 0.843438596491 0.427083849322 0.906526315789 0.412743505153 0.912631578947 0.448978260798 0.848280701754 0.455995700373
470149092 0.924842105263 0.554978749542 0.996210526316 0.563490490957 0.991298245614 0.593962690338 0.920842105263 0.579746183338
470149096 0.927789473684 0.521480795332 0.999649122807 0.524366201369 0.997192982456 0.55513148205 0.925824561404 0.546479391844
470149100 0.928210526316 0.48784249233 1.0 0.485089179273 0.999929824561 0.51595352969 0.928140350877 0.512927774861
470149104 0.925894736842 0.454286747442 0.997333333333 0.445907099007 0.999649122807 0.476680635499 0.927789473684 0.479297727671
470149108 0.92098245614 0.42100757223 0.99150877193 0.407059379097 0.996280701754 0.437548090101 0.924912280702 0.445791517649
470149220 0.620421052632 0.647249824151 0.645754385965 0.676851035444 0.622736842105 0.6935277742 0.602526315789 0.6602568548
470149224 0.642035087719 0.626589656459 0.671649122807 0.651877206366 0.65150877193 0.671942955646 0.626315789474 0.642238546713
470149228 0.660070175439 0.602812920014 0.693263157895 0.62316762269 0.676561403509 0.646127033819 0.64701754386 0.620719774649
470149252 0.64849122807 0.692124286285 0.673754385965 0.723760555055 0.653333333333 0.738199968958 0.631929824561 0.703880561527
470149256 0.669052631579 0.674287606046 0.697684210526 0.702902247892 0.67901754386 0.719529451781 0.653894736842 0.687823008616
470149260 0.68750877193 0.654259007916 0.719157894737 0.679497022954 0.702526315789 0.698105621547 0.673964912281 0.669404293682
470149264 0.703649122807 0.632286166232 0.737894736842 0.65382970573 0.723438596491 0.674188536311 0.691859649123 0.648855579442
470149285 0.701614035088 0.710282943164 0.738315789474 0.746918105655 0.706245614035 0.774248968849
470149286 0.706175438596 0.774327399056 0.675789473684 0.732317703431 0.701543859649 0.710357245465
470149289 0.732070175439 0.676149291486 0.774035087719 0.706609107151 0.746596491228 0.738608631616
470149290 0.746526315789 0.738703573445 0.709964912281 0.701952829597 0.732 0.67624010541
470149316 0.714666666667 0.777798967693 0.75501754386 0.8283699396 0.725052631579 0.84959975827 0.690736842105 0.794735764505
470149320 0.744421052632 0.752011941205 0.790175438596 0.797753263522 0.762736842105 0.822202848585 0.722526315789 0.771520423226
470149324 0.771087719298 0.723058811097 0.821684210526 0.763396704941 0.797192982456 0.79076059138 0.751578947368 0.744891303989
470149328 0.794385964912 0.691298705159 0.849192982456 0.725729566042 0.827859649123 0.755661009785 0.777403508772 0.71518276715
470149348 0.761473684211 0.839271738377 0.805964912281 0.895729103716 0.78098245614 0.913842353633 0.741192982456 0.853991849863
470149352 0.787298245614 0.817707559351 0.836070175439 0.870503472394 0.812631578947 0.890523814713 0.768210526316 0.83397563545
470149356 0.811368421053 0.794186753055 0.864140350877 0.842995109257 0.842245614035 0.864794578904 0.793614035088 0.811899596126
470149360 0.833473684211 0.768849668282 0.889894736842 0.813373258437 0.869824561404 0.836815634525 0.817122807018 0.787904080682
470149364 0.853543859649 0.741853165443 0.913263157895 0.78181954778 0.895087719298 0.806760353613 0.838736842105 0.762125310006
