# Xscale/Yscale
# 273.047/319.53
436277284 0.420561295308 1.0 0.495328643054 1.0 0.495328643054 0.983319250149 0.420561295308 0.983319250149
436277288 0.336447571297 1.0 0.411214919043 1.0 0.411214919043 0.983319250149 0.336447571297 0.983319250149
436277292 0.25233750966 1.0 0.327104857406 1.0 0.327104857406 0.983319250149 0.25233750966 0.983319250149
436277296 0.168223785649 1.0 0.242991133395 1.0 0.242991133395 0.983319250149 0.168223785649 0.983319250149
436277300 0.0841137240109 1.0 0.158881071757 1.0 0.158881071757 0.983319250149 0.0841137240109 0.983319250149
436277304 0.0 1.0 0.074767347746 1.0 0.074767347746 0.983319250149 0.0 0.983319250149
436277316 0.420561295308 0.983319250149 0.495328643054 0.983319250149 0.495328643054 0.966669796263 0.420561295308 0.966669796263
436277320 0.336447571297 0.983319250149 0.411214919043 0.983319250149 0.411214919043 0.966669796263 0.336447571297 0.966669796263
436277324 0.25233750966 0.983319250149 0.327104857406 0.983319250149 0.327104857406 0.966669796263 0.25233750966 0.966669796263
436277328 0.168223785649 0.983319250149 0.242991133395 0.983319250149 0.242991133395 0.966669796263 0.168223785649 0.966669796263
436277332 0.0841137240109 0.983319250149 0.158881071757 0.983319250149 0.158881071757 0.966669796263 0.0841137240109 0.966669796263
436277336 0.0 0.983319250149 0.074767347746 0.983319250149 0.074767347746 0.966669796263 0.0 0.966669796263
436277348 0.420561295308 0.966669796263 0.495328643054 0.966669796263 0.495328643054 0.949989046412 0.420561295308 0.949989046412
436277352 0.336447571297 0.966669796263 0.411214919043 0.966669796263 0.411214919043 0.949989046412 0.336447571297 0.949989046412
436277356 0.25233750966 0.966669796263 0.327104857406 0.966669796263 0.327104857406 0.949989046412 0.25233750966 0.949989046412
436277360 0.168223785649 0.966669796263 0.242991133395 0.966669796263 0.242991133395 0.949989046412 0.168223785649 0.949989046412
436277364 0.0841137240109 0.966669796263 0.158881071757 0.966669796263 0.158881071757 0.949989046412 0.0841137240109 0.949989046412
436277368 0.0 0.966669796263 0.074767347746 0.966669796263 0.074767347746 0.949989046412 0.0 0.949989046412
436277380 0.420561295308 0.949989046412 0.495328643054 0.949989046412 0.495328643054 0.933308296561 0.420561295308 0.933308296561
436277384 0.336447571297 0.949989046412 0.411214919043 0.949989046412 0.411214919043 0.933308296561 0.336447571297 0.933308296561
436277388 0.25233750966 0.949989046412 0.327104857406 0.949989046412 0.327104857406 0.933308296561 0.25233750966 0.933308296561
436277392 0.168223785649 0.949989046412 0.242991133395 0.949989046412 0.242991133395 0.933308296561 0.168223785649 0.933308296561
436277396 0.0841137240109 0.949989046412 0.158881071757 0.949989046412 0.158881071757 0.933308296561 0.0841137240109 0.933308296561
436277400 0.0 0.949989046412 0.074767347746 0.949989046412 0.074767347746 0.933308296561 0.0 0.933308296561
436277412 0.420561295308 0.933308296561 0.495328643054 0.933308296561 0.495328643054 0.916658842675 0.420561295308 0.916658842675
436277416 0.336447571297 0.933308296561 0.411214919043 0.933308296561 0.411214919043 0.916658842675 0.336447571297 0.916658842675
436277420 0.25233750966 0.933308296561 0.327104857406 0.933308296561 0.327104857406 0.916658842675 0.25233750966 0.916658842675
436277424 0.168223785649 0.933308296561 0.242991133395 0.933308296561 0.242991133395 0.916658842675 0.168223785649 0.916658842675
436277428 0.0841137240109 0.933308296561 0.158881071757 0.933308296561 0.158881071757 0.916658842675 0.0841137240109 0.916658842675
436277432 0.0 0.933308296561 0.074767347746 0.933308296561 0.074767347746 0.916658842675 0.0 0.916658842675
436277444 0.420561295308 0.916658842675 0.495328643054 0.916658842675 0.495328643054 0.899978092824 0.420561295308 0.899978092824
436277448 0.336447571297 0.916658842675 0.411214919043 0.916658842675 0.411214919043 0.899978092824 0.336447571297 0.899978092824
436277452 0.25233750966 0.916658842675 0.327104857406 0.916658842675 0.327104857406 0.899978092824 0.25233750966 0.899978092824
436277456 0.168223785649 0.916658842675 0.242991133395 0.916658842675 0.242991133395 0.899978092824 0.168223785649 0.899978092824
436277460 0.0841137240109 0.916658842675 0.158881071757 0.916658842675 0.158881071757 0.899978092824 0.0841137240109 0.899978092824
436277464 0.0 0.916658842675 0.074767347746 0.916658842675 0.074767347746 0.899978092824 0.0 0.899978092824
436277476 0.420561295308 0.899978092824 0.495328643054 0.899978092824 0.495328643054 0.883328638938 0.420561295308 0.883328638938
436277480 0.336447571297 0.899978092824 0.411214919043 0.899978092824 0.411214919043 0.883328638938 0.336447571297 0.883328638938
436277484 0.25233750966 0.899978092824 0.327104857406 0.899978092824 0.327104857406 0.883328638938 0.25233750966 0.883328638938
436277488 0.168223785649 0.899978092824 0.242991133395 0.899978092824 0.242991133395 0.883328638938 0.168223785649 0.883328638938
436277492 0.0841137240109 0.899978092824 0.158881071757 0.899978092824 0.158881071757 0.883328638938 0.0841137240109 0.883328638938
436277496 0.0 0.899978092824 0.074767347746 0.899978092824 0.074767347746 0.883328638938 0.0 0.883328638938
436277508 0.420561295308 0.883328638938 0.495328643054 0.883328638938 0.495328643054 0.866647889087 0.420561295308 0.866647889087
436277512 0.336447571297 0.883328638938 0.411214919043 0.883328638938 0.411214919043 0.866647889087 0.336447571297 0.866647889087
436277516 0.25233750966 0.883328638938 0.327104857406 0.883328638938 0.327104857406 0.866647889087 0.25233750966 0.866647889087
436277520 0.168223785649 0.883328638938 0.242991133395 0.883328638938 0.242991133395 0.866647889087 0.168223785649 0.866647889087
436277524 0.0841137240109 0.883328638938 0.158881071757 0.883328638938 0.158881071757 0.866647889087 0.0841137240109 0.866647889087
436277528 0.0 0.883328638938 0.074767347746 0.883328638938 0.074767347746 0.866647889087 0.0 0.866647889087
436277540 0.420561295308 0.866647889087 0.495328643054 0.866647889087 0.495328643054 0.849998435202 0.420561295308 0.849998435202
436277544 0.336447571297 0.866647889087 0.411214919043 0.866647889087 0.411214919043 0.849998435202 0.336447571297 0.849998435202
436277548 0.25233750966 0.866647889087 0.327104857406 0.866647889087 0.327104857406 0.849998435202 0.25233750966 0.849998435202
436277552 0.168223785649 0.866647889087 0.242991133395 0.866647889087 0.242991133395 0.849998435202 0.168223785649 0.849998435202
436277556 0.0841137240109 0.866647889087 0.158881071757 0.866647889087 0.158881071757 0.849998435202 0.0841137240109 0.849998435202
436277560 0.0 0.866647889087 0.074767347746 0.866647889087 0.074767347746 0.849998435202 0.0 0.849998435202
436277572 0.420561295308 0.849998435202 0.495328643054 0.849998435202 0.495328643054 0.83331768535 0.420561295308 0.83331768535
436277576 0.336447571297 0.849998435202 0.411214919043 0.849998435202 0.411214919043 0.83331768535 0.336447571297 0.83331768535
436277580 0.25233750966 0.849998435202 0.327104857406 0.849998435202 0.327104857406 0.83331768535 0.25233750966 0.83331768535
436277584 0.168223785649 0.849998435202 0.242991133395 0.849998435202 0.242991133395 0.83331768535 0.168223785649 0.83331768535
436277588 0.0841137240109 0.849998435202 0.158881071757 0.849998435202 0.158881071757 0.83331768535 0.0841137240109 0.83331768535
436277592 0.0 0.849998435202 0.074767347746 0.849998435202 0.074767347746 0.83331768535 0.0 0.83331768535
436277604 0.420561295308 0.83331768535 0.495328643054 0.83331768535 0.495328643054 0.816668231465 0.420561295308 0.816668231465
436277608 0.336447571297 0.83331768535 0.411214919043 0.83331768535 0.411214919043 0.816668231465 0.336447571297 0.816668231465
436277612 0.25233750966 0.83331768535 0.327104857406 0.83331768535 0.327104857406 0.816668231465 0.25233750966 0.816668231465
436277616 0.168223785649 0.83331768535 0.242991133395 0.83331768535 0.242991133395 0.816668231465 0.168223785649 0.816668231465
436277620 0.0841137240109 0.83331768535 0.158881071757 0.83331768535 0.158881071757 0.816668231465 0.0841137240109 0.816668231465
436277624 0.0 0.83331768535 0.074767347746 0.83331768535 0.074767347746 0.816668231465 0.0 0.816668231465
436277636 0.420561295308 0.816668231465 0.495328643054 0.816668231465 0.495328643054 0.799987481614 0.420561295308 0.799987481614
436277640 0.336447571297 0.816668231465 0.411214919043 0.816668231465 0.411214919043 0.799987481614 0.336447571297 0.799987481614
436277644 0.25233750966 0.816668231465 0.327104857406 0.816668231465 0.327104857406 0.799987481614 0.25233750966 0.799987481614
436277648 0.168223785649 0.816668231465 0.242991133395 0.816668231465 0.242991133395 0.799987481614 0.168223785649 0.799987481614
436277652 0.0841137240109 0.816668231465 0.158881071757 0.816668231465 0.158881071757 0.799987481614 0.0841137240109 0.799987481614
436277656 0.0 0.816668231465 0.074767347746 0.816668231465 0.074767347746 0.799987481614 0.0 0.799987481614
436277668 0.420561295308 0.799987481614 0.495328643054 0.799987481614 0.495328643054 0.783338027728 0.420561295308 0.783338027728
436277672 0.336447571297 0.799987481614 0.411214919043 0.799987481614 0.411214919043 0.783338027728 0.336447571297 0.783338027728
436277676 0.25233750966 0.799987481614 0.327104857406 0.799987481614 0.327104857406 0.783338027728 0.25233750966 0.783338027728
436277680 0.168223785649 0.799987481614 0.242991133395 0.799987481614 0.242991133395 0.783338027728 0.168223785649 0.783338027728
436277684 0.0841137240109 0.799987481614 0.158881071757 0.799987481614 0.158881071757 0.783338027728 0.0841137240109 0.783338027728
436277688 0.0 0.799987481614 0.074767347746 0.799987481614 0.074767347746 0.783338027728 0.0 0.783338027728
436277700 0.420561295308 0.783338027728 0.495328643054 0.783338027728 0.495328643054 0.766657277877 0.420561295308 0.766657277877
436277704 0.336447571297 0.783338027728 0.411214919043 0.783338027728 0.411214919043 0.766657277877 0.336447571297 0.766657277877
436277708 0.25233750966 0.783338027728 0.327104857406 0.783338027728 0.327104857406 0.766657277877 0.25233750966 0.766657277877
436277712 0.168223785649 0.783338027728 0.242991133395 0.783338027728 0.242991133395 0.766657277877 0.168223785649 0.766657277877
436277716 0.0841137240109 0.783338027728 0.158881071757 0.783338027728 0.158881071757 0.766657277877 0.0841137240109 0.766657277877
436277720 0.0 0.783338027728 0.074767347746 0.783338027728 0.074767347746 0.766657277877 0.0 0.766657277877
436277732 0.420561295308 0.766657277877 0.495328643054 0.766657277877 0.495328643054 0.749976528026 0.420561295308 0.749976528026
436277736 0.336447571297 0.766657277877 0.411214919043 0.766657277877 0.411214919043 0.749976528026 0.336447571297 0.749976528026
436277740 0.25233750966 0.766657277877 0.327104857406 0.766657277877 0.327104857406 0.749976528026 0.25233750966 0.749976528026
436277744 0.168223785649 0.766657277877 0.242991133395 0.766657277877 0.242991133395 0.749976528026 0.168223785649 0.749976528026
436277748 0.0841137240109 0.766657277877 0.158881071757 0.766657277877 0.158881071757 0.749976528026 0.0841137240109 0.749976528026
436277752 0.0 0.766657277877 0.074767347746 0.766657277877 0.074767347746 0.749976528026 0.0 0.749976528026
436277764 0.420561295308 0.749976528026 0.495328643054 0.749976528026 0.495328643054 0.73332707414 0.420561295308 0.73332707414
436277768 0.336447571297 0.749976528026 0.411214919043 0.749976528026 0.411214919043 0.73332707414 0.336447571297 0.73332707414
436277772 0.25233750966 0.749976528026 0.327104857406 0.749976528026 0.327104857406 0.73332707414 0.25233750966 0.73332707414
436277776 0.168223785649 0.749976528026 0.242991133395 0.749976528026 0.242991133395 0.73332707414 0.168223785649 0.73332707414
436277780 0.0841137240109 0.749976528026 0.158881071757 0.749976528026 0.158881071757 0.73332707414 0.0841137240109 0.73332707414
436277784 0.0 0.749976528026 0.074767347746 0.749976528026 0.074767347746 0.73332707414 0.0 0.73332707414
436277796 0.420561295308 0.73332707414 0.495328643054 0.73332707414 0.495328643054 0.716646324289 0.420561295308 0.716646324289
436277800 0.336447571297 0.73332707414 0.411214919043 0.73332707414 0.411214919043 0.716646324289 0.336447571297 0.716646324289
436277804 0.25233750966 0.73332707414 0.327104857406 0.73332707414 0.327104857406 0.716646324289 0.25233750966 0.716646324289
436277808 0.168223785649 0.73332707414 0.242991133395 0.73332707414 0.242991133395 0.716646324289 0.168223785649 0.716646324289
436277812 0.0841137240109 0.73332707414 0.158881071757 0.73332707414 0.158881071757 0.716646324289 0.0841137240109 0.716646324289
436277816 0.0 0.73332707414 0.074767347746 0.73332707414 0.074767347746 0.716646324289 0.0 0.716646324289
436277828 0.420561295308 0.716646324289 0.495328643054 0.716646324289 0.495328643054 0.699996870403 0.420561295308 0.699996870403
436277832 0.336447571297 0.716646324289 0.411214919043 0.716646324289 0.411214919043 0.699996870403 0.336447571297 0.699996870403
436277836 0.25233750966 0.716646324289 0.327104857406 0.716646324289 0.327104857406 0.699996870403 0.25233750966 0.699996870403
436277840 0.168223785649 0.716646324289 0.242991133395 0.716646324289 0.242991133395 0.699996870403 0.168223785649 0.699996870403
436277844 0.0841137240109 0.716646324289 0.158881071757 0.716646324289 0.158881071757 0.699996870403 0.0841137240109 0.699996870403
436277848 0.0 0.716646324289 0.074767347746 0.716646324289 0.074767347746 0.699996870403 0.0 0.699996870403
436277860 0.420561295308 0.699996870403 0.495328643054 0.699996870403 0.495328643054 0.683316120552 0.420561295308 0.683316120552
436277864 0.336447571297 0.699996870403 0.411214919043 0.699996870403 0.411214919043 0.683316120552 0.336447571297 0.683316120552
436277868 0.25233750966 0.699996870403 0.327104857406 0.699996870403 0.327104857406 0.683316120552 0.25233750966 0.683316120552
436277872 0.168223785649 0.699996870403 0.242991133395 0.699996870403 0.242991133395 0.683316120552 0.168223785649 0.683316120552
436277876 0.0841137240109 0.699996870403 0.158881071757 0.699996870403 0.158881071757 0.683316120552 0.0841137240109 0.683316120552
436277880 0.0 0.699996870403 0.074767347746 0.699996870403 0.074767347746 0.683316120552 0.0 0.683316120552
436277892 0.420561295308 0.683316120552 0.495328643054 0.683316120552 0.495328643054 0.666666666667 0.420561295308 0.666666666667
436277896 0.336447571297 0.683316120552 0.411214919043 0.683316120552 0.411214919043 0.666666666667 0.336447571297 0.666666666667
436277900 0.25233750966 0.683316120552 0.327104857406 0.683316120552 0.327104857406 0.666666666667 0.25233750966 0.666666666667
436277904 0.168223785649 0.683316120552 0.242991133395 0.683316120552 0.242991133395 0.666666666667 0.168223785649 0.666666666667
436277908 0.0841137240109 0.683316120552 0.158881071757 0.683316120552 0.158881071757 0.666666666667 0.0841137240109 0.666666666667
436277912 0.0 0.683316120552 0.074767347746 0.683316120552 0.074767347746 0.666666666667 0.0 0.666666666667
436277924 0.420561295308 0.666666666667 0.495328643054 0.666666666667 0.495328643054 0.649985916815 0.420561295308 0.649985916815
436277928 0.336447571297 0.666666666667 0.411214919043 0.666666666667 0.411214919043 0.649985916815 0.336447571297 0.649985916815
436277932 0.25233750966 0.666666666667 0.327104857406 0.666666666667 0.327104857406 0.649985916815 0.25233750966 0.649985916815
436277936 0.168223785649 0.666666666667 0.242991133395 0.666666666667 0.242991133395 0.649985916815 0.168223785649 0.649985916815
436277940 0.0841137240109 0.666666666667 0.158881071757 0.666666666667 0.158881071757 0.649985916815 0.0841137240109 0.649985916815
436277944 0.0 0.666666666667 0.074767347746 0.666666666667 0.074767347746 0.649985916815 0.0 0.649985916815
436277956 0.420561295308 0.649985916815 0.495328643054 0.649985916815 0.495328643054 0.63333646293 0.420561295308 0.63333646293
436277960 0.336447571297 0.649985916815 0.411214919043 0.649985916815 0.411214919043 0.63333646293 0.336447571297 0.63333646293
436277964 0.25233750966 0.649985916815 0.327104857406 0.649985916815 0.327104857406 0.63333646293 0.25233750966 0.63333646293
436277968 0.168223785649 0.649985916815 0.242991133395 0.649985916815 0.242991133395 0.63333646293 0.168223785649 0.63333646293
436277972 0.0841137240109 0.649985916815 0.158881071757 0.649985916815 0.158881071757 0.63333646293 0.0841137240109 0.63333646293
436277976 0.0 0.649985916815 0.074767347746 0.649985916815 0.074767347746 0.63333646293 0.0 0.63333646293
436277988 0.420561295308 0.63333646293 0.495328643054 0.63333646293 0.495328643054 0.616655713079 0.420561295308 0.616655713079
436277992 0.336447571297 0.63333646293 0.411214919043 0.63333646293 0.411214919043 0.616655713079 0.336447571297 0.616655713079
436277996 0.25233750966 0.63333646293 0.327104857406 0.63333646293 0.327104857406 0.616655713079 0.25233750966 0.616655713079
436278000 0.168223785649 0.63333646293 0.242991133395 0.63333646293 0.242991133395 0.616655713079 0.168223785649 0.616655713079
436278004 0.0841137240109 0.63333646293 0.158881071757 0.63333646293 0.158881071757 0.616655713079 0.0841137240109 0.616655713079
436278008 0.0 0.63333646293 0.074767347746 0.63333646293 0.074767347746 0.616655713079 0.0 0.616655713079
436278020 0.420561295308 0.616655713079 0.495328643054 0.616655713079 0.495328643054 0.600006259193 0.420561295308 0.600006259193
436278024 0.336447571297 0.616655713079 0.411214919043 0.616655713079 0.411214919043 0.600006259193 0.336447571297 0.600006259193
436278028 0.25233750966 0.616655713079 0.327104857406 0.616655713079 0.327104857406 0.600006259193 0.25233750966 0.600006259193
436278032 0.168223785649 0.616655713079 0.242991133395 0.616655713079 0.242991133395 0.600006259193 0.168223785649 0.600006259193
436278036 0.0841137240109 0.616655713079 0.158881071757 0.616655713079 0.158881071757 0.600006259193 0.0841137240109 0.600006259193
436278040 0.0 0.616655713079 0.074767347746 0.616655713079 0.074767347746 0.600006259193 0.0 0.600006259193
436278052 0.420561295308 0.600006259193 0.495328643054 0.600006259193 0.495328643054 0.583325509342 0.420561295308 0.583325509342
436278056 0.336447571297 0.600006259193 0.411214919043 0.600006259193 0.411214919043 0.583325509342 0.336447571297 0.583325509342
436278060 0.25233750966 0.600006259193 0.327104857406 0.600006259193 0.327104857406 0.583325509342 0.25233750966 0.583325509342
436278064 0.168223785649 0.600006259193 0.242991133395 0.600006259193 0.242991133395 0.583325509342 0.168223785649 0.583325509342
436278068 0.0841137240109 0.600006259193 0.158881071757 0.600006259193 0.158881071757 0.583325509342 0.0841137240109 0.583325509342
436278072 0.0 0.600006259193 0.074767347746 0.600006259193 0.074767347746 0.583325509342 0.0 0.583325509342
436278084 0.420561295308 0.583325509342 0.495328643054 0.583325509342 0.495328643054 0.566644759491 0.420561295308 0.566644759491
436278088 0.336447571297 0.583325509342 0.411214919043 0.583325509342 0.411214919043 0.566644759491 0.336447571297 0.566644759491
436278092 0.25233750966 0.583325509342 0.327104857406 0.583325509342 0.327104857406 0.566644759491 0.25233750966 0.566644759491
436278096 0.168223785649 0.583325509342 0.242991133395 0.583325509342 0.242991133395 0.566644759491 0.168223785649 0.566644759491
436278100 0.0841137240109 0.583325509342 0.158881071757 0.583325509342 0.158881071757 0.566644759491 0.0841137240109 0.566644759491
436278104 0.0 0.583325509342 0.074767347746 0.583325509342 0.074767347746 0.566644759491 0.0 0.566644759491
436278116 0.420561295308 0.566644759491 0.495328643054 0.566644759491 0.495328643054 0.549995305605 0.420561295308 0.549995305605
436278120 0.336447571297 0.566644759491 0.411214919043 0.566644759491 0.411214919043 0.549995305605 0.336447571297 0.549995305605
436278124 0.25233750966 0.566644759491 0.327104857406 0.566644759491 0.327104857406 0.549995305605 0.25233750966 0.549995305605
436278128 0.168223785649 0.566644759491 0.242991133395 0.566644759491 0.242991133395 0.549995305605 0.168223785649 0.549995305605
436278132 0.0841137240109 0.566644759491 0.158881071757 0.566644759491 0.158881071757 0.549995305605 0.0841137240109 0.549995305605
436278136 0.0 0.566644759491 0.074767347746 0.566644759491 0.074767347746 0.549995305605 0.0 0.549995305605
436278148 0.420561295308 0.549995305605 0.495328643054 0.549995305605 0.495328643054 0.533314555754 0.420561295308 0.533314555754
436278152 0.336447571297 0.549995305605 0.411214919043 0.549995305605 0.411214919043 0.533314555754 0.336447571297 0.533314555754
436278156 0.25233750966 0.549995305605 0.327104857406 0.549995305605 0.327104857406 0.533314555754 0.25233750966 0.533314555754
436278160 0.168223785649 0.549995305605 0.242991133395 0.549995305605 0.242991133395 0.533314555754 0.168223785649 0.533314555754
436278164 0.0841137240109 0.549995305605 0.158881071757 0.549995305605 0.158881071757 0.533314555754 0.0841137240109 0.533314555754
436278168 0.0 0.549995305605 0.074767347746 0.549995305605 0.074767347746 0.533314555754 0.0 0.533314555754
436278180 0.420561295308 0.533314555754 0.495328643054 0.533314555754 0.495328643054 0.516665101868 0.420561295308 0.516665101868
436278184 0.336447571297 0.533314555754 0.411214919043 0.533314555754 0.411214919043 0.516665101868 0.336447571297 0.516665101868
436278188 0.25233750966 0.533314555754 0.327104857406 0.533314555754 0.327104857406 0.516665101868 0.25233750966 0.516665101868
436278192 0.168223785649 0.533314555754 0.242991133395 0.533314555754 0.242991133395 0.516665101868 0.168223785649 0.516665101868
436278196 0.0841137240109 0.533314555754 0.158881071757 0.533314555754 0.158881071757 0.516665101868 0.0841137240109 0.516665101868
436278200 0.0 0.533314555754 0.074767347746 0.533314555754 0.074767347746 0.516665101868 0.0 0.516665101868
436278212 0.420561295308 0.516665101868 0.495328643054 0.516665101868 0.495328643054 0.499984352017 0.420561295308 0.499984352017
436278216 0.336447571297 0.516665101868 0.411214919043 0.516665101868 0.411214919043 0.499984352017 0.336447571297 0.499984352017
436278220 0.25233750966 0.516665101868 0.327104857406 0.516665101868 0.327104857406 0.499984352017 0.25233750966 0.499984352017
436278224 0.168223785649 0.516665101868 0.242991133395 0.516665101868 0.242991133395 0.499984352017 0.168223785649 0.499984352017
436278228 0.0841137240109 0.516665101868 0.158881071757 0.516665101868 0.158881071757 0.499984352017 0.0841137240109 0.499984352017
436278232 0.0 0.516665101868 0.074767347746 0.516665101868 0.074767347746 0.499984352017 0.0 0.499984352017
436278244 0.420561295308 0.499984352017 0.495328643054 0.499984352017 0.495328643054 0.483334898132 0.420561295308 0.483334898132
436278248 0.336447571297 0.499984352017 0.411214919043 0.499984352017 0.411214919043 0.483334898132 0.336447571297 0.483334898132
436278252 0.25233750966 0.499984352017 0.327104857406 0.499984352017 0.327104857406 0.483334898132 0.25233750966 0.483334898132
436278256 0.168223785649 0.499984352017 0.242991133395 0.499984352017 0.242991133395 0.483334898132 0.168223785649 0.483334898132
436278260 0.0841137240109 0.499984352017 0.158881071757 0.499984352017 0.158881071757 0.483334898132 0.0841137240109 0.483334898132
436278264 0.0 0.499984352017 0.074767347746 0.499984352017 0.074767347746 0.483334898132 0.0 0.483334898132
436278276 0.420561295308 0.483334898132 0.495328643054 0.483334898132 0.495328643054 0.46665414828 0.420561295308 0.46665414828
436278280 0.336447571297 0.483334898132 0.411214919043 0.483334898132 0.411214919043 0.46665414828 0.336447571297 0.46665414828
436278284 0.25233750966 0.483334898132 0.327104857406 0.483334898132 0.327104857406 0.46665414828 0.25233750966 0.46665414828
436278288 0.168223785649 0.483334898132 0.242991133395 0.483334898132 0.242991133395 0.46665414828 0.168223785649 0.46665414828
436278292 0.0841137240109 0.483334898132 0.158881071757 0.483334898132 0.158881071757 0.46665414828 0.0841137240109 0.46665414828
436278296 0.0 0.483334898132 0.074767347746 0.483334898132 0.074767347746 0.46665414828 0.0 0.46665414828
436278308 0.420561295308 0.46665414828 0.495328643054 0.46665414828 0.495328643054 0.450004694395 0.420561295308 0.450004694395
436278312 0.336447571297 0.46665414828 0.411214919043 0.46665414828 0.411214919043 0.450004694395 0.336447571297 0.450004694395
436278316 0.25233750966 0.46665414828 0.327104857406 0.46665414828 0.327104857406 0.450004694395 0.25233750966 0.450004694395
436278320 0.168223785649 0.46665414828 0.242991133395 0.46665414828 0.242991133395 0.450004694395 0.168223785649 0.450004694395
436278324 0.0841137240109 0.46665414828 0.158881071757 0.46665414828 0.158881071757 0.450004694395 0.0841137240109 0.450004694395
436278328 0.0 0.46665414828 0.074767347746 0.46665414828 0.074767347746 0.450004694395 0.0 0.450004694395
436278340 0.420561295308 0.450004694395 0.495328643054 0.450004694395 0.495328643054 0.433323944544 0.420561295308 0.433323944544
436278344 0.336447571297 0.450004694395 0.411214919043 0.450004694395 0.411214919043 0.433323944544 0.336447571297 0.433323944544
436278348 0.25233750966 0.450004694395 0.327104857406 0.450004694395 0.327104857406 0.433323944544 0.25233750966 0.433323944544
436278352 0.168223785649 0.450004694395 0.242991133395 0.450004694395 0.242991133395 0.433323944544 0.168223785649 0.433323944544
436278356 0.0841137240109 0.450004694395 0.158881071757 0.450004694395 0.158881071757 0.433323944544 0.0841137240109 0.433323944544
436278360 0.0 0.450004694395 0.074767347746 0.450004694395 0.074767347746 0.433323944544 0.0 0.433323944544
436278372 0.420561295308 0.433323944544 0.495328643054 0.433323944544 0.495328643054 0.416674490658 0.420561295308 0.416674490658
436278376 0.336447571297 0.433323944544 0.411214919043 0.433323944544 0.411214919043 0.416674490658 0.336447571297 0.416674490658
436278380 0.25233750966 0.433323944544 0.327104857406 0.433323944544 0.327104857406 0.416674490658 0.25233750966 0.416674490658
436278384 0.168223785649 0.433323944544 0.242991133395 0.433323944544 0.242991133395 0.416674490658 0.168223785649 0.416674490658
436278388 0.0841137240109 0.433323944544 0.158881071757 0.433323944544 0.158881071757 0.416674490658 0.0841137240109 0.416674490658
436278392 0.0 0.433323944544 0.074767347746 0.433323944544 0.074767347746 0.416674490658 0.0 0.416674490658
436278404 0.420561295308 0.416674490658 0.495328643054 0.416674490658 0.495328643054 0.399993740807 0.420561295308 0.399993740807
436278408 0.336447571297 0.416674490658 0.411214919043 0.416674490658 0.411214919043 0.399993740807 0.336447571297 0.399993740807
436278412 0.25233750966 0.416674490658 0.327104857406 0.416674490658 0.327104857406 0.399993740807 0.25233750966 0.399993740807
436278416 0.168223785649 0.416674490658 0.242991133395 0.416674490658 0.242991133395 0.399993740807 0.168223785649 0.399993740807
436278420 0.0841137240109 0.416674490658 0.158881071757 0.416674490658 0.158881071757 0.399993740807 0.0841137240109 0.399993740807
436278424 0.0 0.416674490658 0.074767347746 0.416674490658 0.074767347746 0.399993740807 0.0 0.399993740807
436278436 0.420561295308 0.399993740807 0.495328643054 0.399993740807 0.495328643054 0.383344286921 0.420561295308 0.383344286921
436278440 0.336447571297 0.399993740807 0.411214919043 0.399993740807 0.411214919043 0.383344286921 0.336447571297 0.383344286921
436278444 0.25233750966 0.399993740807 0.327104857406 0.399993740807 0.327104857406 0.383344286921 0.25233750966 0.383344286921
436278448 0.168223785649 0.399993740807 0.242991133395 0.399993740807 0.242991133395 0.383344286921 0.168223785649 0.383344286921
436278452 0.0841137240109 0.399993740807 0.158881071757 0.399993740807 0.158881071757 0.383344286921 0.0841137240109 0.383344286921
436278456 0.0 0.399993740807 0.074767347746 0.399993740807 0.074767347746 0.383344286921 0.0 0.383344286921
436278468 0.420561295308 0.383344286921 0.495328643054 0.383344286921 0.495328643054 0.36666353707 0.420561295308 0.36666353707
436278472 0.336447571297 0.383344286921 0.411214919043 0.383344286921 0.411214919043 0.36666353707 0.336447571297 0.36666353707
436278476 0.25233750966 0.383344286921 0.327104857406 0.383344286921 0.327104857406 0.36666353707 0.25233750966 0.36666353707
436278480 0.168223785649 0.383344286921 0.242991133395 0.383344286921 0.242991133395 0.36666353707 0.168223785649 0.36666353707
436278484 0.0841137240109 0.383344286921 0.158881071757 0.383344286921 0.158881071757 0.36666353707 0.0841137240109 0.36666353707
436278488 0.0 0.383344286921 0.074767347746 0.383344286921 0.074767347746 0.36666353707 0.0 0.36666353707
436278500 0.420561295308 0.36666353707 0.495328643054 0.36666353707 0.495328643054 0.349982787219 0.420561295308 0.349982787219
436278504 0.336447571297 0.36666353707 0.411214919043 0.36666353707 0.411214919043 0.349982787219 0.336447571297 0.349982787219
436278508 0.25233750966 0.36666353707 0.327104857406 0.36666353707 0.327104857406 0.349982787219 0.25233750966 0.349982787219
436278512 0.168223785649 0.36666353707 0.242991133395 0.36666353707 0.242991133395 0.349982787219 0.168223785649 0.349982787219
436278516 0.0841137240109 0.36666353707 0.158881071757 0.36666353707 0.158881071757 0.349982787219 0.0841137240109 0.349982787219
436278520 0.0 0.36666353707 0.074767347746 0.36666353707 0.074767347746 0.349982787219 0.0 0.349982787219
436278532 0.420561295308 0.349982787219 0.495328643054 0.349982787219 0.495328643054 0.333333333333 0.420561295308 0.333333333333
436278536 0.336447571297 0.349982787219 0.411214919043 0.349982787219 0.411214919043 0.333333333333 0.336447571297 0.333333333333
436278540 0.25233750966 0.349982787219 0.327104857406 0.349982787219 0.327104857406 0.333333333333 0.25233750966 0.333333333333
436278544 0.168223785649 0.349982787219 0.242991133395 0.349982787219 0.242991133395 0.333333333333 0.168223785649 0.333333333333
436278548 0.0841137240109 0.349982787219 0.158881071757 0.349982787219 0.158881071757 0.333333333333 0.0841137240109 0.333333333333
436278552 0.0 0.349982787219 0.074767347746 0.349982787219 0.074767347746 0.333333333333 0.0 0.333333333333
436278564 0.420561295308 0.333333333333 0.495328643054 0.333333333333 0.495328643054 0.316652583482 0.420561295308 0.316652583482
436278568 0.336447571297 0.333333333333 0.411214919043 0.333333333333 0.411214919043 0.316652583482 0.336447571297 0.316652583482
436278572 0.25233750966 0.333333333333 0.327104857406 0.333333333333 0.327104857406 0.316652583482 0.25233750966 0.316652583482
436278576 0.168223785649 0.333333333333 0.242991133395 0.333333333333 0.242991133395 0.316652583482 0.168223785649 0.316652583482
436278580 0.0841137240109 0.333333333333 0.158881071757 0.333333333333 0.158881071757 0.316652583482 0.0841137240109 0.316652583482
436278584 0.0 0.333333333333 0.074767347746 0.333333333333 0.074767347746 0.316652583482 0.0 0.316652583482
436278596 0.420561295308 0.316652583482 0.495328643054 0.316652583482 0.495328643054 0.300003129597 0.420561295308 0.300003129597
436278600 0.336447571297 0.316652583482 0.411214919043 0.316652583482 0.411214919043 0.300003129597 0.336447571297 0.300003129597
436278604 0.25233750966 0.316652583482 0.327104857406 0.316652583482 0.327104857406 0.300003129597 0.25233750966 0.300003129597
436278608 0.168223785649 0.316652583482 0.242991133395 0.316652583482 0.242991133395 0.300003129597 0.168223785649 0.300003129597
436278612 0.0841137240109 0.316652583482 0.158881071757 0.316652583482 0.158881071757 0.300003129597 0.0841137240109 0.300003129597
436278616 0.0 0.316652583482 0.074767347746 0.316652583482 0.074767347746 0.300003129597 0.0 0.300003129597
436278628 0.420561295308 0.300003129597 0.495328643054 0.300003129597 0.495328643054 0.283322379745 0.420561295308 0.283322379745
436278632 0.336447571297 0.300003129597 0.411214919043 0.300003129597 0.411214919043 0.283322379745 0.336447571297 0.283322379745
436278636 0.25233750966 0.300003129597 0.327104857406 0.300003129597 0.327104857406 0.283322379745 0.25233750966 0.283322379745
436278640 0.168223785649 0.300003129597 0.242991133395 0.300003129597 0.242991133395 0.283322379745 0.168223785649 0.283322379745
436278644 0.0841137240109 0.300003129597 0.158881071757 0.300003129597 0.158881071757 0.283322379745 0.0841137240109 0.283322379745
436278648 0.0 0.300003129597 0.074767347746 0.300003129597 0.074767347746 0.283322379745 0.0 0.283322379745
436278660 0.420561295308 0.283322379745 0.495328643054 0.283322379745 0.495328643054 0.26667292586 0.420561295308 0.26667292586
436278664 0.336447571297 0.283322379745 0.411214919043 0.283322379745 0.411214919043 0.26667292586 0.336447571297 0.26667292586
436278668 0.25233750966 0.283322379745 0.327104857406 0.283322379745 0.327104857406 0.26667292586 0.25233750966 0.26667292586
436278672 0.168223785649 0.283322379745 0.242991133395 0.283322379745 0.242991133395 0.26667292586 0.168223785649 0.26667292586
436278676 0.0841137240109 0.283322379745 0.158881071757 0.283322379745 0.158881071757 0.26667292586 0.0841137240109 0.26667292586
436278680 0.0 0.283322379745 0.074767347746 0.283322379745 0.074767347746 0.26667292586 0.0 0.26667292586
436278692 0.420561295308 0.26667292586 0.495328643054 0.26667292586 0.495328643054 0.249992176009 0.420561295308 0.249992176009
436278696 0.336447571297 0.26667292586 0.411214919043 0.26667292586 0.411214919043 0.249992176009 0.336447571297 0.249992176009
436278700 0.25233750966 0.26667292586 0.327104857406 0.26667292586 0.327104857406 0.249992176009 0.25233750966 0.249992176009
436278704 0.168223785649 0.26667292586 0.242991133395 0.26667292586 0.242991133395 0.249992176009 0.168223785649 0.249992176009
436278708 0.0841137240109 0.26667292586 0.158881071757 0.26667292586 0.158881071757 0.249992176009 0.0841137240109 0.249992176009
436278712 0.0 0.26667292586 0.074767347746 0.26667292586 0.074767347746 0.249992176009 0.0 0.249992176009
436278724 0.420561295308 0.249992176009 0.495328643054 0.249992176009 0.495328643054 0.233342722123 0.420561295308 0.233342722123
436278728 0.336447571297 0.249992176009 0.411214919043 0.249992176009 0.411214919043 0.233342722123 0.336447571297 0.233342722123
436278732 0.25233750966 0.249992176009 0.327104857406 0.249992176009 0.327104857406 0.233342722123 0.25233750966 0.233342722123
436278736 0.168223785649 0.249992176009 0.242991133395 0.249992176009 0.242991133395 0.233342722123 0.168223785649 0.233342722123
436278740 0.0841137240109 0.249992176009 0.158881071757 0.249992176009 0.158881071757 0.233342722123 0.0841137240109 0.233342722123
436278744 0.0 0.249992176009 0.074767347746 0.249992176009 0.074767347746 0.233342722123 0.0 0.233342722123
436278756 0.420561295308 0.233342722123 0.495328643054 0.233342722123 0.495328643054 0.216661972272 0.420561295308 0.216661972272
436278760 0.336447571297 0.233342722123 0.411214919043 0.233342722123 0.411214919043 0.216661972272 0.336447571297 0.216661972272
436278764 0.25233750966 0.233342722123 0.327104857406 0.233342722123 0.327104857406 0.216661972272 0.25233750966 0.216661972272
436278768 0.168223785649 0.233342722123 0.242991133395 0.233342722123 0.242991133395 0.216661972272 0.168223785649 0.216661972272
436278772 0.0841137240109 0.233342722123 0.158881071757 0.233342722123 0.158881071757 0.216661972272 0.0841137240109 0.216661972272
436278776 0.0 0.233342722123 0.074767347746 0.233342722123 0.074767347746 0.216661972272 0.0 0.216661972272
436278788 0.420561295308 0.216661972272 0.495328643054 0.216661972272 0.495328643054 0.200012518386 0.420561295308 0.200012518386
436278792 0.336447571297 0.216661972272 0.411214919043 0.216661972272 0.411214919043 0.200012518386 0.336447571297 0.200012518386
436278796 0.25233750966 0.216661972272 0.327104857406 0.216661972272 0.327104857406 0.200012518386 0.25233750966 0.200012518386
436278800 0.168223785649 0.216661972272 0.242991133395 0.216661972272 0.242991133395 0.200012518386 0.168223785649 0.200012518386
436278804 0.0841137240109 0.216661972272 0.158881071757 0.216661972272 0.158881071757 0.200012518386 0.0841137240109 0.200012518386
436278808 0.0 0.216661972272 0.074767347746 0.216661972272 0.074767347746 0.200012518386 0.0 0.200012518386
436278820 0.420561295308 0.200012518386 0.495328643054 0.200012518386 0.495328643054 0.183331768535 0.420561295308 0.183331768535
436278824 0.336447571297 0.200012518386 0.411214919043 0.200012518386 0.411214919043 0.183331768535 0.336447571297 0.183331768535
436278828 0.25233750966 0.200012518386 0.327104857406 0.200012518386 0.327104857406 0.183331768535 0.25233750966 0.183331768535
436278832 0.168223785649 0.200012518386 0.242991133395 0.200012518386 0.242991133395 0.183331768535 0.168223785649 0.183331768535
436278836 0.0841137240109 0.200012518386 0.158881071757 0.200012518386 0.158881071757 0.183331768535 0.0841137240109 0.183331768535
436278840 0.0 0.200012518386 0.074767347746 0.200012518386 0.074767347746 0.183331768535 0.0 0.183331768535
436278852 0.420561295308 0.183331768535 0.495328643054 0.183331768535 0.495328643054 0.166651018684 0.420561295308 0.166651018684
436278856 0.336447571297 0.183331768535 0.411214919043 0.183331768535 0.411214919043 0.166651018684 0.336447571297 0.166651018684
436278860 0.25233750966 0.183331768535 0.327104857406 0.183331768535 0.327104857406 0.166651018684 0.25233750966 0.166651018684
436278864 0.168223785649 0.183331768535 0.242991133395 0.183331768535 0.242991133395 0.166651018684 0.168223785649 0.166651018684
436278868 0.0841137240109 0.183331768535 0.158881071757 0.183331768535 0.158881071757 0.166651018684 0.0841137240109 0.166651018684
436278872 0.0 0.183331768535 0.074767347746 0.183331768535 0.074767347746 0.166651018684 0.0 0.166651018684
436278884 0.420561295308 0.166651018684 0.495328643054 0.166651018684 0.495328643054 0.150001564798 0.420561295308 0.150001564798
436278888 0.336447571297 0.166651018684 0.411214919043 0.166651018684 0.411214919043 0.150001564798 0.336447571297 0.150001564798
436278892 0.25233750966 0.166651018684 0.327104857406 0.166651018684 0.327104857406 0.150001564798 0.25233750966 0.150001564798
436278896 0.168223785649 0.166651018684 0.242991133395 0.166651018684 0.242991133395 0.150001564798 0.168223785649 0.150001564798
436278900 0.0841137240109 0.166651018684 0.158881071757 0.166651018684 0.158881071757 0.150001564798 0.0841137240109 0.150001564798
436278904 0.0 0.166651018684 0.074767347746 0.166651018684 0.074767347746 0.150001564798 0.0 0.150001564798
436278916 0.420561295308 0.150001564798 0.495328643054 0.150001564798 0.495328643054 0.133320814947 0.420561295308 0.133320814947
436278920 0.336447571297 0.150001564798 0.411214919043 0.150001564798 0.411214919043 0.133320814947 0.336447571297 0.133320814947
436278924 0.25233750966 0.150001564798 0.327104857406 0.150001564798 0.327104857406 0.133320814947 0.25233750966 0.133320814947
436278928 0.168223785649 0.150001564798 0.242991133395 0.150001564798 0.242991133395 0.133320814947 0.168223785649 0.133320814947
436278932 0.0841137240109 0.150001564798 0.158881071757 0.150001564798 0.158881071757 0.133320814947 0.0841137240109 0.133320814947
436278936 0.0 0.150001564798 0.074767347746 0.150001564798 0.074767347746 0.133320814947 0.0 0.133320814947
436278948 0.420561295308 0.133320814947 0.495328643054 0.133320814947 0.495328643054 0.116671361062 0.420561295308 0.116671361062
436278952 0.336447571297 0.133320814947 0.411214919043 0.133320814947 0.411214919043 0.116671361062 0.336447571297 0.116671361062
436278956 0.25233750966 0.133320814947 0.327104857406 0.133320814947 0.327104857406 0.116671361062 0.25233750966 0.116671361062
436278960 0.168223785649 0.133320814947 0.242991133395 0.133320814947 0.242991133395 0.116671361062 0.168223785649 0.116671361062
436278964 0.0841137240109 0.133320814947 0.158881071757 0.133320814947 0.158881071757 0.116671361062 0.0841137240109 0.116671361062
436278968 0.0 0.133320814947 0.074767347746 0.133320814947 0.074767347746 0.116671361062 0.0 0.116671361062
436278980 0.420561295308 0.116671361062 0.495328643054 0.116671361062 0.495328643054 0.0999906112102 0.420561295308 0.0999906112102
436278984 0.336447571297 0.116671361062 0.411214919043 0.116671361062 0.411214919043 0.0999906112102 0.336447571297 0.0999906112102
436278988 0.25233750966 0.116671361062 0.327104857406 0.116671361062 0.327104857406 0.0999906112102 0.25233750966 0.0999906112102
436278992 0.168223785649 0.116671361062 0.242991133395 0.116671361062 0.242991133395 0.0999906112102 0.168223785649 0.0999906112102
436278996 0.0841137240109 0.116671361062 0.158881071757 0.116671361062 0.158881071757 0.0999906112102 0.0841137240109 0.0999906112102
436279000 0.0 0.116671361062 0.074767347746 0.116671361062 0.074767347746 0.0999906112102 0.0 0.0999906112102
436279012 0.420561295308 0.0999906112102 0.495328643054 0.0999906112102 0.495328643054 0.0833411573248 0.420561295308 0.0833411573248
436279016 0.336447571297 0.0999906112102 0.411214919043 0.0999906112102 0.411214919043 0.0833411573248 0.336447571297 0.0833411573248
436279020 0.25233750966 0.0999906112102 0.327104857406 0.0999906112102 0.327104857406 0.0833411573248 0.25233750966 0.0833411573248
436279024 0.168223785649 0.0999906112102 0.242991133395 0.0999906112102 0.242991133395 0.0833411573248 0.168223785649 0.0833411573248
436279028 0.0841137240109 0.0999906112102 0.158881071757 0.0999906112102 0.158881071757 0.0833411573248 0.0841137240109 0.0833411573248
436279032 0.0 0.0999906112102 0.074767347746 0.0999906112102 0.074767347746 0.0833411573248 0.0 0.0833411573248
436279044 0.420561295308 0.0833411573248 0.495328643054 0.0833411573248 0.495328643054 0.0666604074735 0.420561295308 0.0666604074735
436279048 0.336447571297 0.0833411573248 0.411214919043 0.0833411573248 0.411214919043 0.0666604074735 0.336447571297 0.0666604074735
436279052 0.25233750966 0.0833411573248 0.327104857406 0.0833411573248 0.327104857406 0.0666604074735 0.25233750966 0.0666604074735
436279056 0.168223785649 0.0833411573248 0.242991133395 0.0833411573248 0.242991133395 0.0666604074735 0.168223785649 0.0666604074735
436279060 0.0841137240109 0.0833411573248 0.158881071757 0.0833411573248 0.158881071757 0.0666604074735 0.0841137240109 0.0666604074735
436279064 0.0 0.0833411573248 0.074767347746 0.0833411573248 0.074767347746 0.0666604074735 0.0 0.0666604074735
436279076 0.420561295308 0.0666604074735 0.495328643054 0.0666604074735 0.495328643054 0.0500109535881 0.420561295308 0.0500109535881
436279080 0.336447571297 0.0666604074735 0.411214919043 0.0666604074735 0.411214919043 0.0500109535881 0.336447571297 0.0500109535881
436279084 0.25233750966 0.0666604074735 0.327104857406 0.0666604074735 0.327104857406 0.0500109535881 0.25233750966 0.0500109535881
436279088 0.168223785649 0.0666604074735 0.242991133395 0.0666604074735 0.242991133395 0.0500109535881 0.168223785649 0.0500109535881
436279092 0.0841137240109 0.0666604074735 0.158881071757 0.0666604074735 0.158881071757 0.0500109535881 0.0841137240109 0.0500109535881
436279096 0.0 0.0666604074735 0.074767347746 0.0666604074735 0.074767347746 0.0500109535881 0.0 0.0500109535881
436279108 0.420561295308 0.0500109535881 0.495328643054 0.0500109535881 0.495328643054 0.0333302037367 0.420561295308 0.0333302037367
436279112 0.336447571297 0.0500109535881 0.411214919043 0.0500109535881 0.411214919043 0.0333302037367 0.336447571297 0.0333302037367
436279116 0.25233750966 0.0500109535881 0.327104857406 0.0500109535881 0.327104857406 0.0333302037367 0.25233750966 0.0333302037367
436279120 0.168223785649 0.0500109535881 0.242991133395 0.0500109535881 0.242991133395 0.0333302037367 0.168223785649 0.0333302037367
436279124 0.0841137240109 0.0500109535881 0.158881071757 0.0500109535881 0.158881071757 0.0333302037367 0.0841137240109 0.0333302037367
436279128 0.0 0.0500109535881 0.074767347746 0.0500109535881 0.074767347746 0.0333302037367 0.0 0.0333302037367
436279140 0.420561295308 0.0333302037367 0.495328643054 0.0333302037367 0.495328643054 0.0166807498513 0.420561295308 0.0166807498513
436279144 0.336447571297 0.0333302037367 0.411214919043 0.0333302037367 0.411214919043 0.0166807498513 0.336447571297 0.0166807498513
436279148 0.25233750966 0.0333302037367 0.327104857406 0.0333302037367 0.327104857406 0.0166807498513 0.25233750966 0.0166807498513
436279152 0.168223785649 0.0333302037367 0.242991133395 0.0333302037367 0.242991133395 0.0166807498513 0.168223785649 0.0166807498513
436279156 0.0841137240109 0.0333302037367 0.158881071757 0.0333302037367 0.158881071757 0.0166807498513 0.0841137240109 0.0166807498513
436279160 0.0 0.0333302037367 0.074767347746 0.0333302037367 0.074767347746 0.0166807498513 0.0 0.0166807498513
436279172 0.420561295308 0.0166807498513 0.495328643054 0.0166807498513 0.495328643054 0.0 0.420561295308 0.0
436279176 0.336447571297 0.0166807498513 0.411214919043 0.0166807498513 0.411214919043 0.0 0.336447571297 0.0
436279180 0.25233750966 0.0166807498513 0.327104857406 0.0166807498513 0.327104857406 0.0 0.25233750966 0.0
436279184 0.168223785649 0.0166807498513 0.242991133395 0.0166807498513 0.242991133395 0.0 0.168223785649 0.0
436279188 0.0841137240109 0.0166807498513 0.158881071757 0.0166807498513 0.158881071757 0.0 0.0841137240109 0.0
436279192 0.0 0.0166807498513 0.074767347746 0.0166807498513 0.074767347746 0.0 0.0 0.0
436281380 0.504671356946 1.0 0.579438704692 1.0 0.579438704692 0.983319250149 0.504671356946 0.983319250149
436281384 0.588785080957 1.0 0.663552428703 1.0 0.663552428703 0.983319250149 0.588785080957 0.983319250149
436281388 0.672898804968 1.0 0.74766249034 1.0 0.74766249034 0.983319250149 0.672898804968 0.983319250149
436281392 0.757008866605 1.0 0.831776214351 1.0 0.831776214351 0.983319250149 0.757008866605 0.983319250149
436281396 0.841122590616 1.0 0.915886275989 1.0 0.915886275989 0.983319250149 0.841122590616 0.983319250149
436281400 0.925232652254 1.0 1.0 1.0 1.0 0.983319250149 0.925232652254 0.983319250149
436281412 0.504671356946 0.983319250149 0.579438704692 0.983319250149 0.579438704692 0.966669796263 0.504671356946 0.966669796263
436281416 0.588785080957 0.983319250149 0.663552428703 0.983319250149 0.663552428703 0.966669796263 0.588785080957 0.966669796263
436281420 0.672898804968 0.983319250149 0.74766249034 0.983319250149 0.74766249034 0.966669796263 0.672898804968 0.966669796263
436281424 0.757008866605 0.983319250149 0.831776214351 0.983319250149 0.831776214351 0.966669796263 0.757008866605 0.966669796263
436281428 0.841122590616 0.983319250149 0.915886275989 0.983319250149 0.915886275989 0.966669796263 0.841122590616 0.966669796263
436281432 0.925232652254 0.983319250149 1.0 0.983319250149 1.0 0.966669796263 0.925232652254 0.966669796263
436281444 0.504671356946 0.966669796263 0.579438704692 0.966669796263 0.579438704692 0.949989046412 0.504671356946 0.949989046412
436281448 0.588785080957 0.966669796263 0.663552428703 0.966669796263 0.663552428703 0.949989046412 0.588785080957 0.949989046412
436281452 0.672898804968 0.966669796263 0.74766249034 0.966669796263 0.74766249034 0.949989046412 0.672898804968 0.949989046412
436281456 0.757008866605 0.966669796263 0.831776214351 0.966669796263 0.831776214351 0.949989046412 0.757008866605 0.949989046412
436281460 0.841122590616 0.966669796263 0.915886275989 0.966669796263 0.915886275989 0.949989046412 0.841122590616 0.949989046412
436281464 0.925232652254 0.966669796263 1.0 0.966669796263 1.0 0.949989046412 0.925232652254 0.949989046412
436281476 0.504671356946 0.949989046412 0.579438704692 0.949989046412 0.579438704692 0.933308296561 0.504671356946 0.933308296561
436281480 0.588785080957 0.949989046412 0.663552428703 0.949989046412 0.663552428703 0.933308296561 0.588785080957 0.933308296561
436281484 0.672898804968 0.949989046412 0.74766249034 0.949989046412 0.74766249034 0.933308296561 0.672898804968 0.933308296561
436281488 0.757008866605 0.949989046412 0.831776214351 0.949989046412 0.831776214351 0.933308296561 0.757008866605 0.933308296561
436281492 0.841122590616 0.949989046412 0.915886275989 0.949989046412 0.915886275989 0.933308296561 0.841122590616 0.933308296561
436281496 0.925232652254 0.949989046412 1.0 0.949989046412 1.0 0.933308296561 0.925232652254 0.933308296561
436281508 0.504671356946 0.933308296561 0.579438704692 0.933308296561 0.579438704692 0.916658842675 0.504671356946 0.916658842675
436281512 0.588785080957 0.933308296561 0.663552428703 0.933308296561 0.663552428703 0.916658842675 0.588785080957 0.916658842675
436281516 0.672898804968 0.933308296561 0.74766249034 0.933308296561 0.74766249034 0.916658842675 0.672898804968 0.916658842675
436281520 0.757008866605 0.933308296561 0.831776214351 0.933308296561 0.831776214351 0.916658842675 0.757008866605 0.916658842675
436281524 0.841122590616 0.933308296561 0.915886275989 0.933308296561 0.915886275989 0.916658842675 0.841122590616 0.916658842675
436281528 0.925232652254 0.933308296561 1.0 0.933308296561 1.0 0.916658842675 0.925232652254 0.916658842675
436281540 0.504671356946 0.916658842675 0.579438704692 0.916658842675 0.579438704692 0.899978092824 0.504671356946 0.899978092824
436281544 0.588785080957 0.916658842675 0.663552428703 0.916658842675 0.663552428703 0.899978092824 0.588785080957 0.899978092824
436281548 0.672898804968 0.916658842675 0.74766249034 0.916658842675 0.74766249034 0.899978092824 0.672898804968 0.899978092824
436281552 0.757008866605 0.916658842675 0.831776214351 0.916658842675 0.831776214351 0.899978092824 0.757008866605 0.899978092824
436281556 0.841122590616 0.916658842675 0.915886275989 0.916658842675 0.915886275989 0.899978092824 0.841122590616 0.899978092824
436281560 0.925232652254 0.916658842675 1.0 0.916658842675 1.0 0.899978092824 0.925232652254 0.899978092824
436281572 0.504671356946 0.899978092824 0.579438704692 0.899978092824 0.579438704692 0.883328638938 0.504671356946 0.883328638938
436281576 0.588785080957 0.899978092824 0.663552428703 0.899978092824 0.663552428703 0.883328638938 0.588785080957 0.883328638938
436281580 0.672898804968 0.899978092824 0.74766249034 0.899978092824 0.74766249034 0.883328638938 0.672898804968 0.883328638938
436281584 0.757008866605 0.899978092824 0.831776214351 0.899978092824 0.831776214351 0.883328638938 0.757008866605 0.883328638938
436281588 0.841122590616 0.899978092824 0.915886275989 0.899978092824 0.915886275989 0.883328638938 0.841122590616 0.883328638938
436281592 0.925232652254 0.899978092824 1.0 0.899978092824 1.0 0.883328638938 0.925232652254 0.883328638938
436281604 0.504671356946 0.883328638938 0.579438704692 0.883328638938 0.579438704692 0.866647889087 0.504671356946 0.866647889087
436281608 0.588785080957 0.883328638938 0.663552428703 0.883328638938 0.663552428703 0.866647889087 0.588785080957 0.866647889087
436281612 0.672898804968 0.883328638938 0.74766249034 0.883328638938 0.74766249034 0.866647889087 0.672898804968 0.866647889087
436281616 0.757008866605 0.883328638938 0.831776214351 0.883328638938 0.831776214351 0.866647889087 0.757008866605 0.866647889087
436281620 0.841122590616 0.883328638938 0.915886275989 0.883328638938 0.915886275989 0.866647889087 0.841122590616 0.866647889087
436281624 0.925232652254 0.883328638938 1.0 0.883328638938 1.0 0.866647889087 0.925232652254 0.866647889087
436281636 0.504671356946 0.866647889087 0.579438704692 0.866647889087 0.579438704692 0.849998435202 0.504671356946 0.849998435202
436281640 0.588785080957 0.866647889087 0.663552428703 0.866647889087 0.663552428703 0.849998435202 0.588785080957 0.849998435202
436281644 0.672898804968 0.866647889087 0.74766249034 0.866647889087 0.74766249034 0.849998435202 0.672898804968 0.849998435202
436281648 0.757008866605 0.866647889087 0.831776214351 0.866647889087 0.831776214351 0.849998435202 0.757008866605 0.849998435202
436281652 0.841122590616 0.866647889087 0.915886275989 0.866647889087 0.915886275989 0.849998435202 0.841122590616 0.849998435202
436281656 0.925232652254 0.866647889087 1.0 0.866647889087 1.0 0.849998435202 0.925232652254 0.849998435202
436281668 0.504671356946 0.849998435202 0.579438704692 0.849998435202 0.579438704692 0.83331768535 0.504671356946 0.83331768535
436281672 0.588785080957 0.849998435202 0.663552428703 0.849998435202 0.663552428703 0.83331768535 0.588785080957 0.83331768535
436281676 0.672898804968 0.849998435202 0.74766249034 0.849998435202 0.74766249034 0.83331768535 0.672898804968 0.83331768535
436281680 0.757008866605 0.849998435202 0.831776214351 0.849998435202 0.831776214351 0.83331768535 0.757008866605 0.83331768535
436281684 0.841122590616 0.849998435202 0.915886275989 0.849998435202 0.915886275989 0.83331768535 0.841122590616 0.83331768535
436281688 0.925232652254 0.849998435202 1.0 0.849998435202 1.0 0.83331768535 0.925232652254 0.83331768535
436281700 0.504671356946 0.83331768535 0.579438704692 0.83331768535 0.579438704692 0.816668231465 0.504671356946 0.816668231465
436281704 0.588785080957 0.83331768535 0.663552428703 0.83331768535 0.663552428703 0.816668231465 0.588785080957 0.816668231465
436281708 0.672898804968 0.83331768535 0.74766249034 0.83331768535 0.74766249034 0.816668231465 0.672898804968 0.816668231465
436281712 0.757008866605 0.83331768535 0.831776214351 0.83331768535 0.831776214351 0.816668231465 0.757008866605 0.816668231465
436281716 0.841122590616 0.83331768535 0.915886275989 0.83331768535 0.915886275989 0.816668231465 0.841122590616 0.816668231465
436281720 0.925232652254 0.83331768535 1.0 0.83331768535 1.0 0.816668231465 0.925232652254 0.816668231465
436281732 0.504671356946 0.816668231465 0.579438704692 0.816668231465 0.579438704692 0.799987481614 0.504671356946 0.799987481614
436281736 0.588785080957 0.816668231465 0.663552428703 0.816668231465 0.663552428703 0.799987481614 0.588785080957 0.799987481614
436281740 0.672898804968 0.816668231465 0.74766249034 0.816668231465 0.74766249034 0.799987481614 0.672898804968 0.799987481614
436281744 0.757008866605 0.816668231465 0.831776214351 0.816668231465 0.831776214351 0.799987481614 0.757008866605 0.799987481614
436281748 0.841122590616 0.816668231465 0.915886275989 0.816668231465 0.915886275989 0.799987481614 0.841122590616 0.799987481614
436281752 0.925232652254 0.816668231465 1.0 0.816668231465 1.0 0.799987481614 0.925232652254 0.799987481614
436281764 0.504671356946 0.799987481614 0.579438704692 0.799987481614 0.579438704692 0.783338027728 0.504671356946 0.783338027728
436281768 0.588785080957 0.799987481614 0.663552428703 0.799987481614 0.663552428703 0.783338027728 0.588785080957 0.783338027728
436281772 0.672898804968 0.799987481614 0.74766249034 0.799987481614 0.74766249034 0.783338027728 0.672898804968 0.783338027728
436281776 0.757008866605 0.799987481614 0.831776214351 0.799987481614 0.831776214351 0.783338027728 0.757008866605 0.783338027728
436281780 0.841122590616 0.799987481614 0.915886275989 0.799987481614 0.915886275989 0.783338027728 0.841122590616 0.783338027728
436281784 0.925232652254 0.799987481614 1.0 0.799987481614 1.0 0.783338027728 0.925232652254 0.783338027728
436281796 0.504671356946 0.783338027728 0.579438704692 0.783338027728 0.579438704692 0.766657277877 0.504671356946 0.766657277877
436281800 0.588785080957 0.783338027728 0.663552428703 0.783338027728 0.663552428703 0.766657277877 0.588785080957 0.766657277877
436281804 0.672898804968 0.783338027728 0.74766249034 0.783338027728 0.74766249034 0.766657277877 0.672898804968 0.766657277877
436281808 0.757008866605 0.783338027728 0.831776214351 0.783338027728 0.831776214351 0.766657277877 0.757008866605 0.766657277877
436281812 0.841122590616 0.783338027728 0.915886275989 0.783338027728 0.915886275989 0.766657277877 0.841122590616 0.766657277877
436281816 0.925232652254 0.783338027728 1.0 0.783338027728 1.0 0.766657277877 0.925232652254 0.766657277877
436281828 0.504671356946 0.766657277877 0.579438704692 0.766657277877 0.579438704692 0.749976528026 0.504671356946 0.749976528026
436281832 0.588785080957 0.766657277877 0.663552428703 0.766657277877 0.663552428703 0.749976528026 0.588785080957 0.749976528026
436281836 0.672898804968 0.766657277877 0.74766249034 0.766657277877 0.74766249034 0.749976528026 0.672898804968 0.749976528026
436281840 0.757008866605 0.766657277877 0.831776214351 0.766657277877 0.831776214351 0.749976528026 0.757008866605 0.749976528026
436281844 0.841122590616 0.766657277877 0.915886275989 0.766657277877 0.915886275989 0.749976528026 0.841122590616 0.749976528026
436281848 0.925232652254 0.766657277877 1.0 0.766657277877 1.0 0.749976528026 0.925232652254 0.749976528026
436281860 0.504671356946 0.749976528026 0.579438704692 0.749976528026 0.579438704692 0.73332707414 0.504671356946 0.73332707414
436281864 0.588785080957 0.749976528026 0.663552428703 0.749976528026 0.663552428703 0.73332707414 0.588785080957 0.73332707414
436281868 0.672898804968 0.749976528026 0.74766249034 0.749976528026 0.74766249034 0.73332707414 0.672898804968 0.73332707414
436281872 0.757008866605 0.749976528026 0.831776214351 0.749976528026 0.831776214351 0.73332707414 0.757008866605 0.73332707414
436281876 0.841122590616 0.749976528026 0.915886275989 0.749976528026 0.915886275989 0.73332707414 0.841122590616 0.73332707414
436281880 0.925232652254 0.749976528026 1.0 0.749976528026 1.0 0.73332707414 0.925232652254 0.73332707414
436281892 0.504671356946 0.73332707414 0.579438704692 0.73332707414 0.579438704692 0.716646324289 0.504671356946 0.716646324289
436281896 0.588785080957 0.73332707414 0.663552428703 0.73332707414 0.663552428703 0.716646324289 0.588785080957 0.716646324289
436281900 0.672898804968 0.73332707414 0.74766249034 0.73332707414 0.74766249034 0.716646324289 0.672898804968 0.716646324289
436281904 0.757008866605 0.73332707414 0.831776214351 0.73332707414 0.831776214351 0.716646324289 0.757008866605 0.716646324289
436281908 0.841122590616 0.73332707414 0.915886275989 0.73332707414 0.915886275989 0.716646324289 0.841122590616 0.716646324289
436281912 0.925232652254 0.73332707414 1.0 0.73332707414 1.0 0.716646324289 0.925232652254 0.716646324289
436281924 0.504671356946 0.716646324289 0.579438704692 0.716646324289 0.579438704692 0.699996870403 0.504671356946 0.699996870403
436281928 0.588785080957 0.716646324289 0.663552428703 0.716646324289 0.663552428703 0.699996870403 0.588785080957 0.699996870403
436281932 0.672898804968 0.716646324289 0.74766249034 0.716646324289 0.74766249034 0.699996870403 0.672898804968 0.699996870403
436281936 0.757008866605 0.716646324289 0.831776214351 0.716646324289 0.831776214351 0.699996870403 0.757008866605 0.699996870403
436281940 0.841122590616 0.716646324289 0.915886275989 0.716646324289 0.915886275989 0.699996870403 0.841122590616 0.699996870403
436281944 0.925232652254 0.716646324289 1.0 0.716646324289 1.0 0.699996870403 0.925232652254 0.699996870403
436281956 0.504671356946 0.699996870403 0.579438704692 0.699996870403 0.579438704692 0.683316120552 0.504671356946 0.683316120552
436281960 0.588785080957 0.699996870403 0.663552428703 0.699996870403 0.663552428703 0.683316120552 0.588785080957 0.683316120552
436281964 0.672898804968 0.699996870403 0.74766249034 0.699996870403 0.74766249034 0.683316120552 0.672898804968 0.683316120552
436281968 0.757008866605 0.699996870403 0.831776214351 0.699996870403 0.831776214351 0.683316120552 0.757008866605 0.683316120552
436281972 0.841122590616 0.699996870403 0.915886275989 0.699996870403 0.915886275989 0.683316120552 0.841122590616 0.683316120552
436281976 0.925232652254 0.699996870403 1.0 0.699996870403 1.0 0.683316120552 0.925232652254 0.683316120552
436281988 0.504671356946 0.683316120552 0.579438704692 0.683316120552 0.579438704692 0.666666666667 0.504671356946 0.666666666667
436281992 0.588785080957 0.683316120552 0.663552428703 0.683316120552 0.663552428703 0.666666666667 0.588785080957 0.666666666667
436281996 0.672898804968 0.683316120552 0.74766249034 0.683316120552 0.74766249034 0.666666666667 0.672898804968 0.666666666667
436282000 0.757008866605 0.683316120552 0.831776214351 0.683316120552 0.831776214351 0.666666666667 0.757008866605 0.666666666667
436282004 0.841122590616 0.683316120552 0.915886275989 0.683316120552 0.915886275989 0.666666666667 0.841122590616 0.666666666667
436282008 0.925232652254 0.683316120552 1.0 0.683316120552 1.0 0.666666666667 0.925232652254 0.666666666667
436282020 0.504671356946 0.666666666667 0.579438704692 0.666666666667 0.579438704692 0.649985916815 0.504671356946 0.649985916815
436282024 0.588785080957 0.666666666667 0.663552428703 0.666666666667 0.663552428703 0.649985916815 0.588785080957 0.649985916815
436282028 0.672898804968 0.666666666667 0.74766249034 0.666666666667 0.74766249034 0.649985916815 0.672898804968 0.649985916815
436282032 0.757008866605 0.666666666667 0.831776214351 0.666666666667 0.831776214351 0.649985916815 0.757008866605 0.649985916815
436282036 0.841122590616 0.666666666667 0.915886275989 0.666666666667 0.915886275989 0.649985916815 0.841122590616 0.649985916815
436282040 0.925232652254 0.666666666667 1.0 0.666666666667 1.0 0.649985916815 0.925232652254 0.649985916815
436282052 0.504671356946 0.649985916815 0.579438704692 0.649985916815 0.579438704692 0.63333646293 0.504671356946 0.63333646293
436282056 0.588785080957 0.649985916815 0.663552428703 0.649985916815 0.663552428703 0.63333646293 0.588785080957 0.63333646293
436282060 0.672898804968 0.649985916815 0.74766249034 0.649985916815 0.74766249034 0.63333646293 0.672898804968 0.63333646293
436282064 0.757008866605 0.649985916815 0.831776214351 0.649985916815 0.831776214351 0.63333646293 0.757008866605 0.63333646293
436282068 0.841122590616 0.649985916815 0.915886275989 0.649985916815 0.915886275989 0.63333646293 0.841122590616 0.63333646293
436282072 0.925232652254 0.649985916815 1.0 0.649985916815 1.0 0.63333646293 0.925232652254 0.63333646293
436282084 0.504671356946 0.63333646293 0.579438704692 0.63333646293 0.579438704692 0.616655713079 0.504671356946 0.616655713079
436282088 0.588785080957 0.63333646293 0.663552428703 0.63333646293 0.663552428703 0.616655713079 0.588785080957 0.616655713079
436282092 0.672898804968 0.63333646293 0.74766249034 0.63333646293 0.74766249034 0.616655713079 0.672898804968 0.616655713079
436282096 0.757008866605 0.63333646293 0.831776214351 0.63333646293 0.831776214351 0.616655713079 0.757008866605 0.616655713079
436282100 0.841122590616 0.63333646293 0.915886275989 0.63333646293 0.915886275989 0.616655713079 0.841122590616 0.616655713079
436282104 0.925232652254 0.63333646293 1.0 0.63333646293 1.0 0.616655713079 0.925232652254 0.616655713079
436282116 0.504671356946 0.616655713079 0.579438704692 0.616655713079 0.579438704692 0.600006259193 0.504671356946 0.600006259193
436282120 0.588785080957 0.616655713079 0.663552428703 0.616655713079 0.663552428703 0.600006259193 0.588785080957 0.600006259193
436282124 0.672898804968 0.616655713079 0.74766249034 0.616655713079 0.74766249034 0.600006259193 0.672898804968 0.600006259193
436282128 0.757008866605 0.616655713079 0.831776214351 0.616655713079 0.831776214351 0.600006259193 0.757008866605 0.600006259193
436282132 0.841122590616 0.616655713079 0.915886275989 0.616655713079 0.915886275989 0.600006259193 0.841122590616 0.600006259193
436282136 0.925232652254 0.616655713079 1.0 0.616655713079 1.0 0.600006259193 0.925232652254 0.600006259193
436282148 0.504671356946 0.600006259193 0.579438704692 0.600006259193 0.579438704692 0.583325509342 0.504671356946 0.583325509342
436282152 0.588785080957 0.600006259193 0.663552428703 0.600006259193 0.663552428703 0.583325509342 0.588785080957 0.583325509342
436282156 0.672898804968 0.600006259193 0.74766249034 0.600006259193 0.74766249034 0.583325509342 0.672898804968 0.583325509342
436282160 0.757008866605 0.600006259193 0.831776214351 0.600006259193 0.831776214351 0.583325509342 0.757008866605 0.583325509342
436282164 0.841122590616 0.600006259193 0.915886275989 0.600006259193 0.915886275989 0.583325509342 0.841122590616 0.583325509342
436282168 0.925232652254 0.600006259193 1.0 0.600006259193 1.0 0.583325509342 0.925232652254 0.583325509342
436282180 0.504671356946 0.583325509342 0.579438704692 0.583325509342 0.579438704692 0.566644759491 0.504671356946 0.566644759491
436282184 0.588785080957 0.583325509342 0.663552428703 0.583325509342 0.663552428703 0.566644759491 0.588785080957 0.566644759491
436282188 0.672898804968 0.583325509342 0.74766249034 0.583325509342 0.74766249034 0.566644759491 0.672898804968 0.566644759491
436282192 0.757008866605 0.583325509342 0.831776214351 0.583325509342 0.831776214351 0.566644759491 0.757008866605 0.566644759491
436282196 0.841122590616 0.583325509342 0.915886275989 0.583325509342 0.915886275989 0.566644759491 0.841122590616 0.566644759491
436282200 0.925232652254 0.583325509342 1.0 0.583325509342 1.0 0.566644759491 0.925232652254 0.566644759491
436282212 0.504671356946 0.566644759491 0.579438704692 0.566644759491 0.579438704692 0.549995305605 0.504671356946 0.549995305605
436282216 0.588785080957 0.566644759491 0.663552428703 0.566644759491 0.663552428703 0.549995305605 0.588785080957 0.549995305605
436282220 0.672898804968 0.566644759491 0.74766249034 0.566644759491 0.74766249034 0.549995305605 0.672898804968 0.549995305605
436282224 0.757008866605 0.566644759491 0.831776214351 0.566644759491 0.831776214351 0.549995305605 0.757008866605 0.549995305605
436282228 0.841122590616 0.566644759491 0.915886275989 0.566644759491 0.915886275989 0.549995305605 0.841122590616 0.549995305605
436282232 0.925232652254 0.566644759491 1.0 0.566644759491 1.0 0.549995305605 0.925232652254 0.549995305605
436282244 0.504671356946 0.549995305605 0.579438704692 0.549995305605 0.579438704692 0.533314555754 0.504671356946 0.533314555754
436282248 0.588785080957 0.549995305605 0.663552428703 0.549995305605 0.663552428703 0.533314555754 0.588785080957 0.533314555754
436282252 0.672898804968 0.549995305605 0.74766249034 0.549995305605 0.74766249034 0.533314555754 0.672898804968 0.533314555754
436282256 0.757008866605 0.549995305605 0.831776214351 0.549995305605 0.831776214351 0.533314555754 0.757008866605 0.533314555754
436282260 0.841122590616 0.549995305605 0.915886275989 0.549995305605 0.915886275989 0.533314555754 0.841122590616 0.533314555754
436282264 0.925232652254 0.549995305605 1.0 0.549995305605 1.0 0.533314555754 0.925232652254 0.533314555754
436282276 0.504671356946 0.533314555754 0.579438704692 0.533314555754 0.579438704692 0.516665101868 0.504671356946 0.516665101868
436282280 0.588785080957 0.533314555754 0.663552428703 0.533314555754 0.663552428703 0.516665101868 0.588785080957 0.516665101868
436282284 0.672898804968 0.533314555754 0.74766249034 0.533314555754 0.74766249034 0.516665101868 0.672898804968 0.516665101868
436282288 0.757008866605 0.533314555754 0.831776214351 0.533314555754 0.831776214351 0.516665101868 0.757008866605 0.516665101868
436282292 0.841122590616 0.533314555754 0.915886275989 0.533314555754 0.915886275989 0.516665101868 0.841122590616 0.516665101868
436282296 0.925232652254 0.533314555754 1.0 0.533314555754 1.0 0.516665101868 0.925232652254 0.516665101868
436282308 0.504671356946 0.516665101868 0.579438704692 0.516665101868 0.579438704692 0.499984352017 0.504671356946 0.499984352017
436282312 0.588785080957 0.516665101868 0.663552428703 0.516665101868 0.663552428703 0.499984352017 0.588785080957 0.499984352017
436282316 0.672898804968 0.516665101868 0.74766249034 0.516665101868 0.74766249034 0.499984352017 0.672898804968 0.499984352017
436282320 0.757008866605 0.516665101868 0.831776214351 0.516665101868 0.831776214351 0.499984352017 0.757008866605 0.499984352017
436282324 0.841122590616 0.516665101868 0.915886275989 0.516665101868 0.915886275989 0.499984352017 0.841122590616 0.499984352017
436282328 0.925232652254 0.516665101868 1.0 0.516665101868 1.0 0.499984352017 0.925232652254 0.499984352017
436282340 0.504671356946 0.499984352017 0.579438704692 0.499984352017 0.579438704692 0.483334898132 0.504671356946 0.483334898132
436282344 0.588785080957 0.499984352017 0.663552428703 0.499984352017 0.663552428703 0.483334898132 0.588785080957 0.483334898132
436282348 0.672898804968 0.499984352017 0.74766249034 0.499984352017 0.74766249034 0.483334898132 0.672898804968 0.483334898132
436282352 0.757008866605 0.499984352017 0.831776214351 0.499984352017 0.831776214351 0.483334898132 0.757008866605 0.483334898132
436282356 0.841122590616 0.499984352017 0.915886275989 0.499984352017 0.915886275989 0.483334898132 0.841122590616 0.483334898132
436282360 0.925232652254 0.499984352017 1.0 0.499984352017 1.0 0.483334898132 0.925232652254 0.483334898132
436282372 0.504671356946 0.483334898132 0.579438704692 0.483334898132 0.579438704692 0.46665414828 0.504671356946 0.46665414828
436282376 0.588785080957 0.483334898132 0.663552428703 0.483334898132 0.663552428703 0.46665414828 0.588785080957 0.46665414828
436282380 0.672898804968 0.483334898132 0.74766249034 0.483334898132 0.74766249034 0.46665414828 0.672898804968 0.46665414828
436282384 0.757008866605 0.483334898132 0.831776214351 0.483334898132 0.831776214351 0.46665414828 0.757008866605 0.46665414828
436282388 0.841122590616 0.483334898132 0.915886275989 0.483334898132 0.915886275989 0.46665414828 0.841122590616 0.46665414828
436282392 0.925232652254 0.483334898132 1.0 0.483334898132 1.0 0.46665414828 0.925232652254 0.46665414828
436282404 0.504671356946 0.46665414828 0.579438704692 0.46665414828 0.579438704692 0.450004694395 0.504671356946 0.450004694395
436282408 0.588785080957 0.46665414828 0.663552428703 0.46665414828 0.663552428703 0.450004694395 0.588785080957 0.450004694395
436282412 0.672898804968 0.46665414828 0.74766249034 0.46665414828 0.74766249034 0.450004694395 0.672898804968 0.450004694395
436282416 0.757008866605 0.46665414828 0.831776214351 0.46665414828 0.831776214351 0.450004694395 0.757008866605 0.450004694395
436282420 0.841122590616 0.46665414828 0.915886275989 0.46665414828 0.915886275989 0.450004694395 0.841122590616 0.450004694395
436282424 0.925232652254 0.46665414828 1.0 0.46665414828 1.0 0.450004694395 0.925232652254 0.450004694395
436282436 0.504671356946 0.450004694395 0.579438704692 0.450004694395 0.579438704692 0.433323944544 0.504671356946 0.433323944544
436282440 0.588785080957 0.450004694395 0.663552428703 0.450004694395 0.663552428703 0.433323944544 0.588785080957 0.433323944544
436282444 0.672898804968 0.450004694395 0.74766249034 0.450004694395 0.74766249034 0.433323944544 0.672898804968 0.433323944544
436282448 0.757008866605 0.450004694395 0.831776214351 0.450004694395 0.831776214351 0.433323944544 0.757008866605 0.433323944544
436282452 0.841122590616 0.450004694395 0.915886275989 0.450004694395 0.915886275989 0.433323944544 0.841122590616 0.433323944544
436282456 0.925232652254 0.450004694395 1.0 0.450004694395 1.0 0.433323944544 0.925232652254 0.433323944544
436282468 0.504671356946 0.433323944544 0.579438704692 0.433323944544 0.579438704692 0.416674490658 0.504671356946 0.416674490658
436282472 0.588785080957 0.433323944544 0.663552428703 0.433323944544 0.663552428703 0.416674490658 0.588785080957 0.416674490658
436282476 0.672898804968 0.433323944544 0.74766249034 0.433323944544 0.74766249034 0.416674490658 0.672898804968 0.416674490658
436282480 0.757008866605 0.433323944544 0.831776214351 0.433323944544 0.831776214351 0.416674490658 0.757008866605 0.416674490658
436282484 0.841122590616 0.433323944544 0.915886275989 0.433323944544 0.915886275989 0.416674490658 0.841122590616 0.416674490658
436282488 0.925232652254 0.433323944544 1.0 0.433323944544 1.0 0.416674490658 0.925232652254 0.416674490658
436282500 0.504671356946 0.416674490658 0.579438704692 0.416674490658 0.579438704692 0.399993740807 0.504671356946 0.399993740807
436282504 0.588785080957 0.416674490658 0.663552428703 0.416674490658 0.663552428703 0.399993740807 0.588785080957 0.399993740807
436282508 0.672898804968 0.416674490658 0.74766249034 0.416674490658 0.74766249034 0.399993740807 0.672898804968 0.399993740807
436282512 0.757008866605 0.416674490658 0.831776214351 0.416674490658 0.831776214351 0.399993740807 0.757008866605 0.399993740807
436282516 0.841122590616 0.416674490658 0.915886275989 0.416674490658 0.915886275989 0.399993740807 0.841122590616 0.399993740807
436282520 0.925232652254 0.416674490658 1.0 0.416674490658 1.0 0.399993740807 0.925232652254 0.399993740807
436282532 0.504671356946 0.399993740807 0.579438704692 0.399993740807 0.579438704692 0.383344286921 0.504671356946 0.383344286921
436282536 0.588785080957 0.399993740807 0.663552428703 0.399993740807 0.663552428703 0.383344286921 0.588785080957 0.383344286921
436282540 0.672898804968 0.399993740807 0.74766249034 0.399993740807 0.74766249034 0.383344286921 0.672898804968 0.383344286921
436282544 0.757008866605 0.399993740807 0.831776214351 0.399993740807 0.831776214351 0.383344286921 0.757008866605 0.383344286921
436282548 0.841122590616 0.399993740807 0.915886275989 0.399993740807 0.915886275989 0.383344286921 0.841122590616 0.383344286921
436282552 0.925232652254 0.399993740807 1.0 0.399993740807 1.0 0.383344286921 0.925232652254 0.383344286921
436282564 0.504671356946 0.383344286921 0.579438704692 0.383344286921 0.579438704692 0.36666353707 0.504671356946 0.36666353707
436282568 0.588785080957 0.383344286921 0.663552428703 0.383344286921 0.663552428703 0.36666353707 0.588785080957 0.36666353707
436282572 0.672898804968 0.383344286921 0.74766249034 0.383344286921 0.74766249034 0.36666353707 0.672898804968 0.36666353707
436282576 0.757008866605 0.383344286921 0.831776214351 0.383344286921 0.831776214351 0.36666353707 0.757008866605 0.36666353707
436282580 0.841122590616 0.383344286921 0.915886275989 0.383344286921 0.915886275989 0.36666353707 0.841122590616 0.36666353707
436282584 0.925232652254 0.383344286921 1.0 0.383344286921 1.0 0.36666353707 0.925232652254 0.36666353707
436282596 0.504671356946 0.36666353707 0.579438704692 0.36666353707 0.579438704692 0.349982787219 0.504671356946 0.349982787219
436282600 0.588785080957 0.36666353707 0.663552428703 0.36666353707 0.663552428703 0.349982787219 0.588785080957 0.349982787219
436282604 0.672898804968 0.36666353707 0.74766249034 0.36666353707 0.74766249034 0.349982787219 0.672898804968 0.349982787219
436282608 0.757008866605 0.36666353707 0.831776214351 0.36666353707 0.831776214351 0.349982787219 0.757008866605 0.349982787219
436282612 0.841122590616 0.36666353707 0.915886275989 0.36666353707 0.915886275989 0.349982787219 0.841122590616 0.349982787219
436282616 0.925232652254 0.36666353707 1.0 0.36666353707 1.0 0.349982787219 0.925232652254 0.349982787219
436282628 0.504671356946 0.349982787219 0.579438704692 0.349982787219 0.579438704692 0.333333333333 0.504671356946 0.333333333333
436282632 0.588785080957 0.349982787219 0.663552428703 0.349982787219 0.663552428703 0.333333333333 0.588785080957 0.333333333333
436282636 0.672898804968 0.349982787219 0.74766249034 0.349982787219 0.74766249034 0.333333333333 0.672898804968 0.333333333333
436282640 0.757008866605 0.349982787219 0.831776214351 0.349982787219 0.831776214351 0.333333333333 0.757008866605 0.333333333333
436282644 0.841122590616 0.349982787219 0.915886275989 0.349982787219 0.915886275989 0.333333333333 0.841122590616 0.333333333333
436282648 0.925232652254 0.349982787219 1.0 0.349982787219 1.0 0.333333333333 0.925232652254 0.333333333333
436282660 0.504671356946 0.333333333333 0.579438704692 0.333333333333 0.579438704692 0.316652583482 0.504671356946 0.316652583482
436282664 0.588785080957 0.333333333333 0.663552428703 0.333333333333 0.663552428703 0.316652583482 0.588785080957 0.316652583482
436282668 0.672898804968 0.333333333333 0.74766249034 0.333333333333 0.74766249034 0.316652583482 0.672898804968 0.316652583482
436282672 0.757008866605 0.333333333333 0.831776214351 0.333333333333 0.831776214351 0.316652583482 0.757008866605 0.316652583482
436282676 0.841122590616 0.333333333333 0.915886275989 0.333333333333 0.915886275989 0.316652583482 0.841122590616 0.316652583482
436282680 0.925232652254 0.333333333333 1.0 0.333333333333 1.0 0.316652583482 0.925232652254 0.316652583482
436282692 0.504671356946 0.316652583482 0.579438704692 0.316652583482 0.579438704692 0.300003129597 0.504671356946 0.300003129597
436282696 0.588785080957 0.316652583482 0.663552428703 0.316652583482 0.663552428703 0.300003129597 0.588785080957 0.300003129597
436282700 0.672898804968 0.316652583482 0.74766249034 0.316652583482 0.74766249034 0.300003129597 0.672898804968 0.300003129597
436282704 0.757008866605 0.316652583482 0.831776214351 0.316652583482 0.831776214351 0.300003129597 0.757008866605 0.300003129597
436282708 0.841122590616 0.316652583482 0.915886275989 0.316652583482 0.915886275989 0.300003129597 0.841122590616 0.300003129597
436282712 0.925232652254 0.316652583482 1.0 0.316652583482 1.0 0.300003129597 0.925232652254 0.300003129597
436282724 0.504671356946 0.300003129597 0.579438704692 0.300003129597 0.579438704692 0.283322379745 0.504671356946 0.283322379745
436282728 0.588785080957 0.300003129597 0.663552428703 0.300003129597 0.663552428703 0.283322379745 0.588785080957 0.283322379745
436282732 0.672898804968 0.300003129597 0.74766249034 0.300003129597 0.74766249034 0.283322379745 0.672898804968 0.283322379745
436282736 0.757008866605 0.300003129597 0.831776214351 0.300003129597 0.831776214351 0.283322379745 0.757008866605 0.283322379745
436282740 0.841122590616 0.300003129597 0.915886275989 0.300003129597 0.915886275989 0.283322379745 0.841122590616 0.283322379745
436282744 0.925232652254 0.300003129597 1.0 0.300003129597 1.0 0.283322379745 0.925232652254 0.283322379745
436282756 0.504671356946 0.283322379745 0.579438704692 0.283322379745 0.579438704692 0.26667292586 0.504671356946 0.26667292586
436282760 0.588785080957 0.283322379745 0.663552428703 0.283322379745 0.663552428703 0.26667292586 0.588785080957 0.26667292586
436282764 0.672898804968 0.283322379745 0.74766249034 0.283322379745 0.74766249034 0.26667292586 0.672898804968 0.26667292586
436282768 0.757008866605 0.283322379745 0.831776214351 0.283322379745 0.831776214351 0.26667292586 0.757008866605 0.26667292586
436282772 0.841122590616 0.283322379745 0.915886275989 0.283322379745 0.915886275989 0.26667292586 0.841122590616 0.26667292586
436282776 0.925232652254 0.283322379745 1.0 0.283322379745 1.0 0.26667292586 0.925232652254 0.26667292586
436282788 0.504671356946 0.26667292586 0.579438704692 0.26667292586 0.579438704692 0.249992176009 0.504671356946 0.249992176009
436282792 0.588785080957 0.26667292586 0.663552428703 0.26667292586 0.663552428703 0.249992176009 0.588785080957 0.249992176009
436282796 0.672898804968 0.26667292586 0.74766249034 0.26667292586 0.74766249034 0.249992176009 0.672898804968 0.249992176009
436282800 0.757008866605 0.26667292586 0.831776214351 0.26667292586 0.831776214351 0.249992176009 0.757008866605 0.249992176009
436282804 0.841122590616 0.26667292586 0.915886275989 0.26667292586 0.915886275989 0.249992176009 0.841122590616 0.249992176009
436282808 0.925232652254 0.26667292586 1.0 0.26667292586 1.0 0.249992176009 0.925232652254 0.249992176009
436282820 0.504671356946 0.249992176009 0.579438704692 0.249992176009 0.579438704692 0.233342722123 0.504671356946 0.233342722123
436282824 0.588785080957 0.249992176009 0.663552428703 0.249992176009 0.663552428703 0.233342722123 0.588785080957 0.233342722123
436282828 0.672898804968 0.249992176009 0.74766249034 0.249992176009 0.74766249034 0.233342722123 0.672898804968 0.233342722123
436282832 0.757008866605 0.249992176009 0.831776214351 0.249992176009 0.831776214351 0.233342722123 0.757008866605 0.233342722123
436282836 0.841122590616 0.249992176009 0.915886275989 0.249992176009 0.915886275989 0.233342722123 0.841122590616 0.233342722123
436282840 0.925232652254 0.249992176009 1.0 0.249992176009 1.0 0.233342722123 0.925232652254 0.233342722123
436282852 0.504671356946 0.233342722123 0.579438704692 0.233342722123 0.579438704692 0.216661972272 0.504671356946 0.216661972272
436282856 0.588785080957 0.233342722123 0.663552428703 0.233342722123 0.663552428703 0.216661972272 0.588785080957 0.216661972272
436282860 0.672898804968 0.233342722123 0.74766249034 0.233342722123 0.74766249034 0.216661972272 0.672898804968 0.216661972272
436282864 0.757008866605 0.233342722123 0.831776214351 0.233342722123 0.831776214351 0.216661972272 0.757008866605 0.216661972272
436282868 0.841122590616 0.233342722123 0.915886275989 0.233342722123 0.915886275989 0.216661972272 0.841122590616 0.216661972272
436282872 0.925232652254 0.233342722123 1.0 0.233342722123 1.0 0.216661972272 0.925232652254 0.216661972272
436282884 0.504671356946 0.216661972272 0.579438704692 0.216661972272 0.579438704692 0.200012518386 0.504671356946 0.200012518386
436282888 0.588785080957 0.216661972272 0.663552428703 0.216661972272 0.663552428703 0.200012518386 0.588785080957 0.200012518386
436282892 0.672898804968 0.216661972272 0.74766249034 0.216661972272 0.74766249034 0.200012518386 0.672898804968 0.200012518386
436282896 0.757008866605 0.216661972272 0.831776214351 0.216661972272 0.831776214351 0.200012518386 0.757008866605 0.200012518386
436282900 0.841122590616 0.216661972272 0.915886275989 0.216661972272 0.915886275989 0.200012518386 0.841122590616 0.200012518386
436282904 0.925232652254 0.216661972272 1.0 0.216661972272 1.0 0.200012518386 0.925232652254 0.200012518386
436282916 0.504671356946 0.200012518386 0.579438704692 0.200012518386 0.579438704692 0.183331768535 0.504671356946 0.183331768535
436282920 0.588785080957 0.200012518386 0.663552428703 0.200012518386 0.663552428703 0.183331768535 0.588785080957 0.183331768535
436282924 0.672898804968 0.200012518386 0.74766249034 0.200012518386 0.74766249034 0.183331768535 0.672898804968 0.183331768535
436282928 0.757008866605 0.200012518386 0.831776214351 0.200012518386 0.831776214351 0.183331768535 0.757008866605 0.183331768535
436282932 0.841122590616 0.200012518386 0.915886275989 0.200012518386 0.915886275989 0.183331768535 0.841122590616 0.183331768535
436282936 0.925232652254 0.200012518386 1.0 0.200012518386 1.0 0.183331768535 0.925232652254 0.183331768535
436282948 0.504671356946 0.183331768535 0.579438704692 0.183331768535 0.579438704692 0.166651018684 0.504671356946 0.166651018684
436282952 0.588785080957 0.183331768535 0.663552428703 0.183331768535 0.663552428703 0.166651018684 0.588785080957 0.166651018684
436282956 0.672898804968 0.183331768535 0.74766249034 0.183331768535 0.74766249034 0.166651018684 0.672898804968 0.166651018684
436282960 0.757008866605 0.183331768535 0.831776214351 0.183331768535 0.831776214351 0.166651018684 0.757008866605 0.166651018684
436282964 0.841122590616 0.183331768535 0.915886275989 0.183331768535 0.915886275989 0.166651018684 0.841122590616 0.166651018684
436282968 0.925232652254 0.183331768535 1.0 0.183331768535 1.0 0.166651018684 0.925232652254 0.166651018684
436282980 0.504671356946 0.166651018684 0.579438704692 0.166651018684 0.579438704692 0.150001564798 0.504671356946 0.150001564798
436282984 0.588785080957 0.166651018684 0.663552428703 0.166651018684 0.663552428703 0.150001564798 0.588785080957 0.150001564798
436282988 0.672898804968 0.166651018684 0.74766249034 0.166651018684 0.74766249034 0.150001564798 0.672898804968 0.150001564798
436282992 0.757008866605 0.166651018684 0.831776214351 0.166651018684 0.831776214351 0.150001564798 0.757008866605 0.150001564798
436282996 0.841122590616 0.166651018684 0.915886275989 0.166651018684 0.915886275989 0.150001564798 0.841122590616 0.150001564798
436283000 0.925232652254 0.166651018684 1.0 0.166651018684 1.0 0.150001564798 0.925232652254 0.150001564798
436283012 0.504671356946 0.150001564798 0.579438704692 0.150001564798 0.579438704692 0.133320814947 0.504671356946 0.133320814947
436283016 0.588785080957 0.150001564798 0.663552428703 0.150001564798 0.663552428703 0.133320814947 0.588785080957 0.133320814947
436283020 0.672898804968 0.150001564798 0.74766249034 0.150001564798 0.74766249034 0.133320814947 0.672898804968 0.133320814947
436283024 0.757008866605 0.150001564798 0.831776214351 0.150001564798 0.831776214351 0.133320814947 0.757008866605 0.133320814947
436283028 0.841122590616 0.150001564798 0.915886275989 0.150001564798 0.915886275989 0.133320814947 0.841122590616 0.133320814947
436283032 0.925232652254 0.150001564798 1.0 0.150001564798 1.0 0.133320814947 0.925232652254 0.133320814947
436283044 0.504671356946 0.133320814947 0.579438704692 0.133320814947 0.579438704692 0.116671361062 0.504671356946 0.116671361062
436283048 0.588785080957 0.133320814947 0.663552428703 0.133320814947 0.663552428703 0.116671361062 0.588785080957 0.116671361062
436283052 0.672898804968 0.133320814947 0.74766249034 0.133320814947 0.74766249034 0.116671361062 0.672898804968 0.116671361062
436283056 0.757008866605 0.133320814947 0.831776214351 0.133320814947 0.831776214351 0.116671361062 0.757008866605 0.116671361062
436283060 0.841122590616 0.133320814947 0.915886275989 0.133320814947 0.915886275989 0.116671361062 0.841122590616 0.116671361062
436283064 0.925232652254 0.133320814947 1.0 0.133320814947 1.0 0.116671361062 0.925232652254 0.116671361062
436283076 0.504671356946 0.116671361062 0.579438704692 0.116671361062 0.579438704692 0.0999906112102 0.504671356946 0.0999906112102
436283080 0.588785080957 0.116671361062 0.663552428703 0.116671361062 0.663552428703 0.0999906112102 0.588785080957 0.0999906112102
436283084 0.672898804968 0.116671361062 0.74766249034 0.116671361062 0.74766249034 0.0999906112102 0.672898804968 0.0999906112102
436283088 0.757008866605 0.116671361062 0.831776214351 0.116671361062 0.831776214351 0.0999906112102 0.757008866605 0.0999906112102
436283092 0.841122590616 0.116671361062 0.915886275989 0.116671361062 0.915886275989 0.0999906112102 0.841122590616 0.0999906112102
436283096 0.925232652254 0.116671361062 1.0 0.116671361062 1.0 0.0999906112102 0.925232652254 0.0999906112102
436283108 0.504671356946 0.0999906112102 0.579438704692 0.0999906112102 0.579438704692 0.0833411573248 0.504671356946 0.0833411573248
436283112 0.588785080957 0.0999906112102 0.663552428703 0.0999906112102 0.663552428703 0.0833411573248 0.588785080957 0.0833411573248
436283116 0.672898804968 0.0999906112102 0.74766249034 0.0999906112102 0.74766249034 0.0833411573248 0.672898804968 0.0833411573248
436283120 0.757008866605 0.0999906112102 0.831776214351 0.0999906112102 0.831776214351 0.0833411573248 0.757008866605 0.0833411573248
436283124 0.841122590616 0.0999906112102 0.915886275989 0.0999906112102 0.915886275989 0.0833411573248 0.841122590616 0.0833411573248
436283128 0.925232652254 0.0999906112102 1.0 0.0999906112102 1.0 0.0833411573248 0.925232652254 0.0833411573248
436283140 0.504671356946 0.0833411573248 0.579438704692 0.0833411573248 0.579438704692 0.0666604074735 0.504671356946 0.0666604074735
436283144 0.588785080957 0.0833411573248 0.663552428703 0.0833411573248 0.663552428703 0.0666604074735 0.588785080957 0.0666604074735
436283148 0.672898804968 0.0833411573248 0.74766249034 0.0833411573248 0.74766249034 0.0666604074735 0.672898804968 0.0666604074735
436283152 0.757008866605 0.0833411573248 0.831776214351 0.0833411573248 0.831776214351 0.0666604074735 0.757008866605 0.0666604074735
436283156 0.841122590616 0.0833411573248 0.915886275989 0.0833411573248 0.915886275989 0.0666604074735 0.841122590616 0.0666604074735
436283160 0.925232652254 0.0833411573248 1.0 0.0833411573248 1.0 0.0666604074735 0.925232652254 0.0666604074735
436283172 0.504671356946 0.0666604074735 0.579438704692 0.0666604074735 0.579438704692 0.0500109535881 0.504671356946 0.0500109535881
436283176 0.588785080957 0.0666604074735 0.663552428703 0.0666604074735 0.663552428703 0.0500109535881 0.588785080957 0.0500109535881
436283180 0.672898804968 0.0666604074735 0.74766249034 0.0666604074735 0.74766249034 0.0500109535881 0.672898804968 0.0500109535881
436283184 0.757008866605 0.0666604074735 0.831776214351 0.0666604074735 0.831776214351 0.0500109535881 0.757008866605 0.0500109535881
436283188 0.841122590616 0.0666604074735 0.915886275989 0.0666604074735 0.915886275989 0.0500109535881 0.841122590616 0.0500109535881
436283192 0.925232652254 0.0666604074735 1.0 0.0666604074735 1.0 0.0500109535881 0.925232652254 0.0500109535881
436283204 0.504671356946 0.0500109535881 0.579438704692 0.0500109535881 0.579438704692 0.0333302037367 0.504671356946 0.0333302037367
436283208 0.588785080957 0.0500109535881 0.663552428703 0.0500109535881 0.663552428703 0.0333302037367 0.588785080957 0.0333302037367
436283212 0.672898804968 0.0500109535881 0.74766249034 0.0500109535881 0.74766249034 0.0333302037367 0.672898804968 0.0333302037367
436283216 0.757008866605 0.0500109535881 0.831776214351 0.0500109535881 0.831776214351 0.0333302037367 0.757008866605 0.0333302037367
436283220 0.841122590616 0.0500109535881 0.915886275989 0.0500109535881 0.915886275989 0.0333302037367 0.841122590616 0.0333302037367
436283224 0.925232652254 0.0500109535881 1.0 0.0500109535881 1.0 0.0333302037367 0.925232652254 0.0333302037367
436283236 0.504671356946 0.0333302037367 0.579438704692 0.0333302037367 0.579438704692 0.0166807498513 0.504671356946 0.0166807498513
436283240 0.588785080957 0.0333302037367 0.663552428703 0.0333302037367 0.663552428703 0.0166807498513 0.588785080957 0.0166807498513
436283244 0.672898804968 0.0333302037367 0.74766249034 0.0333302037367 0.74766249034 0.0166807498513 0.672898804968 0.0166807498513
436283248 0.757008866605 0.0333302037367 0.831776214351 0.0333302037367 0.831776214351 0.0166807498513 0.757008866605 0.0166807498513
436283252 0.841122590616 0.0333302037367 0.915886275989 0.0333302037367 0.915886275989 0.0166807498513 0.841122590616 0.0166807498513
436283256 0.925232652254 0.0333302037367 1.0 0.0333302037367 1.0 0.0166807498513 0.925232652254 0.0166807498513
436283268 0.504671356946 0.0166807498513 0.579438704692 0.0166807498513 0.579438704692 0.0 0.504671356946 0.0
436283272 0.588785080957 0.0166807498513 0.663552428703 0.0166807498513 0.663552428703 0.0 0.588785080957 0.0
436283276 0.672898804968 0.0166807498513 0.74766249034 0.0166807498513 0.74766249034 0.0 0.672898804968 0.0
436283280 0.757008866605 0.0166807498513 0.831776214351 0.0166807498513 0.831776214351 0.0 0.757008866605 0.0
436283284 0.841122590616 0.0166807498513 0.915886275989 0.0166807498513 0.915886275989 0.0 0.841122590616 0.0
436283288 0.925232652254 0.0166807498513 1.0 0.0166807498513 1.0 0.0 0.925232652254 0.0
