# Xscale/Yscale
# 110.77/65.19
402676357 0.748217026271 0.457738917012 0.833438656676 0.447154471545 0.815473503656 0.379199263691
402676358 0.815473503656 0.379199263691 0.736119888056 0.411872986654 0.748217026271 0.457738917012
402676361 0.693870181457 0.33977603927 0.762209984653 0.287774198497 0.712647828835 0.238073324129
402676362 0.712647828835 0.238073324129 0.660377358491 0.306181929744 0.693870181457 0.33977603927
402676365 0.587975083506 0.264611136677 0.620926243568 0.185457892315 0.553037826126 0.167203558828
402676366 0.553037826126 0.167203558828 0.542024013722 0.252339315846 0.587975083506 0.264611136677
402676369 0.458427372032 0.252492713606 0.447052451025 0.167510354349 0.379254310734 0.185918085596
402676370 0.379254310734 0.185918085596 0.412566579399 0.264917932198 0.458427372032 0.252492713606
402676373 0.339983750113 0.306488725265 0.287442448316 0.238686915171 0.2380608468 0.288694585059
402676374 0.2380608468 0.288694585059 0.306581204297 0.340389630311 0.339983750113 0.306488725265
402676377 0.264060666245 0.412486577696 0.184526496344 0.380119650253 0.166832174777 0.448074858107
402676378 0.166832174777 0.448074858107 0.252053805182 0.458505905814 0.264060666245 0.412486577696
402676381 0.25187325088 0.542261082988 0.166832174777 0.553765915018 0.185429267852 0.621567725111
402676382 0.185429267852 0.621567725111 0.264421774849 0.588127013346 0.25187325088 0.542261082988
402676385 0.306220095694 0.660684154011 0.238241401101 0.712992790305 0.288164665523 0.762540266912
402676386 0.288164665523 0.762540266912 0.339983750113 0.694124865777 0.306220095694 0.660684154011
402676389 0.412386025097 0.736309249885 0.379344587885 0.815462494248 0.447233005326 0.833716827734
402676390 0.447233005326 0.833716827734 0.45824681773 0.748581070716 0.412386025097 0.736309249885
402676393 0.542565676627 0.748274275196 0.55339893473 0.833256634453 0.621287352171 0.815309096487
402676394 0.621287352171 0.815309096487 0.588426469261 0.736002454364 0.542565676627 0.748274275196
402676397 0.660738467094 0.693818070256 0.712467274533 0.762386869152 0.762480816105 0.712839392545
402676398 0.762480816105 0.712839392545 0.694502121513 0.660530756251 0.660738467094 0.693818070256
402676401 0.736390719509 0.587360024544 0.815473503656 0.620800736309 0.833980319581 0.552998926216
402676402 0.833980319581 0.552998926216 0.748939243477 0.541647491947 0.736390719509 0.587360024544
402676485 0.751105895098 0.523853351741 0.836056694051 0.535818377052 0.836508079805 0.465562202792
402676486 0.836508079805 0.465562202792 0.751376726551 0.47645344378 0.751105895098 0.523853351741
402676489 0.728897715988 0.395612824053 0.808341608739 0.36339929437 0.77349462851 0.302346985734
402676490 0.77349462851 0.302346985734 0.705335379615 0.354502224268 0.728897715988 0.395612824053
402676493 0.645933014354 0.295750882037 0.698474316151 0.227949071944 0.637717793626 0.192667587053
402676494 0.637717793626 0.192667587053 0.604856910716 0.271820831416 0.645933014354 0.295750882037
402676497 0.524058860702 0.2501917472 0.535253227408 0.165209387943 0.465017604044 0.165362785703
402676498 0.465017604044 0.165362785703 0.476482802203 0.250345144961 0.524058860702 0.2501917472
402676501 0.395865306491 0.271820831416 0.362823869279 0.192667587053 0.302067346755 0.227949071944
402676502 0.302067346755 0.227949071944 0.354789202853 0.295750882037 0.395865306491 0.271820831416
402676505 0.29520628329 0.354502224268 0.226866480094 0.302500383494 0.192109777015 0.363552692131
402676506 0.192109777015 0.363552692131 0.271734224068 0.395766221813 0.29520628329 0.354502224268
402676509 0.249435767807 0.47645344378 0.164304414553 0.465715600552 0.164755800307 0.535971774812
402676510 0.164755800307 0.535971774812 0.24970659926 0.524006749501 0.249435767807 0.47645344378
402676513 0.27092172971 0.60546096027 0.191748668412 0.638594876515 0.227317865848 0.69918699187
402676514 0.227317865848 0.69918699187 0.294935451837 0.646418162295 0.27092172971 0.60546096027
402676517 0.354337817098 0.706089891088 0.302157623905 0.774198496702 0.363184977882 0.809019788311
402676518 0.363184977882 0.809019788311 0.395594475038 0.729713146188 0.354337817098 0.706089891088
402676521 0.476934187957 0.751495628164 0.46555926695 0.836477987421 0.535885167464 0.836477987421
402676522 0.535885167464 0.836477987421 0.524510246457 0.751495628164 0.476934187957 0.751495628164
402676525 0.605669405074 0.729252952907 0.63807890223 0.80871299279 0.699015979056 0.773738303421
402676526 0.699015979056 0.773738303421 0.646835785863 0.705629697806 0.605669405074 0.729252952907
402676529 0.70578676537 0.645804571253 0.77349462851 0.698573400828 0.808973548795 0.637827887713
402676530 0.808973548795 0.637827887713 0.729710210346 0.604847369228 0.70578676537 0.645804571253
402676869 0.838855285727 0.443472925295 0.906563148867 0.434882650713 0.884896632662 0.353275042184
402676870 0.884896632662 0.353275042184 0.821883181367 0.379352661451 0.838855285727 0.443472925295
402676873 0.764918299178 0.281638288081 0.819174866841 0.240374290535 0.759501670127 0.180549163982
402676874 0.759501670127 0.180549163982 0.717974180735 0.234698573401 0.764918299178 0.281638288081
402676877 0.620294303512 0.178708390857 0.646474677259 0.115661911336 0.564864132888 0.0940328271207
402676878 0.564864132888 0.0940328271207 0.556197526406 0.161681239454 0.620294303512 0.178708390857
402676881 0.443531642141 0.161834637214 0.434503927056 0.0941862248811 0.352983659836 0.116275502378
402676882 0.352983659836 0.116275502378 0.379525142187 0.179168584139 0.443531642141 0.161834637214
402676885 0.281935542114 0.235312164442 0.24022749842 0.181316152784 0.180825133159 0.241294677098
402676886 0.180825133159 0.241294677098 0.235262255123 0.282405276883 0.281935542114 0.235312164442
402676889 0.178748758689 0.379812854732 0.115554753092 0.353888633226 0.0941590683398 0.435649639515
402676890 0.0941590683398 0.435649639515 0.16186693148 0.444086516337 0.178748758689 0.379812854732
402676893 0.161776654329 0.556833870225 0.0941590683398 0.566037735849 0.116457524601 0.647338548857
402676894 0.116457524601 0.647338548857 0.179290421594 0.620800736309 0.161776654329 0.556833870225
402676897 0.235623363727 0.718515109679 0.181547350366 0.760085902746 0.241491378532 0.819604233778
402676898 0.241491378532 0.819604233778 0.282748036472 0.765148028839 0.235623363727 0.718515109679
402676901 0.380427913695 0.821445006903 0.354247539948 0.884338088664 0.435858084319 0.90612057064
402676902 0.435858084319 0.90612057064 0.444524690801 0.838472158306 0.380427913695 0.821445006903
402676905 0.557280852216 0.838318760546 0.565947458698 0.905967172879 0.647558003069 0.884184690904
402676906 0.647558003069 0.884184690904 0.621377629322 0.821291609143 0.557280852216 0.838318760546
402676909 0.718786675093 0.764687835558 0.760043333032 0.818990642737 0.819897084048 0.759472311704
402676910 0.819897084048 0.759472311704 0.765821070687 0.717901518638 0.718786675093 0.764687835558
402676913 0.821883181367 0.620033747507 0.884806355511 0.646418162295 0.90692425747 0.564963951526
402676914 0.90692425747 0.564963951526 0.839216394331 0.556066881424 0.821883181367 0.620033747507
402676997 0.841834431705 0.532903819604 0.909452017694 0.542107685228 0.909813126298 0.457738917012
402676998 0.909813126298 0.457738917012 0.842105263158 0.466482589354 0.841834431705 0.532903819604
402677001 0.812494357678 0.357723577236 0.875688363275 0.33195275349 0.833619210978 0.258782021782
402677002 0.833619210978 0.258782021782 0.779452920466 0.300199417089 0.812494357678 0.357723577236
402677005 0.69946736481 0.220739377205 0.741085131353 0.166743365547 0.667960639162 0.124405583678
402677006 0.667960639162 0.124405583678 0.641960819717 0.18760546096 0.69946736481 0.220739377205
402677009 0.533086575788 0.158613284246 0.542024013722 0.0909648719129 0.457524600524 0.0911182696733
402677010 0.457524600524 0.0911182696733 0.466732869911 0.158766682006 0.533086575788 0.158613284246
402677013 0.357948903133 0.187758858721 0.331768529385 0.12486577696 0.258824591496 0.167356956588
402677014 0.258824591496 0.167356956588 0.300622912341 0.221199570486 0.357948903133 0.187758858721
402677017 0.220908188138 0.30081300813 0.166561343324 0.259395612824 0.124763022479 0.332719742292
402677018 0.124763022479 0.332719742292 0.188047305227 0.358337168277 0.220908188138 0.30081300813
402677021 0.158616954049 0.467402975917 0.0909090909091 0.458812701335 0.0913604766634 0.543181469551
402677022 0.0913604766634 0.543181469551 0.158978062652 0.533670808406 0.158616954049 0.467402975917
402677025 0.188047305227 0.642429820525 0.125033853932 0.668660837552 0.167644669134 0.741678171499
402677026 0.167644669134 0.741678171499 0.221540128194 0.699800582911 0.188047305227 0.642429820525
402677029 0.301345129548 0.779414020555 0.259817640155 0.833563429974 0.333122686648 0.875594416322
402677030 0.333122686648 0.875594416322 0.358941951792 0.81239453904 0.301345129548 0.779414020555
402677033 0.467635641419 0.841386715754 0.458607926334 0.909035128087 0.543107339532 0.908881730327
402677034 0.543107339532 0.908881730327 0.533989347296 0.841386715754 0.467635641419 0.841386715754
402677037 0.642863591225 0.811934345759 0.668682856369 0.87513422304 0.741897625711 0.832949838932
402677038 0.741897625711 0.832949838932 0.700370136318 0.778953827274 0.642863591225 0.811934345759
402677041 0.779814029069 0.698880196349 0.833709488129 0.740604387176 0.87613974903 0.667587053229
402677042 0.87613974903 0.667587053229 0.813126297734 0.641509433962 0.779814029069 0.698880196349
402677380 0.91423670669 0.458352508053 0.999187505642 0.452063199877 0.989527850501 0.39070409572 0.906743703169 0.410492406811
402677384 0.881104992326 0.332566344531 0.959916945021 0.300199417089 0.931750473955 0.244822825587 0.859167644669 0.289308176101
402677388 0.810688814661 0.223040343611 0.875598086124 0.16781714987 0.831633113659 0.123791992637 0.776383497337 0.188679245283
402677392 0.71002979146 0.14066574628 0.754626703981 0.0681086056144 0.699196533357 0.0400368154625 0.666787036201 0.118729866544
402677396 0.588877855015 0.0935726338395 0.608738828203 0.0107378432275 0.547350365622 0.00107378432275 0.540940687912 0.0860561435803
402677400 0.459149589239 0.0860561435803 0.452469080076 0.00107378432275 0.391080617496 0.0108912409879 0.411302699287 0.0937260315999
402677404 0.332942132346 0.119190059825 0.300261803737 0.0404970087437 0.245012187415 0.0688755944163 0.289879931389 0.141279337322
402677408 0.22325539406 0.189446234085 0.167825223436 0.12486577696 0.124040805272 0.168890934192 0.189130631037 0.223807332413
402677412 0.14074207818 0.290381960423 0.0679786945924 0.24620340543 0.0400830549788 0.301579996932 0.118985284824 0.333640128854
402677416 0.0935271282838 0.411566191134 0.0105624266498 0.391777880043 0.00117360296109 0.45329038196 0.0861244019139 0.459426292376
402677420 0.0861244019139 0.541187298665 0.00117360296109 0.548090197883 0.0111040895549 0.60944930204 0.0938882368872 0.589047399908
402677424 0.119165839126 0.667126859948 0.0405344407331 0.699800582911 0.0688814661009 0.755023776653 0.141283741085 0.710231630618
402677428 0.189762571093 0.776806258629 0.125033853932 0.83218285013 0.169089103548 0.875901211842 0.224158165568 0.810860561436
402677432 0.290602148596 0.85918085596 0.246185790376 0.931737996625 0.301615961 0.959963184538 0.333844903855 0.881116735696
402677436 0.412024916494 0.90642736616 0.392073666155 0.989262156773 0.453462128735 0.998926215677 0.459871806446 0.91394385642
402677440 0.54184345942 0.913790458659 0.548343414282 0.998619420156 0.609731876862 0.988955361252 0.589780626523 0.9062739684
402677444 0.66768980771 0.880809940175 0.700009027715 0.959502991256 0.755439198339 0.931431201104 0.710842285817 0.858874060439
402677448 0.777105714544 0.810400368155 0.832174776564 0.875441018561 0.87623002618 0.831569259089 0.811501309019 0.776192667587
402677452 0.859528753273 0.709618039577 0.932021305408 0.754563583372 0.960368330775 0.69918699187 0.881646655232 0.666513268906
402677456 0.90683398032 0.588127013346 0.989618127652 0.608375517717 0.999458337095 0.54701641356 0.914507538142 0.540420309863
402677508 0.915049201047 0.52354655622 0.999909722849 0.530602853198 1.0 0.468476760239 0.915139478198 0.475072863936
402677512 0.902771508531 0.394232244209 0.985645933014 0.374597330879 0.966597454184 0.315385795367 0.88787577864 0.348059518331
402677516 0.850320483886 0.275042184384 0.923083867473 0.230863629391 0.886611898528 0.180549163982 0.821883181367 0.235925755484
402677520 0.763744696217 0.178094799816 0.819174866841 0.113514342691 0.768890493816 0.0770056757171 0.724474135596 0.149562816383
402677524 0.651259366254 0.112440558368 0.683939694863 0.0337475072864 0.624898438205 0.0147261849977 0.605218019319 0.0975609756098
402677528 0.524239415004 0.0848289614972 0.531010201318 0.0 0.46880924438 0.0 0.475760584996 0.0848289614972
402677532 0.394962534982 0.0977143733701 0.375011284644 0.0148795827581 0.315970027986 0.0342077005676 0.348830910896 0.112747353889
402677536 0.275616141555 0.149869611904 0.231019229033 0.0773124712379 0.18091541031 0.113974535972 0.236526135235 0.178554993097
402677540 0.178387650086 0.236539346526 0.113478378622 0.181469550545 0.0771869639794 0.231784015953 0.150040624718 0.275962570946
402677544 0.112665884265 0.348826507133 0.0339442087208 0.31645957969 0.0149860070416 0.375671115202 0.0979507086756 0.394999233011
402677548 0.0849507989528 0.476146648259 0.0 0.469703942322 0.000270831452559 0.531830035281 0.0851313532545 0.524620340543
402677552 0.0981312629773 0.60561435803 0.015347115645 0.625709464642 0.0347567030785 0.684767602393 0.113297824321 0.651633686148
402677556 0.150492010472 0.724957815616 0.0779091811862 0.76959656389 0.114651981583 0.819757631539 0.179109867293 0.764074244516
402677560 0.23706779814 0.822058597944 0.181818181818 0.88679245283 0.232192831994 0.923301119804 0.276338358761 0.850437183617
402677564 0.349553128103 0.887559441632 0.316963076645 0.966252492714 0.376094610454 0.985273815002 0.395684752189 0.90243902439
402677568 0.476753633655 0.915171038503 0.469982847341 1.0 0.532183804279 1.0 0.525232463663 0.915171038503
402677572 0.60639162228 0.901978831109 0.626162318317 0.984813621721 0.685203574975 0.965638901672 0.652523246366 0.887099248351
402677576 0.725376907105 0.849823592576 0.769702988174 0.922534131002 0.819987361199 0.886025464028 0.764647467726 0.821291609143
402677580 0.821792904216 0.762540266912 0.886431344227 0.818070256174 0.922993590322 0.767909188526 0.850410761036 0.723423838012
402677584 0.887063284283 0.650253106305 0.965694682676 0.683233624789 0.985013992958 0.624175487038 0.902139568475 0.604233778187
