# Xscale/Yscale
# 150.41/342.329
302121220 0.0 1.0 0.112672029785 1.0 0.112672029785 0.968740597495 0.0 0.968740597495
302121224 0.126760188817 1.0 0.239438867097 1.0 0.239438867097 0.968740597495 0.126760188817 0.968740597495
302121228 0.253520377634 1.0 0.366199055914 1.0 0.366199055914 0.968740597495 0.253520377634 0.968740597495
302121232 0.380280566452 1.0 0.492959244731 1.0 0.492959244731 0.968740597495 0.380280566452 0.968740597495
302121236 0.507040755269 1.0 0.619719433548 1.0 0.619719433548 0.968740597495 0.507040755269 0.968740597495
302121240 0.633800944086 1.0 0.746479622366 1.0 0.746479622366 0.968740597495 0.633800944086 0.968740597495
302121244 0.760567781398 1.0 0.873239811183 1.0 0.873239811183 0.968740597495 0.760567781398 0.968740597495
302121248 0.887327970215 1.0 1.0 1.0 1.0 0.968740597495 0.887327970215 0.968740597495
302121476 0.0 0.968749360995 0.112672029785 0.968749360995 0.112672029785 0.93748995849 0.0 0.93748995849
302121480 0.126760188817 0.968749360995 0.239438867097 0.968749360995 0.239438867097 0.93748995849 0.126760188817 0.93748995849
302121484 0.253520377634 0.968749360995 0.366199055914 0.968749360995 0.366199055914 0.93748995849 0.253520377634 0.93748995849
302121488 0.380280566452 0.968749360995 0.492959244731 0.968749360995 0.492959244731 0.93748995849 0.380280566452 0.93748995849
302121492 0.507040755269 0.968749360995 0.619719433548 0.968749360995 0.619719433548 0.93748995849 0.507040755269 0.93748995849
302121496 0.633800944086 0.968749360995 0.746479622366 0.968749360995 0.746479622366 0.93748995849 0.633800944086 0.93748995849
302121500 0.760567781398 0.968749360995 0.873239811183 0.968749360995 0.873239811183 0.93748995849 0.760567781398 0.93748995849
302121504 0.887327970215 0.968749360995 1.0 0.968749360995 1.0 0.93748995849 0.887327970215 0.93748995849
302121732 0.0 0.937501643156 0.112672029785 0.937501643156 0.112672029785 0.906242240652 0.0 0.906242240652
302121736 0.126760188817 0.937501643156 0.239438867097 0.937501643156 0.239438867097 0.906242240652 0.126760188817 0.906242240652
302121740 0.253520377634 0.937501643156 0.366199055914 0.937501643156 0.366199055914 0.906242240652 0.253520377634 0.906242240652
302121744 0.380280566452 0.937501643156 0.492959244731 0.937501643156 0.492959244731 0.906242240652 0.380280566452 0.906242240652
302121748 0.507040755269 0.937501643156 0.619719433548 0.937501643156 0.619719433548 0.906242240652 0.507040755269 0.906242240652
302121752 0.633800944086 0.937501643156 0.746479622366 0.937501643156 0.746479622366 0.906242240652 0.633800944086 0.906242240652
302121756 0.760567781398 0.937501643156 0.873239811183 0.937501643156 0.873239811183 0.906242240652 0.760567781398 0.906242240652
302121760 0.887327970215 0.937501643156 1.0 0.937501643156 1.0 0.906242240652 0.887327970215 0.906242240652
302121988 0.0 0.906251004151 0.112672029785 0.906251004151 0.112672029785 0.874991601646 0.0 0.874991601646
302121992 0.126760188817 0.906251004151 0.239438867097 0.906251004151 0.239438867097 0.874991601646 0.126760188817 0.874991601646
302121996 0.253520377634 0.906251004151 0.366199055914 0.906251004151 0.366199055914 0.874991601646 0.253520377634 0.874991601646
302122000 0.380280566452 0.906251004151 0.492959244731 0.906251004151 0.492959244731 0.874991601646 0.380280566452 0.874991601646
302122004 0.507040755269 0.906251004151 0.619719433548 0.906251004151 0.619719433548 0.874991601646 0.507040755269 0.874991601646
302122008 0.633800944086 0.906251004151 0.746479622366 0.906251004151 0.746479622366 0.874991601646 0.633800944086 0.874991601646
302122012 0.760567781398 0.906251004151 0.873239811183 0.906251004151 0.873239811183 0.874991601646 0.760567781398 0.874991601646
302122016 0.887327970215 0.906251004151 1.0 0.906251004151 1.0 0.874991601646 0.887327970215 0.874991601646
302122244 0.0 0.875000365146 0.112672029785 0.875000365146 0.112672029785 0.843740962641 0.0 0.843740962641
302122248 0.126760188817 0.875000365146 0.239438867097 0.875000365146 0.239438867097 0.843740962641 0.126760188817 0.843740962641
302122252 0.253520377634 0.875000365146 0.366199055914 0.875000365146 0.366199055914 0.843740962641 0.253520377634 0.843740962641
302122256 0.380280566452 0.875000365146 0.492959244731 0.875000365146 0.492959244731 0.843740962641 0.380280566452 0.843740962641
302122260 0.507040755269 0.875000365146 0.619719433548 0.875000365146 0.619719433548 0.843740962641 0.507040755269 0.843740962641
302122264 0.633800944086 0.875000365146 0.746479622366 0.875000365146 0.746479622366 0.843740962641 0.633800944086 0.843740962641
302122268 0.760567781398 0.875000365146 0.873239811183 0.875000365146 0.873239811183 0.843740962641 0.760567781398 0.843740962641
302122272 0.887327970215 0.875000365146 1.0 0.875000365146 1.0 0.843740962641 0.887327970215 0.843740962641
302122500 0.0 0.843752647307 0.112672029785 0.843752647307 0.112672029785 0.812490323636 0.0 0.812490323636
302122504 0.126760188817 0.843752647307 0.239438867097 0.843752647307 0.239438867097 0.812490323636 0.126760188817 0.812490323636
302122508 0.253520377634 0.843752647307 0.366199055914 0.843752647307 0.366199055914 0.812490323636 0.253520377634 0.812490323636
302122512 0.380280566452 0.843752647307 0.492959244731 0.843752647307 0.492959244731 0.812490323636 0.380280566452 0.812490323636
302122516 0.507040755269 0.843752647307 0.619719433548 0.843752647307 0.619719433548 0.812490323636 0.507040755269 0.812490323636
302122520 0.633800944086 0.843752647307 0.746479622366 0.843752647307 0.746479622366 0.812490323636 0.633800944086 0.812490323636
302122524 0.760567781398 0.843752647307 0.873239811183 0.843752647307 0.873239811183 0.812490323636 0.760567781398 0.812490323636
302122528 0.887327970215 0.843752647307 1.0 0.843752647307 1.0 0.812490323636 0.887327970215 0.812490323636
302122756 0.0 0.812502008302 0.112672029785 0.812502008302 0.112672029785 0.781242605797 0.0 0.781242605797
302122760 0.126760188817 0.812502008302 0.239438867097 0.812502008302 0.239438867097 0.781242605797 0.126760188817 0.781242605797
302122764 0.253520377634 0.812502008302 0.366199055914 0.812502008302 0.366199055914 0.781242605797 0.253520377634 0.781242605797
302122768 0.380280566452 0.812502008302 0.492959244731 0.812502008302 0.492959244731 0.781242605797 0.380280566452 0.781242605797
302122772 0.507040755269 0.812502008302 0.619719433548 0.812502008302 0.619719433548 0.781242605797 0.507040755269 0.781242605797
302122776 0.633800944086 0.812502008302 0.746479622366 0.812502008302 0.746479622366 0.781242605797 0.633800944086 0.781242605797
302122780 0.760567781398 0.812502008302 0.873239811183 0.812502008302 0.873239811183 0.781242605797 0.760567781398 0.781242605797
302122784 0.887327970215 0.812502008302 1.0 0.812502008302 1.0 0.781242605797 0.887327970215 0.781242605797
302123012 0.0 0.781251369297 0.112672029785 0.781251369297 0.112672029785 0.765570547631 0.0 0.765570547631
302123016 0.126760188817 0.781251369297 0.239438867097 0.781251369297 0.239438867097 0.765570547631 0.126760188817 0.765570547631
302123020 0.253520377634 0.781251369297 0.366199055914 0.781251369297 0.366199055914 0.765570547631 0.253520377634 0.765570547631
302123024 0.380280566452 0.781251369297 0.492959244731 0.781251369297 0.492959244731 0.765570547631 0.380280566452 0.765570547631
302123028 0.507040755269 0.781251369297 0.619719433548 0.781251369297 0.619719433548 0.765570547631 0.507040755269 0.765570547631
302123032 0.633800944086 0.781251369297 0.746479622366 0.781251369297 0.746479622366 0.765570547631 0.633800944086 0.765570547631
302123036 0.760567781398 0.781251369297 0.873239811183 0.781251369297 0.873239811183 0.765570547631 0.760567781398 0.765570547631
302123040 0.887327970215 0.781251369297 1.0 0.781251369297 1.0 0.765570547631 0.887327970215 0.765570547631
302123268 0.0 0.750003651458 0.112672029785 0.750003651458 0.112672029785 0.734319908626 0.0 0.734319908626
302123272 0.126760188817 0.750003651458 0.239438867097 0.750003651458 0.239438867097 0.734319908626 0.126760188817 0.734319908626
302123276 0.253520377634 0.750003651458 0.366199055914 0.750003651458 0.366199055914 0.734319908626 0.253520377634 0.734319908626
302123280 0.380280566452 0.750003651458 0.492959244731 0.750003651458 0.492959244731 0.734319908626 0.380280566452 0.734319908626
302123284 0.507040755269 0.750003651458 0.619719433548 0.750003651458 0.619719433548 0.734319908626 0.507040755269 0.734319908626
302123288 0.633800944086 0.750003651458 0.746479622366 0.750003651458 0.746479622366 0.734319908626 0.633800944086 0.734319908626
302123292 0.760567781398 0.750003651458 0.873239811183 0.750003651458 0.873239811183 0.734319908626 0.760567781398 0.734319908626
302123296 0.887327970215 0.750003651458 1.0 0.750003651458 1.0 0.734319908626 0.887327970215 0.734319908626
302123524 0.0 0.718753012453 0.112672029785 0.718753012453 0.112672029785 0.687493609948 0.0 0.687493609948
302123528 0.126760188817 0.718753012453 0.239438867097 0.718753012453 0.239438867097 0.687493609948 0.126760188817 0.687493609948
302123532 0.253520377634 0.718753012453 0.366199055914 0.718753012453 0.366199055914 0.687493609948 0.253520377634 0.687493609948
302123536 0.380280566452 0.718753012453 0.492959244731 0.718753012453 0.492959244731 0.687493609948 0.380280566452 0.687493609948
302123540 0.507040755269 0.718753012453 0.619719433548 0.718753012453 0.619719433548 0.687493609948 0.507040755269 0.687493609948
302123544 0.633800944086 0.718753012453 0.746479622366 0.718753012453 0.746479622366 0.687493609948 0.633800944086 0.687493609948
302123548 0.760567781398 0.718753012453 0.873239811183 0.718753012453 0.873239811183 0.687493609948 0.760567781398 0.687493609948
302123552 0.887327970215 0.718753012453 1.0 0.718753012453 1.0 0.687493609948 0.887327970215 0.687493609948
302123780 0.0 0.687502373448 0.112672029785 0.687502373448 0.112672029785 0.656242970943 0.0 0.656242970943
302123784 0.126760188817 0.687502373448 0.239438867097 0.687502373448 0.239438867097 0.656242970943 0.126760188817 0.656242970943
302123788 0.253520377634 0.687502373448 0.366199055914 0.687502373448 0.366199055914 0.656242970943 0.253520377634 0.656242970943
302123792 0.380280566452 0.687502373448 0.492959244731 0.687502373448 0.492959244731 0.656242970943 0.380280566452 0.656242970943
302123796 0.507040755269 0.687502373448 0.619719433548 0.687502373448 0.619719433548 0.656242970943 0.507040755269 0.656242970943
302123800 0.633800944086 0.687502373448 0.746479622366 0.687502373448 0.746479622366 0.656242970943 0.633800944086 0.656242970943
302123804 0.760567781398 0.687502373448 0.873239811183 0.687502373448 0.873239811183 0.656242970943 0.760567781398 0.656242970943
302123808 0.887327970215 0.687502373448 1.0 0.687502373448 1.0 0.656242970943 0.887327970215 0.656242970943
302124036 0.0 0.656254655609 0.112672029785 0.656254655609 0.112672029785 0.624992331938 0.0 0.624992331938
302124040 0.126760188817 0.656254655609 0.239438867097 0.656254655609 0.239438867097 0.624992331938 0.126760188817 0.624992331938
302124044 0.253520377634 0.656254655609 0.366199055914 0.656254655609 0.366199055914 0.624992331938 0.253520377634 0.624992331938
302124048 0.380280566452 0.656254655609 0.492959244731 0.656254655609 0.492959244731 0.624992331938 0.380280566452 0.624992331938
302124052 0.507040755269 0.656254655609 0.619719433548 0.656254655609 0.619719433548 0.624992331938 0.507040755269 0.624992331938
302124056 0.633800944086 0.656254655609 0.746479622366 0.656254655609 0.746479622366 0.624992331938 0.633800944086 0.624992331938
302124060 0.760567781398 0.656254655609 0.873239811183 0.656254655609 0.873239811183 0.624992331938 0.760567781398 0.624992331938
302124064 0.887327970215 0.656254655609 1.0 0.656254655609 1.0 0.624992331938 0.887327970215 0.624992331938
302124292 0.0 0.625004016604 0.112672029785 0.625004016604 0.112672029785 0.593744614099 0.0 0.593744614099
302124296 0.126760188817 0.625004016604 0.239438867097 0.625004016604 0.239438867097 0.593744614099 0.126760188817 0.593744614099
302124300 0.253520377634 0.625004016604 0.366199055914 0.625004016604 0.366199055914 0.593744614099 0.253520377634 0.593744614099
302124304 0.380280566452 0.625004016604 0.492959244731 0.625004016604 0.492959244731 0.593744614099 0.380280566452 0.593744614099
302124308 0.507040755269 0.625004016604 0.619719433548 0.625004016604 0.619719433548 0.593744614099 0.507040755269 0.593744614099
302124312 0.633800944086 0.625004016604 0.746479622366 0.625004016604 0.746479622366 0.593744614099 0.633800944086 0.593744614099
302124316 0.760567781398 0.625004016604 0.873239811183 0.625004016604 0.873239811183 0.593744614099 0.760567781398 0.593744614099
302124320 0.887327970215 0.625004016604 1.0 0.625004016604 1.0 0.593744614099 0.887327970215 0.593744614099
302124548 0.0 0.593753377599 0.112672029785 0.593753377599 0.112672029785 0.562493975094 0.0 0.562493975094
302124552 0.126760188817 0.593753377599 0.239438867097 0.593753377599 0.239438867097 0.562493975094 0.126760188817 0.562493975094
302124556 0.253520377634 0.593753377599 0.366199055914 0.593753377599 0.366199055914 0.562493975094 0.253520377634 0.562493975094
302124560 0.380280566452 0.593753377599 0.492959244731 0.593753377599 0.492959244731 0.562493975094 0.380280566452 0.562493975094
302124564 0.507040755269 0.593753377599 0.619719433548 0.593753377599 0.619719433548 0.562493975094 0.507040755269 0.562493975094
302124568 0.633800944086 0.593753377599 0.746479622366 0.593753377599 0.746479622366 0.562493975094 0.633800944086 0.562493975094
302124572 0.760567781398 0.593753377599 0.873239811183 0.593753377599 0.873239811183 0.562493975094 0.760567781398 0.562493975094
302124576 0.887327970215 0.593753377599 1.0 0.593753377599 1.0 0.562493975094 0.887327970215 0.562493975094
302124804 0.0 0.56250565976 0.112672029785 0.56250565976 0.112672029785 0.531243336089 0.0 0.531243336089
302124808 0.126760188817 0.56250565976 0.239438867097 0.56250565976 0.239438867097 0.531243336089 0.126760188817 0.531243336089
302124812 0.253520377634 0.56250565976 0.366199055914 0.56250565976 0.366199055914 0.531243336089 0.253520377634 0.531243336089
302124816 0.380280566452 0.56250565976 0.492959244731 0.56250565976 0.492959244731 0.531243336089 0.380280566452 0.531243336089
302124820 0.507040755269 0.56250565976 0.619719433548 0.56250565976 0.619719433548 0.531243336089 0.507040755269 0.531243336089
302124824 0.633800944086 0.56250565976 0.746479622366 0.56250565976 0.746479622366 0.531243336089 0.633800944086 0.531243336089
302124828 0.760567781398 0.56250565976 0.873239811183 0.56250565976 0.873239811183 0.531243336089 0.760567781398 0.531243336089
302124832 0.887327970215 0.56250565976 1.0 0.56250565976 1.0 0.531243336089 0.887327970215 0.531243336089
302125060 0.0 0.531255020755 0.112672029785 0.531255020755 0.112672029785 0.49999561825 0.0 0.49999561825
302125064 0.126760188817 0.531255020755 0.239438867097 0.531255020755 0.239438867097 0.49999561825 0.126760188817 0.49999561825
302125068 0.253520377634 0.531255020755 0.366199055914 0.531255020755 0.366199055914 0.49999561825 0.253520377634 0.49999561825
302125072 0.380280566452 0.531255020755 0.492959244731 0.531255020755 0.492959244731 0.49999561825 0.380280566452 0.49999561825
302125076 0.507040755269 0.531255020755 0.619719433548 0.531255020755 0.619719433548 0.49999561825 0.507040755269 0.49999561825
302125080 0.633800944086 0.531255020755 0.746479622366 0.531255020755 0.746479622366 0.49999561825 0.633800944086 0.49999561825
302125084 0.760567781398 0.531255020755 0.873239811183 0.531255020755 0.873239811183 0.49999561825 0.760567781398 0.49999561825
302125088 0.887327970215 0.531255020755 1.0 0.531255020755 1.0 0.49999561825 0.887327970215 0.49999561825
302125316 0.0 0.50000438175 0.112672029785 0.50000438175 0.112672029785 0.468744979245 0.0 0.468744979245
302125320 0.126760188817 0.50000438175 0.239438867097 0.50000438175 0.239438867097 0.468744979245 0.126760188817 0.468744979245
302125324 0.253520377634 0.50000438175 0.366199055914 0.50000438175 0.366199055914 0.468744979245 0.253520377634 0.468744979245
302125328 0.380280566452 0.50000438175 0.492959244731 0.50000438175 0.492959244731 0.468744979245 0.380280566452 0.468744979245
302125332 0.507040755269 0.50000438175 0.619719433548 0.50000438175 0.619719433548 0.468744979245 0.507040755269 0.468744979245
302125336 0.633800944086 0.50000438175 0.746479622366 0.50000438175 0.746479622366 0.468744979245 0.633800944086 0.468744979245
302125340 0.760567781398 0.50000438175 0.873239811183 0.50000438175 0.873239811183 0.468744979245 0.760567781398 0.468744979245
302125344 0.887327970215 0.50000438175 1.0 0.50000438175 1.0 0.468744979245 0.887327970215 0.468744979245
302125572 0.0 0.468756663911 0.112672029785 0.468756663911 0.112672029785 0.43749434024 0.0 0.43749434024
302125576 0.126760188817 0.468756663911 0.239438867097 0.468756663911 0.239438867097 0.43749434024 0.126760188817 0.43749434024
302125580 0.253520377634 0.468756663911 0.366199055914 0.468756663911 0.366199055914 0.43749434024 0.253520377634 0.43749434024
302125584 0.380280566452 0.468756663911 0.492959244731 0.468756663911 0.492959244731 0.43749434024 0.380280566452 0.43749434024
302125588 0.507040755269 0.468756663911 0.619719433548 0.468756663911 0.619719433548 0.43749434024 0.507040755269 0.43749434024
302125592 0.633800944086 0.468756663911 0.746479622366 0.468756663911 0.746479622366 0.43749434024 0.633800944086 0.43749434024
302125596 0.760567781398 0.468756663911 0.873239811183 0.468756663911 0.873239811183 0.43749434024 0.760567781398 0.43749434024
302125600 0.887327970215 0.468756663911 1.0 0.468756663911 1.0 0.43749434024 0.887327970215 0.43749434024
302125828 0.0 0.437506024906 0.112672029785 0.437506024906 0.112672029785 0.406246622401 0.0 0.406246622401
302125832 0.126760188817 0.437506024906 0.239438867097 0.437506024906 0.239438867097 0.406246622401 0.126760188817 0.406246622401
302125836 0.253520377634 0.437506024906 0.366199055914 0.437506024906 0.366199055914 0.406246622401 0.253520377634 0.406246622401
302125840 0.380280566452 0.437506024906 0.492959244731 0.437506024906 0.492959244731 0.406246622401 0.380280566452 0.406246622401
302125844 0.507040755269 0.437506024906 0.619719433548 0.437506024906 0.619719433548 0.406246622401 0.507040755269 0.406246622401
302125848 0.633800944086 0.437506024906 0.746479622366 0.437506024906 0.746479622366 0.406246622401 0.633800944086 0.406246622401
302125852 0.760567781398 0.437506024906 0.873239811183 0.437506024906 0.873239811183 0.406246622401 0.760567781398 0.406246622401
302125856 0.887327970215 0.437506024906 1.0 0.437506024906 1.0 0.406246622401 0.887327970215 0.406246622401
302126084 0.0 0.406255385901 0.112672029785 0.406255385901 0.112672029785 0.374995983396 0.0 0.374995983396
302126088 0.126760188817 0.406255385901 0.239438867097 0.406255385901 0.239438867097 0.374995983396 0.126760188817 0.374995983396
302126092 0.253520377634 0.406255385901 0.366199055914 0.406255385901 0.366199055914 0.374995983396 0.253520377634 0.374995983396
302126096 0.380280566452 0.406255385901 0.492959244731 0.406255385901 0.492959244731 0.374995983396 0.380280566452 0.374995983396
302126100 0.507040755269 0.406255385901 0.619719433548 0.406255385901 0.619719433548 0.374995983396 0.507040755269 0.374995983396
302126104 0.633800944086 0.406255385901 0.746479622366 0.406255385901 0.746479622366 0.374995983396 0.633800944086 0.374995983396
302126108 0.760567781398 0.406255385901 0.873239811183 0.406255385901 0.873239811183 0.374995983396 0.760567781398 0.374995983396
302126112 0.887327970215 0.406255385901 1.0 0.406255385901 1.0 0.374995983396 0.887327970215 0.374995983396
302126340 0.0 0.375007668062 0.112672029785 0.375007668062 0.112672029785 0.343745344391 0.0 0.343745344391
302126344 0.126760188817 0.375007668062 0.239438867097 0.375007668062 0.239438867097 0.343745344391 0.126760188817 0.343745344391
302126348 0.253520377634 0.375007668062 0.366199055914 0.375007668062 0.366199055914 0.343745344391 0.253520377634 0.343745344391
302126352 0.380280566452 0.375007668062 0.492959244731 0.375007668062 0.492959244731 0.343745344391 0.380280566452 0.343745344391
302126356 0.507040755269 0.375007668062 0.619719433548 0.375007668062 0.619719433548 0.343745344391 0.507040755269 0.343745344391
302126360 0.633800944086 0.375007668062 0.746479622366 0.375007668062 0.746479622366 0.343745344391 0.633800944086 0.343745344391
302126364 0.760567781398 0.375007668062 0.873239811183 0.375007668062 0.873239811183 0.343745344391 0.760567781398 0.343745344391
302126368 0.887327970215 0.375007668062 1.0 0.375007668062 1.0 0.343745344391 0.887327970215 0.343745344391
302126596 0.0 0.343757029057 0.112672029785 0.343757029057 0.112672029785 0.312497626552 0.0 0.312497626552
302126600 0.126760188817 0.343757029057 0.239438867097 0.343757029057 0.239438867097 0.312497626552 0.126760188817 0.312497626552
302126604 0.253520377634 0.343757029057 0.366199055914 0.343757029057 0.366199055914 0.312497626552 0.253520377634 0.312497626552
302126608 0.380280566452 0.343757029057 0.492959244731 0.343757029057 0.492959244731 0.312497626552 0.380280566452 0.312497626552
302126612 0.507040755269 0.343757029057 0.619719433548 0.343757029057 0.619719433548 0.312497626552 0.507040755269 0.312497626552
302126616 0.633800944086 0.343757029057 0.746479622366 0.343757029057 0.746479622366 0.312497626552 0.633800944086 0.312497626552
302126620 0.760567781398 0.343757029057 0.873239811183 0.343757029057 0.873239811183 0.312497626552 0.760567781398 0.312497626552
302126624 0.887327970215 0.343757029057 1.0 0.343757029057 1.0 0.312497626552 0.887327970215 0.312497626552
302126852 0.0 0.312506390052 0.112672029785 0.312506390052 0.112672029785 0.281246987547 0.0 0.281246987547
302126856 0.126760188817 0.312506390052 0.239438867097 0.312506390052 0.239438867097 0.281246987547 0.126760188817 0.281246987547
302126860 0.253520377634 0.312506390052 0.366199055914 0.312506390052 0.366199055914 0.281246987547 0.253520377634 0.281246987547
302126864 0.380280566452 0.312506390052 0.492959244731 0.312506390052 0.492959244731 0.281246987547 0.380280566452 0.281246987547
302126868 0.507040755269 0.312506390052 0.619719433548 0.312506390052 0.619719433548 0.281246987547 0.507040755269 0.281246987547
302126872 0.633800944086 0.312506390052 0.746479622366 0.312506390052 0.746479622366 0.281246987547 0.633800944086 0.281246987547
302126876 0.760567781398 0.312506390052 0.873239811183 0.312506390052 0.873239811183 0.281246987547 0.760567781398 0.281246987547
302126880 0.887327970215 0.312506390052 1.0 0.312506390052 1.0 0.281246987547 0.887327970215 0.281246987547
302127108 0.0 0.281258672213 0.112672029785 0.281258672213 0.112672029785 0.265574929381 0.0 0.265574929381
302127112 0.126760188817 0.281258672213 0.239438867097 0.281258672213 0.239438867097 0.265574929381 0.126760188817 0.265574929381
302127116 0.253520377634 0.281258672213 0.366199055914 0.281258672213 0.366199055914 0.265574929381 0.253520377634 0.265574929381
302127120 0.380280566452 0.281258672213 0.492959244731 0.281258672213 0.492959244731 0.265574929381 0.380280566452 0.265574929381
302127124 0.507040755269 0.281258672213 0.619719433548 0.281258672213 0.619719433548 0.265574929381 0.507040755269 0.265574929381
302127128 0.633800944086 0.281258672213 0.746479622366 0.281258672213 0.746479622366 0.265574929381 0.633800944086 0.265574929381
302127132 0.760567781398 0.281258672213 0.873239811183 0.281258672213 0.873239811183 0.265574929381 0.760567781398 0.265574929381
302127136 0.887327970215 0.281258672213 1.0 0.281258672213 1.0 0.265574929381 0.887327970215 0.265574929381
302127364 0.0 0.250008033208 0.112672029785 0.250008033208 0.112672029785 0.234327211542 0.0 0.234327211542
302127368 0.126760188817 0.250008033208 0.239438867097 0.250008033208 0.239438867097 0.234327211542 0.126760188817 0.234327211542
302127372 0.253520377634 0.250008033208 0.366199055914 0.250008033208 0.366199055914 0.234327211542 0.253520377634 0.234327211542
302127376 0.380280566452 0.250008033208 0.492959244731 0.250008033208 0.492959244731 0.234327211542 0.380280566452 0.234327211542
302127380 0.507040755269 0.250008033208 0.619719433548 0.250008033208 0.619719433548 0.234327211542 0.507040755269 0.234327211542
302127384 0.633800944086 0.250008033208 0.746479622366 0.250008033208 0.746479622366 0.234327211542 0.633800944086 0.234327211542
302127388 0.760567781398 0.250008033208 0.873239811183 0.250008033208 0.873239811183 0.234327211542 0.760567781398 0.234327211542
302127392 0.887327970215 0.250008033208 1.0 0.250008033208 1.0 0.234327211542 0.887327970215 0.234327211542
302127620 0.0 0.218757394203 0.112672029785 0.218757394203 0.112672029785 0.187497991698 0.0 0.187497991698
302127624 0.126760188817 0.218757394203 0.239438867097 0.218757394203 0.239438867097 0.187497991698 0.126760188817 0.187497991698
302127628 0.253520377634 0.218757394203 0.366199055914 0.218757394203 0.366199055914 0.187497991698 0.253520377634 0.187497991698
302127632 0.380280566452 0.218757394203 0.492959244731 0.218757394203 0.492959244731 0.187497991698 0.380280566452 0.187497991698
302127636 0.507040755269 0.218757394203 0.619719433548 0.218757394203 0.619719433548 0.187497991698 0.507040755269 0.187497991698
302127640 0.633800944086 0.218757394203 0.746479622366 0.218757394203 0.746479622366 0.187497991698 0.633800944086 0.187497991698
302127644 0.760567781398 0.218757394203 0.873239811183 0.218757394203 0.873239811183 0.187497991698 0.760567781398 0.187497991698
302127648 0.887327970215 0.218757394203 1.0 0.218757394203 1.0 0.187497991698 0.887327970215 0.187497991698
302127876 0.0 0.187509676364 0.112672029785 0.187509676364 0.112672029785 0.156247352693 0.0 0.156247352693
302127880 0.126760188817 0.187509676364 0.239438867097 0.187509676364 0.239438867097 0.156247352693 0.126760188817 0.156247352693
302127884 0.253520377634 0.187509676364 0.366199055914 0.187509676364 0.366199055914 0.156247352693 0.253520377634 0.156247352693
302127888 0.380280566452 0.187509676364 0.492959244731 0.187509676364 0.492959244731 0.156247352693 0.380280566452 0.156247352693
302127892 0.507040755269 0.187509676364 0.619719433548 0.187509676364 0.619719433548 0.156247352693 0.507040755269 0.156247352693
302127896 0.633800944086 0.187509676364 0.746479622366 0.187509676364 0.746479622366 0.156247352693 0.633800944086 0.156247352693
302127900 0.760567781398 0.187509676364 0.873239811183 0.187509676364 0.873239811183 0.156247352693 0.760567781398 0.156247352693
302127904 0.887327970215 0.187509676364 1.0 0.187509676364 1.0 0.156247352693 0.887327970215 0.156247352693
302128132 0.0 0.156259037359 0.112672029785 0.156259037359 0.112672029785 0.124999634854 0.0 0.124999634854
302128136 0.126760188817 0.156259037359 0.239438867097 0.156259037359 0.239438867097 0.124999634854 0.126760188817 0.124999634854
302128140 0.253520377634 0.156259037359 0.366199055914 0.156259037359 0.366199055914 0.124999634854 0.253520377634 0.124999634854
302128144 0.380280566452 0.156259037359 0.492959244731 0.156259037359 0.492959244731 0.124999634854 0.380280566452 0.124999634854
302128148 0.507040755269 0.156259037359 0.619719433548 0.156259037359 0.619719433548 0.124999634854 0.507040755269 0.124999634854
302128152 0.633800944086 0.156259037359 0.746479622366 0.156259037359 0.746479622366 0.124999634854 0.633800944086 0.124999634854
302128156 0.760567781398 0.156259037359 0.873239811183 0.156259037359 0.873239811183 0.124999634854 0.760567781398 0.124999634854
302128160 0.887327970215 0.156259037359 1.0 0.156259037359 1.0 0.124999634854 0.887327970215 0.124999634854
302128388 0.0 0.125008398354 0.112672029785 0.125008398354 0.112672029785 0.093748995849 0.0 0.093748995849
302128392 0.126760188817 0.125008398354 0.239438867097 0.125008398354 0.239438867097 0.093748995849 0.126760188817 0.093748995849
302128396 0.253520377634 0.125008398354 0.366199055914 0.125008398354 0.366199055914 0.093748995849 0.253520377634 0.093748995849
302128400 0.380280566452 0.125008398354 0.492959244731 0.125008398354 0.492959244731 0.093748995849 0.380280566452 0.093748995849
302128404 0.507040755269 0.125008398354 0.619719433548 0.125008398354 0.619719433548 0.093748995849 0.507040755269 0.093748995849
302128408 0.633800944086 0.125008398354 0.746479622366 0.125008398354 0.746479622366 0.093748995849 0.633800944086 0.093748995849
302128412 0.760567781398 0.125008398354 0.873239811183 0.125008398354 0.873239811183 0.093748995849 0.760567781398 0.093748995849
302128416 0.887327970215 0.125008398354 1.0 0.125008398354 1.0 0.093748995849 0.887327970215 0.093748995849
302128644 0.0 0.0937606805149 0.112672029785 0.0937606805149 0.112672029785 0.0624983568439 0.0 0.0624983568439
302128648 0.126760188817 0.0937606805149 0.239438867097 0.0937606805149 0.239438867097 0.0624983568439 0.126760188817 0.0624983568439
302128652 0.253520377634 0.0937606805149 0.366199055914 0.0937606805149 0.366199055914 0.0624983568439 0.253520377634 0.0624983568439
302128656 0.380280566452 0.0937606805149 0.492959244731 0.0937606805149 0.492959244731 0.0624983568439 0.380280566452 0.0624983568439
302128660 0.507040755269 0.0937606805149 0.619719433548 0.0937606805149 0.619719433548 0.0624983568439 0.507040755269 0.0624983568439
302128664 0.633800944086 0.0937606805149 0.746479622366 0.0937606805149 0.746479622366 0.0624983568439 0.633800944086 0.0624983568439
302128668 0.760567781398 0.0937606805149 0.873239811183 0.0937606805149 0.873239811183 0.0624983568439 0.760567781398 0.0624983568439
302128672 0.887327970215 0.0937606805149 1.0 0.0937606805149 1.0 0.0624983568439 0.887327970215 0.0624983568439
302128900 0.0 0.0625100415098 0.112672029785 0.0625100415098 0.112672029785 0.0312506390052 0.0 0.0312506390052
302128904 0.126760188817 0.0625100415098 0.239438867097 0.0625100415098 0.239438867097 0.0312506390052 0.126760188817 0.0312506390052
302128908 0.253520377634 0.0625100415098 0.366199055914 0.0625100415098 0.366199055914 0.0312506390052 0.253520377634 0.0312506390052
302128912 0.380280566452 0.0625100415098 0.492959244731 0.0625100415098 0.492959244731 0.0312506390052 0.380280566452 0.0312506390052
302128916 0.507040755269 0.0625100415098 0.619719433548 0.0625100415098 0.619719433548 0.0312506390052 0.507040755269 0.0312506390052
302128920 0.633800944086 0.0625100415098 0.746479622366 0.0625100415098 0.746479622366 0.0312506390052 0.633800944086 0.0312506390052
302128924 0.760567781398 0.0625100415098 0.873239811183 0.0625100415098 0.873239811183 0.0312506390052 0.760567781398 0.0312506390052
302128928 0.887327970215 0.0625100415098 1.0 0.0625100415098 1.0 0.0312506390052 0.887327970215 0.0312506390052
302129156 0.0 0.0312594025046 0.112672029785 0.0312594025046 0.112672029785 0.0 0.0 0.0
302129160 0.126760188817 0.0312594025046 0.239438867097 0.0312594025046 0.239438867097 0.0 0.126760188817 0.0
302129164 0.253520377634 0.0312594025046 0.366199055914 0.0312594025046 0.366199055914 0.0 0.253520377634 0.0
302129168 0.380280566452 0.0312594025046 0.492959244731 0.0312594025046 0.492959244731 0.0 0.380280566452 0.0
302129172 0.507040755269 0.0312594025046 0.619719433548 0.0312594025046 0.619719433548 0.0 0.507040755269 0.0
302129176 0.633800944086 0.0312594025046 0.746479622366 0.0312594025046 0.746479622366 0.0 0.633800944086 0.0
302129180 0.760567781398 0.0312594025046 0.873239811183 0.0312594025046 0.873239811183 0.0 0.760567781398 0.0
302129184 0.887327970215 0.0312594025046 1.0 0.0312594025046 1.0 0.0 0.887327970215 0.0
