# Xscale/Yscale
# 53.38/44.0
305139716 0.0 0.0 0.121393780442 0.0 0.121393780442 0.0227272727273 0.0 0.0227272727273
305139720 0.125515174223 0.0 0.246908954665 0.0 0.246908954665 0.0227272727273 0.125515174223 0.0227272727273
305139724 0.251030348445 0.0 0.372424128887 0.0 0.372424128887 0.0227272727273 0.251030348445 0.0227272727273
305139728 0.376545522668 0.0 0.49793930311 0.0 0.49793930311 0.0227272727273 0.376545522668 0.0227272727273
305139732 0.50206069689 0.0 0.623454477332 0.0 0.623454477332 0.0227272727273 0.50206069689 0.0227272727273
305139736 0.627575871113 0.0 0.748969651555 0.0 0.748969651555 0.0227272727273 0.627575871113 0.0227272727273
305139740 0.753091045335 0.0 0.874484825777 0.0 0.874484825777 0.0227272727273 0.753091045335 0.0227272727273
305139744 0.878606219558 0.0 1.0 0.0 1.0 0.0227272727273 0.878606219558 0.0227272727273
305143812 0.0 0.0227272727273 0.121393780442 0.0227272727273 0.121393780442 0.0454545454545 0.0 0.0454545454545
305143816 0.125515174223 0.0227272727273 0.246908954665 0.0227272727273 0.246908954665 0.0454545454545 0.125515174223 0.0454545454545
305143820 0.251030348445 0.0227272727273 0.372424128887 0.0227272727273 0.372424128887 0.0454545454545 0.251030348445 0.0454545454545
305143824 0.376545522668 0.0227272727273 0.49793930311 0.0227272727273 0.49793930311 0.0454545454545 0.376545522668 0.0454545454545
305143828 0.50206069689 0.0227272727273 0.623454477332 0.0227272727273 0.623454477332 0.0454545454545 0.50206069689 0.0454545454545
305143832 0.627575871113 0.0227272727273 0.748969651555 0.0227272727273 0.748969651555 0.0454545454545 0.627575871113 0.0454545454545
305143836 0.753091045335 0.0227272727273 0.874484825777 0.0227272727273 0.874484825777 0.0454545454545 0.753091045335 0.0454545454545
305143840 0.878606219558 0.0227272727273 1.0 0.0227272727273 1.0 0.0454545454545 0.878606219558 0.0454545454545
305147908 0.0 0.0454545454545 0.121393780442 0.0454545454545 0.121393780442 0.0681818181818 0.0 0.0681818181818
305147912 0.125515174223 0.0454545454545 0.246908954665 0.0454545454545 0.246908954665 0.0681818181818 0.125515174223 0.0681818181818
305147916 0.251030348445 0.0454545454545 0.372424128887 0.0454545454545 0.372424128887 0.0681818181818 0.251030348445 0.0681818181818
305147920 0.376545522668 0.0454545454545 0.49793930311 0.0454545454545 0.49793930311 0.0681818181818 0.376545522668 0.0681818181818
305147924 0.50206069689 0.0454545454545 0.623454477332 0.0454545454545 0.623454477332 0.0681818181818 0.50206069689 0.0681818181818
305147928 0.627575871113 0.0454545454545 0.748969651555 0.0454545454545 0.748969651555 0.0681818181818 0.627575871113 0.0681818181818
305147932 0.753091045335 0.0454545454545 0.874484825777 0.0454545454545 0.874484825777 0.0681818181818 0.753091045335 0.0681818181818
305147936 0.878606219558 0.0454545454545 1.0 0.0454545454545 1.0 0.0681818181818 0.878606219558 0.0681818181818
305152004 0.0 0.0681818181818 0.121393780442 0.0681818181818 0.121393780442 0.0909090909091 0.0 0.0909090909091
305152008 0.125515174223 0.0681818181818 0.246908954665 0.0681818181818 0.246908954665 0.0909090909091 0.125515174223 0.0909090909091
305152012 0.251030348445 0.0681818181818 0.372424128887 0.0681818181818 0.372424128887 0.0909090909091 0.251030348445 0.0909090909091
305152016 0.376545522668 0.0681818181818 0.49793930311 0.0681818181818 0.49793930311 0.0909090909091 0.376545522668 0.0909090909091
305152020 0.50206069689 0.0681818181818 0.623454477332 0.0681818181818 0.623454477332 0.0909090909091 0.50206069689 0.0909090909091
305152024 0.627575871113 0.0681818181818 0.748969651555 0.0681818181818 0.748969651555 0.0909090909091 0.627575871113 0.0909090909091
305152028 0.753091045335 0.0681818181818 0.874484825777 0.0681818181818 0.874484825777 0.0909090909091 0.753091045335 0.0909090909091
305152032 0.878606219558 0.0681818181818 1.0 0.0681818181818 1.0 0.0909090909091 0.878606219558 0.0909090909091
305156100 0.0 0.0909090909091 0.121393780442 0.0909090909091 0.121393780442 0.113636363636 0.0 0.113636363636
305156104 0.125515174223 0.0909090909091 0.246908954665 0.0909090909091 0.246908954665 0.113636363636 0.125515174223 0.113636363636
305156108 0.251030348445 0.0909090909091 0.372424128887 0.0909090909091 0.372424128887 0.113636363636 0.251030348445 0.113636363636
305156112 0.376545522668 0.0909090909091 0.49793930311 0.0909090909091 0.49793930311 0.113636363636 0.376545522668 0.113636363636
305156116 0.50206069689 0.0909090909091 0.623454477332 0.0909090909091 0.623454477332 0.113636363636 0.50206069689 0.113636363636
305156120 0.627575871113 0.0909090909091 0.748969651555 0.0909090909091 0.748969651555 0.113636363636 0.627575871113 0.113636363636
305156124 0.753091045335 0.0909090909091 0.874484825777 0.0909090909091 0.874484825777 0.113636363636 0.753091045335 0.113636363636
305156128 0.878606219558 0.0909090909091 1.0 0.0909090909091 1.0 0.113636363636 0.878606219558 0.113636363636
305160196 0.0 0.113636363636 0.121393780442 0.113636363636 0.121393780442 0.136363636364 0.0 0.136363636364
305160200 0.125515174223 0.113636363636 0.246908954665 0.113636363636 0.246908954665 0.136363636364 0.125515174223 0.136363636364
305160204 0.251030348445 0.113636363636 0.372424128887 0.113636363636 0.372424128887 0.136363636364 0.251030348445 0.136363636364
305160208 0.376545522668 0.113636363636 0.49793930311 0.113636363636 0.49793930311 0.136363636364 0.376545522668 0.136363636364
305160212 0.50206069689 0.113636363636 0.623454477332 0.113636363636 0.623454477332 0.136363636364 0.50206069689 0.136363636364
305160216 0.627575871113 0.113636363636 0.748969651555 0.113636363636 0.748969651555 0.136363636364 0.627575871113 0.136363636364
305160220 0.753091045335 0.113636363636 0.874484825777 0.113636363636 0.874484825777 0.136363636364 0.753091045335 0.136363636364
305160224 0.878606219558 0.113636363636 1.0 0.113636363636 1.0 0.136363636364 0.878606219558 0.136363636364
305164292 0.0 0.136363636364 0.121393780442 0.136363636364 0.121393780442 0.159090909091 0.0 0.159090909091
305164296 0.125515174223 0.136363636364 0.246908954665 0.136363636364 0.246908954665 0.159090909091 0.125515174223 0.159090909091
305164300 0.251030348445 0.136363636364 0.372424128887 0.136363636364 0.372424128887 0.159090909091 0.251030348445 0.159090909091
305164304 0.376545522668 0.136363636364 0.49793930311 0.136363636364 0.49793930311 0.159090909091 0.376545522668 0.159090909091
305164308 0.50206069689 0.136363636364 0.623454477332 0.136363636364 0.623454477332 0.159090909091 0.50206069689 0.159090909091
305164312 0.627575871113 0.136363636364 0.748969651555 0.136363636364 0.748969651555 0.159090909091 0.627575871113 0.159090909091
305164316 0.753091045335 0.136363636364 0.874484825777 0.136363636364 0.874484825777 0.159090909091 0.753091045335 0.159090909091
305164320 0.878606219558 0.136363636364 1.0 0.136363636364 1.0 0.159090909091 0.878606219558 0.159090909091
305168388 0.0 0.159090909091 0.121393780442 0.159090909091 0.121393780442 0.181818181818 0.0 0.181818181818
305168392 0.125515174223 0.159090909091 0.246908954665 0.159090909091 0.246908954665 0.181818181818 0.125515174223 0.181818181818
305168396 0.251030348445 0.159090909091 0.372424128887 0.159090909091 0.372424128887 0.181818181818 0.251030348445 0.181818181818
305168400 0.376545522668 0.159090909091 0.49793930311 0.159090909091 0.49793930311 0.181818181818 0.376545522668 0.181818181818
305168404 0.50206069689 0.159090909091 0.623454477332 0.159090909091 0.623454477332 0.181818181818 0.50206069689 0.181818181818
305168408 0.627575871113 0.159090909091 0.748969651555 0.159090909091 0.748969651555 0.181818181818 0.627575871113 0.181818181818
305168412 0.753091045335 0.159090909091 0.874484825777 0.159090909091 0.874484825777 0.181818181818 0.753091045335 0.181818181818
305168416 0.878606219558 0.159090909091 1.0 0.159090909091 1.0 0.181818181818 0.878606219558 0.181818181818
305172484 0.0 0.181818181818 0.121393780442 0.181818181818 0.121393780442 0.204545454545 0.0 0.204545454545
305172488 0.125515174223 0.181818181818 0.246908954665 0.181818181818 0.246908954665 0.204545454545 0.125515174223 0.204545454545
305172492 0.251030348445 0.181818181818 0.372424128887 0.181818181818 0.372424128887 0.204545454545 0.251030348445 0.204545454545
305172496 0.376545522668 0.181818181818 0.49793930311 0.181818181818 0.49793930311 0.204545454545 0.376545522668 0.204545454545
305172500 0.50206069689 0.181818181818 0.623454477332 0.181818181818 0.623454477332 0.204545454545 0.50206069689 0.204545454545
305172504 0.627575871113 0.181818181818 0.748969651555 0.181818181818 0.748969651555 0.204545454545 0.627575871113 0.204545454545
305172508 0.753091045335 0.181818181818 0.874484825777 0.181818181818 0.874484825777 0.204545454545 0.753091045335 0.204545454545
305172512 0.878606219558 0.181818181818 1.0 0.181818181818 1.0 0.204545454545 0.878606219558 0.204545454545
305176580 0.0 0.204545454545 0.121393780442 0.204545454545 0.121393780442 0.227272727273 0.0 0.227272727273
305176584 0.125515174223 0.204545454545 0.246908954665 0.204545454545 0.246908954665 0.227272727273 0.125515174223 0.227272727273
305176588 0.251030348445 0.204545454545 0.372424128887 0.204545454545 0.372424128887 0.227272727273 0.251030348445 0.227272727273
305176592 0.376545522668 0.204545454545 0.49793930311 0.204545454545 0.49793930311 0.227272727273 0.376545522668 0.227272727273
305176596 0.50206069689 0.204545454545 0.623454477332 0.204545454545 0.623454477332 0.227272727273 0.50206069689 0.227272727273
305176600 0.627575871113 0.204545454545 0.748969651555 0.204545454545 0.748969651555 0.227272727273 0.627575871113 0.227272727273
305176604 0.753091045335 0.204545454545 0.874484825777 0.204545454545 0.874484825777 0.227272727273 0.753091045335 0.227272727273
305176608 0.878606219558 0.204545454545 1.0 0.204545454545 1.0 0.227272727273 0.878606219558 0.227272727273
305180676 0.0 0.227272727273 0.121393780442 0.227272727273 0.121393780442 0.25 0.0 0.25
305180680 0.125515174223 0.227272727273 0.246908954665 0.227272727273 0.246908954665 0.25 0.125515174223 0.25
305180684 0.251030348445 0.227272727273 0.372424128887 0.227272727273 0.372424128887 0.25 0.251030348445 0.25
305180688 0.376545522668 0.227272727273 0.49793930311 0.227272727273 0.49793930311 0.25 0.376545522668 0.25
305180692 0.50206069689 0.227272727273 0.623454477332 0.227272727273 0.623454477332 0.25 0.50206069689 0.25
305180696 0.627575871113 0.227272727273 0.748969651555 0.227272727273 0.748969651555 0.25 0.627575871113 0.25
305180700 0.753091045335 0.227272727273 0.874484825777 0.227272727273 0.874484825777 0.25 0.753091045335 0.25
305180704 0.878606219558 0.227272727273 1.0 0.227272727273 1.0 0.25 0.878606219558 0.25
305184772 0.0 0.25 0.121393780442 0.25 0.121393780442 0.272727272727 0.0 0.272727272727
305184776 0.125515174223 0.25 0.246908954665 0.25 0.246908954665 0.272727272727 0.125515174223 0.272727272727
305184780 0.251030348445 0.25 0.372424128887 0.25 0.372424128887 0.272727272727 0.251030348445 0.272727272727
305184784 0.376545522668 0.25 0.49793930311 0.25 0.49793930311 0.272727272727 0.376545522668 0.272727272727
305184788 0.50206069689 0.25 0.623454477332 0.25 0.623454477332 0.272727272727 0.50206069689 0.272727272727
305184792 0.627575871113 0.25 0.748969651555 0.25 0.748969651555 0.272727272727 0.627575871113 0.272727272727
305184796 0.753091045335 0.25 0.874484825777 0.25 0.874484825777 0.272727272727 0.753091045335 0.272727272727
305184800 0.878606219558 0.25 1.0 0.25 1.0 0.272727272727 0.878606219558 0.272727272727
305188868 0.0 0.272727272727 0.121393780442 0.272727272727 0.121393780442 0.295454545455 0.0 0.295454545455
305188872 0.125515174223 0.272727272727 0.246908954665 0.272727272727 0.246908954665 0.295454545455 0.125515174223 0.295454545455
305188876 0.251030348445 0.272727272727 0.372424128887 0.272727272727 0.372424128887 0.295454545455 0.251030348445 0.295454545455
305188880 0.376545522668 0.272727272727 0.49793930311 0.272727272727 0.49793930311 0.295454545455 0.376545522668 0.295454545455
305188884 0.50206069689 0.272727272727 0.623454477332 0.272727272727 0.623454477332 0.295454545455 0.50206069689 0.295454545455
305188888 0.627575871113 0.272727272727 0.748969651555 0.272727272727 0.748969651555 0.295454545455 0.627575871113 0.295454545455
305188892 0.753091045335 0.272727272727 0.874484825777 0.272727272727 0.874484825777 0.295454545455 0.753091045335 0.295454545455
305188896 0.878606219558 0.272727272727 1.0 0.272727272727 1.0 0.295454545455 0.878606219558 0.295454545455
305192964 0.0 0.295454545455 0.121393780442 0.295454545455 0.121393780442 0.318181818182 0.0 0.318181818182
305192968 0.125515174223 0.295454545455 0.246908954665 0.295454545455 0.246908954665 0.318181818182 0.125515174223 0.318181818182
305192972 0.251030348445 0.295454545455 0.372424128887 0.295454545455 0.372424128887 0.318181818182 0.251030348445 0.318181818182
305192976 0.376545522668 0.295454545455 0.49793930311 0.295454545455 0.49793930311 0.318181818182 0.376545522668 0.318181818182
305192980 0.50206069689 0.295454545455 0.623454477332 0.295454545455 0.623454477332 0.318181818182 0.50206069689 0.318181818182
305192984 0.627575871113 0.295454545455 0.748969651555 0.295454545455 0.748969651555 0.318181818182 0.627575871113 0.318181818182
305192988 0.753091045335 0.295454545455 0.874484825777 0.295454545455 0.874484825777 0.318181818182 0.753091045335 0.318181818182
305192992 0.878606219558 0.295454545455 1.0 0.295454545455 1.0 0.318181818182 0.878606219558 0.318181818182
305197060 0.0 0.318181818182 0.121393780442 0.318181818182 0.121393780442 0.340909090909 0.0 0.340909090909
305197064 0.125515174223 0.318181818182 0.246908954665 0.318181818182 0.246908954665 0.340909090909 0.125515174223 0.340909090909
305197068 0.251030348445 0.318181818182 0.372424128887 0.318181818182 0.372424128887 0.340909090909 0.251030348445 0.340909090909
305197072 0.376545522668 0.318181818182 0.49793930311 0.318181818182 0.49793930311 0.340909090909 0.376545522668 0.340909090909
305197076 0.50206069689 0.318181818182 0.623454477332 0.318181818182 0.623454477332 0.340909090909 0.50206069689 0.340909090909
305197080 0.627575871113 0.318181818182 0.748969651555 0.318181818182 0.748969651555 0.340909090909 0.627575871113 0.340909090909
305197084 0.753091045335 0.318181818182 0.874484825777 0.318181818182 0.874484825777 0.340909090909 0.753091045335 0.340909090909
305197088 0.878606219558 0.318181818182 1.0 0.318181818182 1.0 0.340909090909 0.878606219558 0.340909090909
305201156 0.0 0.340909090909 0.121393780442 0.340909090909 0.121393780442 0.363636363636 0.0 0.363636363636
305201160 0.125515174223 0.340909090909 0.246908954665 0.340909090909 0.246908954665 0.363636363636 0.125515174223 0.363636363636
305201164 0.251030348445 0.340909090909 0.372424128887 0.340909090909 0.372424128887 0.363636363636 0.251030348445 0.363636363636
305201168 0.376545522668 0.340909090909 0.49793930311 0.340909090909 0.49793930311 0.363636363636 0.376545522668 0.363636363636
305201172 0.50206069689 0.340909090909 0.623454477332 0.340909090909 0.623454477332 0.363636363636 0.50206069689 0.363636363636
305201176 0.627575871113 0.340909090909 0.748969651555 0.340909090909 0.748969651555 0.363636363636 0.627575871113 0.363636363636
305201180 0.753091045335 0.340909090909 0.874484825777 0.340909090909 0.874484825777 0.363636363636 0.753091045335 0.363636363636
305201184 0.878606219558 0.340909090909 1.0 0.340909090909 1.0 0.363636363636 0.878606219558 0.363636363636
305205252 0.0 0.363636363636 0.121393780442 0.363636363636 0.121393780442 0.386363636364 0.0 0.386363636364
305205256 0.125515174223 0.363636363636 0.246908954665 0.363636363636 0.246908954665 0.386363636364 0.125515174223 0.386363636364
305205260 0.251030348445 0.363636363636 0.372424128887 0.363636363636 0.372424128887 0.386363636364 0.251030348445 0.386363636364
305205264 0.376545522668 0.363636363636 0.49793930311 0.363636363636 0.49793930311 0.386363636364 0.376545522668 0.386363636364
305205268 0.50206069689 0.363636363636 0.623454477332 0.363636363636 0.623454477332 0.386363636364 0.50206069689 0.386363636364
305205272 0.627575871113 0.363636363636 0.748969651555 0.363636363636 0.748969651555 0.386363636364 0.627575871113 0.386363636364
305205276 0.753091045335 0.363636363636 0.874484825777 0.363636363636 0.874484825777 0.386363636364 0.753091045335 0.386363636364
305205280 0.878606219558 0.363636363636 1.0 0.363636363636 1.0 0.386363636364 0.878606219558 0.386363636364
305209348 0.0 0.386363636364 0.121393780442 0.386363636364 0.121393780442 0.409090909091 0.0 0.409090909091
305209352 0.125515174223 0.386363636364 0.246908954665 0.386363636364 0.246908954665 0.409090909091 0.125515174223 0.409090909091
305209356 0.251030348445 0.386363636364 0.372424128887 0.386363636364 0.372424128887 0.409090909091 0.251030348445 0.409090909091
305209360 0.376545522668 0.386363636364 0.49793930311 0.386363636364 0.49793930311 0.409090909091 0.376545522668 0.409090909091
305209364 0.50206069689 0.386363636364 0.623454477332 0.386363636364 0.623454477332 0.409090909091 0.50206069689 0.409090909091
305209368 0.627575871113 0.386363636364 0.748969651555 0.386363636364 0.748969651555 0.409090909091 0.627575871113 0.409090909091
305209372 0.753091045335 0.386363636364 0.874484825777 0.386363636364 0.874484825777 0.409090909091 0.753091045335 0.409090909091
305209376 0.878606219558 0.386363636364 1.0 0.386363636364 1.0 0.409090909091 0.878606219558 0.409090909091
305213444 0.0 0.409090909091 0.121393780442 0.409090909091 0.121393780442 0.431818181818 0.0 0.431818181818
305213448 0.125515174223 0.409090909091 0.246908954665 0.409090909091 0.246908954665 0.431818181818 0.125515174223 0.431818181818
305213452 0.251030348445 0.409090909091 0.372424128887 0.409090909091 0.372424128887 0.431818181818 0.251030348445 0.431818181818
305213456 0.376545522668 0.409090909091 0.49793930311 0.409090909091 0.49793930311 0.431818181818 0.376545522668 0.431818181818
305213460 0.50206069689 0.409090909091 0.623454477332 0.409090909091 0.623454477332 0.431818181818 0.50206069689 0.431818181818
305213464 0.627575871113 0.409090909091 0.748969651555 0.409090909091 0.748969651555 0.431818181818 0.627575871113 0.431818181818
305213468 0.753091045335 0.409090909091 0.874484825777 0.409090909091 0.874484825777 0.431818181818 0.753091045335 0.431818181818
305213472 0.878606219558 0.409090909091 1.0 0.409090909091 1.0 0.431818181818 0.878606219558 0.431818181818
305217540 0.0 0.431818181818 0.121393780442 0.431818181818 0.121393780442 0.454545454545 0.0 0.454545454545
305217544 0.125515174223 0.431818181818 0.246908954665 0.431818181818 0.246908954665 0.454545454545 0.125515174223 0.454545454545
305217548 0.251030348445 0.431818181818 0.372424128887 0.431818181818 0.372424128887 0.454545454545 0.251030348445 0.454545454545
305217552 0.376545522668 0.431818181818 0.49793930311 0.431818181818 0.49793930311 0.454545454545 0.376545522668 0.454545454545
305217556 0.50206069689 0.431818181818 0.623454477332 0.431818181818 0.623454477332 0.454545454545 0.50206069689 0.454545454545
305217560 0.627575871113 0.431818181818 0.748969651555 0.431818181818 0.748969651555 0.454545454545 0.627575871113 0.454545454545
305217564 0.753091045335 0.431818181818 0.874484825777 0.431818181818 0.874484825777 0.454545454545 0.753091045335 0.454545454545
305217568 0.878606219558 0.431818181818 1.0 0.431818181818 1.0 0.454545454545 0.878606219558 0.454545454545
305221636 0.0 0.454545454545 0.121393780442 0.454545454545 0.121393780442 0.477272727273 0.0 0.477272727273
305221640 0.125515174223 0.454545454545 0.246908954665 0.454545454545 0.246908954665 0.477272727273 0.125515174223 0.477272727273
305221644 0.251030348445 0.454545454545 0.372424128887 0.454545454545 0.372424128887 0.477272727273 0.251030348445 0.477272727273
305221648 0.376545522668 0.454545454545 0.49793930311 0.454545454545 0.49793930311 0.477272727273 0.376545522668 0.477272727273
305221652 0.50206069689 0.454545454545 0.623454477332 0.454545454545 0.623454477332 0.477272727273 0.50206069689 0.477272727273
305221656 0.627575871113 0.454545454545 0.748969651555 0.454545454545 0.748969651555 0.477272727273 0.627575871113 0.477272727273
305221660 0.753091045335 0.454545454545 0.874484825777 0.454545454545 0.874484825777 0.477272727273 0.753091045335 0.477272727273
305221664 0.878606219558 0.454545454545 1.0 0.454545454545 1.0 0.477272727273 0.878606219558 0.477272727273
305225732 0.0 0.477272727273 0.121393780442 0.477272727273 0.121393780442 0.5 0.0 0.5
305225736 0.125515174223 0.477272727273 0.246908954665 0.477272727273 0.246908954665 0.5 0.125515174223 0.5
305225740 0.251030348445 0.477272727273 0.372424128887 0.477272727273 0.372424128887 0.5 0.251030348445 0.5
305225744 0.376545522668 0.477272727273 0.49793930311 0.477272727273 0.49793930311 0.5 0.376545522668 0.5
305225748 0.50206069689 0.477272727273 0.623454477332 0.477272727273 0.623454477332 0.5 0.50206069689 0.5
305225752 0.627575871113 0.477272727273 0.748969651555 0.477272727273 0.748969651555 0.5 0.627575871113 0.5
305225756 0.753091045335 0.477272727273 0.874484825777 0.477272727273 0.874484825777 0.5 0.753091045335 0.5
305225760 0.878606219558 0.477272727273 1.0 0.477272727273 1.0 0.5 0.878606219558 0.5
305229828 0.0 0.5 0.121393780442 0.5 0.121393780442 0.522727272727 0.0 0.522727272727
305229832 0.125515174223 0.5 0.246908954665 0.5 0.246908954665 0.522727272727 0.125515174223 0.522727272727
305229836 0.251030348445 0.5 0.372424128887 0.5 0.372424128887 0.522727272727 0.251030348445 0.522727272727
305229840 0.376545522668 0.5 0.49793930311 0.5 0.49793930311 0.522727272727 0.376545522668 0.522727272727
305229844 0.50206069689 0.5 0.623454477332 0.5 0.623454477332 0.522727272727 0.50206069689 0.522727272727
305229848 0.627575871113 0.5 0.748969651555 0.5 0.748969651555 0.522727272727 0.627575871113 0.522727272727
305229852 0.753091045335 0.5 0.874484825777 0.5 0.874484825777 0.522727272727 0.753091045335 0.522727272727
305229856 0.878606219558 0.5 1.0 0.5 1.0 0.522727272727 0.878606219558 0.522727272727
305233924 0.0 0.522727272727 0.121393780442 0.522727272727 0.121393780442 0.545454545455 0.0 0.545454545455
305233928 0.125515174223 0.522727272727 0.246908954665 0.522727272727 0.246908954665 0.545454545455 0.125515174223 0.545454545455
305233932 0.251030348445 0.522727272727 0.372424128887 0.522727272727 0.372424128887 0.545454545455 0.251030348445 0.545454545455
305233936 0.376545522668 0.522727272727 0.49793930311 0.522727272727 0.49793930311 0.545454545455 0.376545522668 0.545454545455
305233940 0.50206069689 0.522727272727 0.623454477332 0.522727272727 0.623454477332 0.545454545455 0.50206069689 0.545454545455
305233944 0.627575871113 0.522727272727 0.748969651555 0.522727272727 0.748969651555 0.545454545455 0.627575871113 0.545454545455
305233948 0.753091045335 0.522727272727 0.874484825777 0.522727272727 0.874484825777 0.545454545455 0.753091045335 0.545454545455
305233952 0.878606219558 0.522727272727 1.0 0.522727272727 1.0 0.545454545455 0.878606219558 0.545454545455
305238020 0.0 0.545454545455 0.121393780442 0.545454545455 0.121393780442 0.568181818182 0.0 0.568181818182
305238024 0.125515174223 0.545454545455 0.246908954665 0.545454545455 0.246908954665 0.568181818182 0.125515174223 0.568181818182
305238028 0.251030348445 0.545454545455 0.372424128887 0.545454545455 0.372424128887 0.568181818182 0.251030348445 0.568181818182
305238032 0.376545522668 0.545454545455 0.49793930311 0.545454545455 0.49793930311 0.568181818182 0.376545522668 0.568181818182
305238036 0.50206069689 0.545454545455 0.623454477332 0.545454545455 0.623454477332 0.568181818182 0.50206069689 0.568181818182
305238040 0.627575871113 0.545454545455 0.748969651555 0.545454545455 0.748969651555 0.568181818182 0.627575871113 0.568181818182
305238044 0.753091045335 0.545454545455 0.874484825777 0.545454545455 0.874484825777 0.568181818182 0.753091045335 0.568181818182
305238048 0.878606219558 0.545454545455 1.0 0.545454545455 1.0 0.568181818182 0.878606219558 0.568181818182
305242116 0.0 0.568181818182 0.121393780442 0.568181818182 0.121393780442 0.590909090909 0.0 0.590909090909
305242120 0.125515174223 0.568181818182 0.246908954665 0.568181818182 0.246908954665 0.590909090909 0.125515174223 0.590909090909
305242124 0.251030348445 0.568181818182 0.372424128887 0.568181818182 0.372424128887 0.590909090909 0.251030348445 0.590909090909
305242128 0.376545522668 0.568181818182 0.49793930311 0.568181818182 0.49793930311 0.590909090909 0.376545522668 0.590909090909
305242132 0.50206069689 0.568181818182 0.623454477332 0.568181818182 0.623454477332 0.590909090909 0.50206069689 0.590909090909
305242136 0.627575871113 0.568181818182 0.748969651555 0.568181818182 0.748969651555 0.590909090909 0.627575871113 0.590909090909
305242140 0.753091045335 0.568181818182 0.874484825777 0.568181818182 0.874484825777 0.590909090909 0.753091045335 0.590909090909
305242144 0.878606219558 0.568181818182 1.0 0.568181818182 1.0 0.590909090909 0.878606219558 0.590909090909
305246212 0.0 0.590909090909 0.121393780442 0.590909090909 0.121393780442 0.613636363636 0.0 0.613636363636
305246216 0.125515174223 0.590909090909 0.246908954665 0.590909090909 0.246908954665 0.613636363636 0.125515174223 0.613636363636
305246220 0.251030348445 0.590909090909 0.372424128887 0.590909090909 0.372424128887 0.613636363636 0.251030348445 0.613636363636
305246224 0.376545522668 0.590909090909 0.49793930311 0.590909090909 0.49793930311 0.613636363636 0.376545522668 0.613636363636
305246228 0.50206069689 0.590909090909 0.623454477332 0.590909090909 0.623454477332 0.613636363636 0.50206069689 0.613636363636
305246232 0.627575871113 0.590909090909 0.748969651555 0.590909090909 0.748969651555 0.613636363636 0.627575871113 0.613636363636
305246236 0.753091045335 0.590909090909 0.874484825777 0.590909090909 0.874484825777 0.613636363636 0.753091045335 0.613636363636
305246240 0.878606219558 0.590909090909 1.0 0.590909090909 1.0 0.613636363636 0.878606219558 0.613636363636
305250308 0.0 0.613636363636 0.121393780442 0.613636363636 0.121393780442 0.636363636364 0.0 0.636363636364
305250312 0.125515174223 0.613636363636 0.246908954665 0.613636363636 0.246908954665 0.636363636364 0.125515174223 0.636363636364
305250316 0.251030348445 0.613636363636 0.372424128887 0.613636363636 0.372424128887 0.636363636364 0.251030348445 0.636363636364
305250320 0.376545522668 0.613636363636 0.49793930311 0.613636363636 0.49793930311 0.636363636364 0.376545522668 0.636363636364
305250324 0.50206069689 0.613636363636 0.623454477332 0.613636363636 0.623454477332 0.636363636364 0.50206069689 0.636363636364
305250328 0.627575871113 0.613636363636 0.748969651555 0.613636363636 0.748969651555 0.636363636364 0.627575871113 0.636363636364
305250332 0.753091045335 0.613636363636 0.874484825777 0.613636363636 0.874484825777 0.636363636364 0.753091045335 0.636363636364
305250336 0.878606219558 0.613636363636 1.0 0.613636363636 1.0 0.636363636364 0.878606219558 0.636363636364
305254404 0.0 0.636363636364 0.121393780442 0.636363636364 0.121393780442 0.659090909091 0.0 0.659090909091
305254408 0.125515174223 0.636363636364 0.246908954665 0.636363636364 0.246908954665 0.659090909091 0.125515174223 0.659090909091
305254412 0.251030348445 0.636363636364 0.372424128887 0.636363636364 0.372424128887 0.659090909091 0.251030348445 0.659090909091
305254416 0.376545522668 0.636363636364 0.49793930311 0.636363636364 0.49793930311 0.659090909091 0.376545522668 0.659090909091
305254420 0.50206069689 0.636363636364 0.623454477332 0.636363636364 0.623454477332 0.659090909091 0.50206069689 0.659090909091
305254424 0.627575871113 0.636363636364 0.748969651555 0.636363636364 0.748969651555 0.659090909091 0.627575871113 0.659090909091
305254428 0.753091045335 0.636363636364 0.874484825777 0.636363636364 0.874484825777 0.659090909091 0.753091045335 0.659090909091
305254432 0.878606219558 0.636363636364 1.0 0.636363636364 1.0 0.659090909091 0.878606219558 0.659090909091
305258500 0.0 0.659090909091 0.121393780442 0.659090909091 0.121393780442 0.681818181818 0.0 0.681818181818
305258504 0.125515174223 0.659090909091 0.246908954665 0.659090909091 0.246908954665 0.681818181818 0.125515174223 0.681818181818
305258508 0.251030348445 0.659090909091 0.372424128887 0.659090909091 0.372424128887 0.681818181818 0.251030348445 0.681818181818
305258512 0.376545522668 0.659090909091 0.49793930311 0.659090909091 0.49793930311 0.681818181818 0.376545522668 0.681818181818
305258516 0.50206069689 0.659090909091 0.623454477332 0.659090909091 0.623454477332 0.681818181818 0.50206069689 0.681818181818
305258520 0.627575871113 0.659090909091 0.748969651555 0.659090909091 0.748969651555 0.681818181818 0.627575871113 0.681818181818
305258524 0.753091045335 0.659090909091 0.874484825777 0.659090909091 0.874484825777 0.681818181818 0.753091045335 0.681818181818
305258528 0.878606219558 0.659090909091 1.0 0.659090909091 1.0 0.681818181818 0.878606219558 0.681818181818
305262596 0.0 0.681818181818 0.121393780442 0.681818181818 0.121393780442 0.704545454545 0.0 0.704545454545
305262600 0.125515174223 0.681818181818 0.246908954665 0.681818181818 0.246908954665 0.704545454545 0.125515174223 0.704545454545
305262604 0.251030348445 0.681818181818 0.372424128887 0.681818181818 0.372424128887 0.704545454545 0.251030348445 0.704545454545
305262608 0.376545522668 0.681818181818 0.49793930311 0.681818181818 0.49793930311 0.704545454545 0.376545522668 0.704545454545
305262612 0.50206069689 0.681818181818 0.623454477332 0.681818181818 0.623454477332 0.704545454545 0.50206069689 0.704545454545
305262616 0.627575871113 0.681818181818 0.748969651555 0.681818181818 0.748969651555 0.704545454545 0.627575871113 0.704545454545
305262620 0.753091045335 0.681818181818 0.874484825777 0.681818181818 0.874484825777 0.704545454545 0.753091045335 0.704545454545
305262624 0.878606219558 0.681818181818 1.0 0.681818181818 1.0 0.704545454545 0.878606219558 0.704545454545
305266692 0.0 0.704545454545 0.121393780442 0.704545454545 0.121393780442 0.727272727273 0.0 0.727272727273
305266696 0.125515174223 0.704545454545 0.246908954665 0.704545454545 0.246908954665 0.727272727273 0.125515174223 0.727272727273
305266700 0.251030348445 0.704545454545 0.372424128887 0.704545454545 0.372424128887 0.727272727273 0.251030348445 0.727272727273
305266704 0.376545522668 0.704545454545 0.49793930311 0.704545454545 0.49793930311 0.727272727273 0.376545522668 0.727272727273
305266708 0.50206069689 0.704545454545 0.623454477332 0.704545454545 0.623454477332 0.727272727273 0.50206069689 0.727272727273
305266712 0.627575871113 0.704545454545 0.748969651555 0.704545454545 0.748969651555 0.727272727273 0.627575871113 0.727272727273
305266716 0.753091045335 0.704545454545 0.874484825777 0.704545454545 0.874484825777 0.727272727273 0.753091045335 0.727272727273
305266720 0.878606219558 0.704545454545 1.0 0.704545454545 1.0 0.727272727273 0.878606219558 0.727272727273
305270788 0.0 0.727272727273 0.121393780442 0.727272727273 0.121393780442 0.75 0.0 0.75
305270792 0.125515174223 0.727272727273 0.246908954665 0.727272727273 0.246908954665 0.75 0.125515174223 0.75
305270796 0.251030348445 0.727272727273 0.372424128887 0.727272727273 0.372424128887 0.75 0.251030348445 0.75
305270800 0.376545522668 0.727272727273 0.49793930311 0.727272727273 0.49793930311 0.75 0.376545522668 0.75
305270804 0.50206069689 0.727272727273 0.623454477332 0.727272727273 0.623454477332 0.75 0.50206069689 0.75
305270808 0.627575871113 0.727272727273 0.748969651555 0.727272727273 0.748969651555 0.75 0.627575871113 0.75
305270812 0.753091045335 0.727272727273 0.874484825777 0.727272727273 0.874484825777 0.75 0.753091045335 0.75
305270816 0.878606219558 0.727272727273 1.0 0.727272727273 1.0 0.75 0.878606219558 0.75
305274884 0.0 0.75 0.121393780442 0.75 0.121393780442 0.772727272727 0.0 0.772727272727
305274888 0.125515174223 0.75 0.246908954665 0.75 0.246908954665 0.772727272727 0.125515174223 0.772727272727
305274892 0.251030348445 0.75 0.372424128887 0.75 0.372424128887 0.772727272727 0.251030348445 0.772727272727
305274896 0.376545522668 0.75 0.49793930311 0.75 0.49793930311 0.772727272727 0.376545522668 0.772727272727
305274900 0.50206069689 0.75 0.623454477332 0.75 0.623454477332 0.772727272727 0.50206069689 0.772727272727
305274904 0.627575871113 0.75 0.748969651555 0.75 0.748969651555 0.772727272727 0.627575871113 0.772727272727
305274908 0.753091045335 0.75 0.874484825777 0.75 0.874484825777 0.772727272727 0.753091045335 0.772727272727
305274912 0.878606219558 0.75 1.0 0.75 1.0 0.772727272727 0.878606219558 0.772727272727
305278980 0.0 0.772727272727 0.121393780442 0.772727272727 0.121393780442 0.795454545455 0.0 0.795454545455
305278984 0.125515174223 0.772727272727 0.246908954665 0.772727272727 0.246908954665 0.795454545455 0.125515174223 0.795454545455
305278988 0.251030348445 0.772727272727 0.372424128887 0.772727272727 0.372424128887 0.795454545455 0.251030348445 0.795454545455
305278992 0.376545522668 0.772727272727 0.49793930311 0.772727272727 0.49793930311 0.795454545455 0.376545522668 0.795454545455
305278996 0.50206069689 0.772727272727 0.623454477332 0.772727272727 0.623454477332 0.795454545455 0.50206069689 0.795454545455
305279000 0.627575871113 0.772727272727 0.748969651555 0.772727272727 0.748969651555 0.795454545455 0.627575871113 0.795454545455
305279004 0.753091045335 0.772727272727 0.874484825777 0.772727272727 0.874484825777 0.795454545455 0.753091045335 0.795454545455
305279008 0.878606219558 0.772727272727 1.0 0.772727272727 1.0 0.795454545455 0.878606219558 0.795454545455
305283076 0.0 0.795454545455 0.121393780442 0.795454545455 0.121393780442 0.818181818182 0.0 0.818181818182
305283080 0.125515174223 0.795454545455 0.246908954665 0.795454545455 0.246908954665 0.818181818182 0.125515174223 0.818181818182
305283084 0.251030348445 0.795454545455 0.372424128887 0.795454545455 0.372424128887 0.818181818182 0.251030348445 0.818181818182
305283088 0.376545522668 0.795454545455 0.49793930311 0.795454545455 0.49793930311 0.818181818182 0.376545522668 0.818181818182
305283092 0.50206069689 0.795454545455 0.623454477332 0.795454545455 0.623454477332 0.818181818182 0.50206069689 0.818181818182
305283096 0.627575871113 0.795454545455 0.748969651555 0.795454545455 0.748969651555 0.818181818182 0.627575871113 0.818181818182
305283100 0.753091045335 0.795454545455 0.874484825777 0.795454545455 0.874484825777 0.818181818182 0.753091045335 0.818181818182
305283104 0.878606219558 0.795454545455 1.0 0.795454545455 1.0 0.818181818182 0.878606219558 0.818181818182
305287172 0.0 0.818181818182 0.121393780442 0.818181818182 0.121393780442 0.840909090909 0.0 0.840909090909
305287176 0.125515174223 0.818181818182 0.246908954665 0.818181818182 0.246908954665 0.840909090909 0.125515174223 0.840909090909
305287180 0.251030348445 0.818181818182 0.372424128887 0.818181818182 0.372424128887 0.840909090909 0.251030348445 0.840909090909
305287184 0.376545522668 0.818181818182 0.49793930311 0.818181818182 0.49793930311 0.840909090909 0.376545522668 0.840909090909
305287188 0.50206069689 0.818181818182 0.623454477332 0.818181818182 0.623454477332 0.840909090909 0.50206069689 0.840909090909
305287192 0.627575871113 0.818181818182 0.748969651555 0.818181818182 0.748969651555 0.840909090909 0.627575871113 0.840909090909
305287196 0.753091045335 0.818181818182 0.874484825777 0.818181818182 0.874484825777 0.840909090909 0.753091045335 0.840909090909
305287200 0.878606219558 0.818181818182 1.0 0.818181818182 1.0 0.840909090909 0.878606219558 0.840909090909
305291268 0.0 0.840909090909 0.121393780442 0.840909090909 0.121393780442 0.863636363636 0.0 0.863636363636
305291272 0.125515174223 0.840909090909 0.246908954665 0.840909090909 0.246908954665 0.863636363636 0.125515174223 0.863636363636
305291276 0.251030348445 0.840909090909 0.372424128887 0.840909090909 0.372424128887 0.863636363636 0.251030348445 0.863636363636
305291280 0.376545522668 0.840909090909 0.49793930311 0.840909090909 0.49793930311 0.863636363636 0.376545522668 0.863636363636
305291284 0.50206069689 0.840909090909 0.623454477332 0.840909090909 0.623454477332 0.863636363636 0.50206069689 0.863636363636
305291288 0.627575871113 0.840909090909 0.748969651555 0.840909090909 0.748969651555 0.863636363636 0.627575871113 0.863636363636
305291292 0.753091045335 0.840909090909 0.874484825777 0.840909090909 0.874484825777 0.863636363636 0.753091045335 0.863636363636
305291296 0.878606219558 0.840909090909 1.0 0.840909090909 1.0 0.863636363636 0.878606219558 0.863636363636
305295364 0.0 0.863636363636 0.121393780442 0.863636363636 0.121393780442 0.886363636364 0.0 0.886363636364
305295368 0.125515174223 0.863636363636 0.246908954665 0.863636363636 0.246908954665 0.886363636364 0.125515174223 0.886363636364
305295372 0.251030348445 0.863636363636 0.372424128887 0.863636363636 0.372424128887 0.886363636364 0.251030348445 0.886363636364
305295376 0.376545522668 0.863636363636 0.49793930311 0.863636363636 0.49793930311 0.886363636364 0.376545522668 0.886363636364
305295380 0.50206069689 0.863636363636 0.623454477332 0.863636363636 0.623454477332 0.886363636364 0.50206069689 0.886363636364
305295384 0.627575871113 0.863636363636 0.748969651555 0.863636363636 0.748969651555 0.886363636364 0.627575871113 0.886363636364
305295388 0.753091045335 0.863636363636 0.874484825777 0.863636363636 0.874484825777 0.886363636364 0.753091045335 0.886363636364
305295392 0.878606219558 0.863636363636 1.0 0.863636363636 1.0 0.886363636364 0.878606219558 0.886363636364
305299460 0.0 0.886363636364 0.121393780442 0.886363636364 0.121393780442 0.909090909091 0.0 0.909090909091
305299464 0.125515174223 0.886363636364 0.246908954665 0.886363636364 0.246908954665 0.909090909091 0.125515174223 0.909090909091
305299468 0.251030348445 0.886363636364 0.372424128887 0.886363636364 0.372424128887 0.909090909091 0.251030348445 0.909090909091
305299472 0.376545522668 0.886363636364 0.49793930311 0.886363636364 0.49793930311 0.909090909091 0.376545522668 0.909090909091
305299476 0.50206069689 0.886363636364 0.623454477332 0.886363636364 0.623454477332 0.909090909091 0.50206069689 0.909090909091
305299480 0.627575871113 0.886363636364 0.748969651555 0.886363636364 0.748969651555 0.909090909091 0.627575871113 0.909090909091
305299484 0.753091045335 0.886363636364 0.874484825777 0.886363636364 0.874484825777 0.909090909091 0.753091045335 0.909090909091
305299488 0.878606219558 0.886363636364 1.0 0.886363636364 1.0 0.909090909091 0.878606219558 0.909090909091
305303556 0.0 0.909090909091 0.121393780442 0.909090909091 0.121393780442 0.931818181818 0.0 0.931818181818
305303560 0.125515174223 0.909090909091 0.246908954665 0.909090909091 0.246908954665 0.931818181818 0.125515174223 0.931818181818
305303564 0.251030348445 0.909090909091 0.372424128887 0.909090909091 0.372424128887 0.931818181818 0.251030348445 0.931818181818
305303568 0.376545522668 0.909090909091 0.49793930311 0.909090909091 0.49793930311 0.931818181818 0.376545522668 0.931818181818
305303572 0.50206069689 0.909090909091 0.623454477332 0.909090909091 0.623454477332 0.931818181818 0.50206069689 0.931818181818
305303576 0.627575871113 0.909090909091 0.748969651555 0.909090909091 0.748969651555 0.931818181818 0.627575871113 0.931818181818
305303580 0.753091045335 0.909090909091 0.874484825777 0.909090909091 0.874484825777 0.931818181818 0.753091045335 0.931818181818
305303584 0.878606219558 0.909090909091 1.0 0.909090909091 1.0 0.931818181818 0.878606219558 0.931818181818
305307652 0.0 0.931818181818 0.121393780442 0.931818181818 0.121393780442 0.954545454545 0.0 0.954545454545
305307656 0.125515174223 0.931818181818 0.246908954665 0.931818181818 0.246908954665 0.954545454545 0.125515174223 0.954545454545
305307660 0.251030348445 0.931818181818 0.372424128887 0.931818181818 0.372424128887 0.954545454545 0.251030348445 0.954545454545
305307664 0.376545522668 0.931818181818 0.49793930311 0.931818181818 0.49793930311 0.954545454545 0.376545522668 0.954545454545
305307668 0.50206069689 0.931818181818 0.623454477332 0.931818181818 0.623454477332 0.954545454545 0.50206069689 0.954545454545
305307672 0.627575871113 0.931818181818 0.748969651555 0.931818181818 0.748969651555 0.954545454545 0.627575871113 0.954545454545
305307676 0.753091045335 0.931818181818 0.874484825777 0.931818181818 0.874484825777 0.954545454545 0.753091045335 0.954545454545
305307680 0.878606219558 0.931818181818 1.0 0.931818181818 1.0 0.954545454545 0.878606219558 0.954545454545
305311748 0.0 0.954545454545 0.121393780442 0.954545454545 0.121393780442 0.977272727273 0.0 0.977272727273
305311752 0.125515174223 0.954545454545 0.246908954665 0.954545454545 0.246908954665 0.977272727273 0.125515174223 0.977272727273
305311756 0.251030348445 0.954545454545 0.372424128887 0.954545454545 0.372424128887 0.977272727273 0.251030348445 0.977272727273
305311760 0.376545522668 0.954545454545 0.49793930311 0.954545454545 0.49793930311 0.977272727273 0.376545522668 0.977272727273
305311764 0.50206069689 0.954545454545 0.623454477332 0.954545454545 0.623454477332 0.977272727273 0.50206069689 0.977272727273
305311768 0.627575871113 0.954545454545 0.748969651555 0.954545454545 0.748969651555 0.977272727273 0.627575871113 0.977272727273
305311772 0.753091045335 0.954545454545 0.874484825777 0.954545454545 0.874484825777 0.977272727273 0.753091045335 0.977272727273
305311776 0.878606219558 0.954545454545 1.0 0.954545454545 1.0 0.977272727273 0.878606219558 0.977272727273
305315844 0.0 0.977272727273 0.121393780442 0.977272727273 0.121393780442 1.0 0.0 1.0
305315848 0.125515174223 0.977272727273 0.246908954665 0.977272727273 0.246908954665 1.0 0.125515174223 1.0
305315852 0.251030348445 0.977272727273 0.372424128887 0.977272727273 0.372424128887 1.0 0.251030348445 1.0
305315856 0.376545522668 0.977272727273 0.49793930311 0.977272727273 0.49793930311 1.0 0.376545522668 1.0
305315860 0.50206069689 0.977272727273 0.623454477332 0.977272727273 0.623454477332 1.0 0.50206069689 1.0
305315864 0.627575871113 0.977272727273 0.748969651555 0.977272727273 0.748969651555 1.0 0.627575871113 1.0
305315868 0.753091045335 0.977272727273 0.874484825777 0.977272727273 0.874484825777 1.0 0.753091045335 1.0
305315872 0.878606219558 0.977272727273 1.0 0.977272727273 1.0 1.0 0.878606219558 1.0
