# Xscale/Yscale
# 242.6/142.706
352453892 0.711500412201 0.490897369417 0.725597691674 0.489341723544 0.722464962902 0.461129875408 0.70836768343 0.462692528695
352453896 0.791261335532 0.487491766289 0.819455894477 0.484205289196 0.814509480627 0.441922554062 0.786356141797 0.445209031155
352453900 0.892003297609 0.481437360728 0.920197856554 0.478045772427 0.91339653751 0.421692150295 0.885243198681 0.425083738595
352453904 0.985902720528 0.476321948622 1.0 0.47460513223 0.991384995878 0.404173615685 0.977287716406 0.405897439491
352454148 0.745919208574 0.48475887489 0.773990107172 0.480561433997 0.767683429514 0.438460891623 0.739612530915 0.442651325102
352454152 0.848639736191 0.478319061567 0.87671063479 0.474261768952 0.868590272053 0.418083332165 0.840519373454 0.422140624781
352454156 0.951360263809 0.471914285314 0.979472382523 0.467934074251 0.969538334707 0.397684750466 0.941426215993 0.401664961529
352454916 0.701937345425 0.436470786092 0.715169002473 0.431313329503 0.704822753504 0.40487435707 0.69163231657 0.410031813659
352454920 0.778112118714 0.412533460401 0.80449299258 0.402064384118 0.788788128607 0.362493518142 0.76240725474 0.372962594425
352454924 0.873866446826 0.380607682929 0.900206100577 0.370047510266 0.879060181369 0.317365772988 0.852720527617 0.327932953064
352454928 0.963231657049 0.351365744958 0.976380873866 0.346061132678 0.949835119538 0.280261516685 0.936685902721 0.285573136378
352455172 0.733594394064 0.42162908357 0.759604286892 0.410305102799 0.742662819456 0.371266800275 0.716611706513 0.382583773633
352455176 0.831121187139 0.388827379367 0.857213520198 0.377636539459 0.834830997527 0.325473350805 0.808779884584 0.336664190714
352455180 0.928730420445 0.356046697406 0.954822753504 0.344925931636 0.927040395713 0.279644864266 0.900948062655 0.290765630037
352455940 0.678606760099 0.386367777108 0.690065952185 0.377965887909 0.673248145095 0.355100696537 0.661788953009 0.363502585736
352455944 0.746001648805 0.343538463695 0.768755152514 0.32659453702 0.743363561418 0.292440401945 0.720568837593 0.309377321206
352455948 0.8302143446 0.287920620016 0.852926628195 0.270892604375 0.818878812861 0.225477555253 0.796166529266 0.242505570894
352455952 0.908985985161 0.236542261713 0.9203215169 0.228007231651 0.877658697444 0.171317253654 0.866323165705 0.179852283716
352456196 0.705358615004 0.3638389416 0.727576257214 0.346166243886 0.701071723001 0.312852998472 0.678854080791 0.330518688773
352456200 0.79109645507 0.306910711533 0.81339653751 0.28935013244 0.778276999176 0.244754950738 0.755976916735 0.262315529831
352456204 0.876875515251 0.249989488879 0.899216817807 0.232491976511 0.855441055235 0.176628873348 0.833099752679 0.194126385716
352456964 0.643116240725 0.344014967836 0.65197856554 0.332936246549 0.629843363561 0.31520048211 0.620981038747 0.326272195983
352456968 0.697114591921 0.285201743445 0.714715581204 0.262946197077 0.681327287716 0.236528246885 0.663726298434 0.258783793253
352456972 0.764056059357 0.209682844449 0.781574608409 0.187364231357 0.736933223413 0.152306139896 0.719414674361 0.174624752989
352456976 0.826834295136 0.139664765322 0.83561417972 0.128487940241 0.779719703215 0.0847756926829 0.770981038747 0.0959525177638
352457220 0.663107996702 0.315326615559 0.680008244023 0.292510476084 0.645754328112 0.267192689866 0.628895300907 0.290008829341
352457224 0.73120362737 0.238153966897 0.748186314922 0.215421916388 0.702720527617 0.181435959245 0.685737840066 0.204168009754
352457228 0.799299258038 0.160967303407 0.81636438582 0.138284304794 0.759645507007 0.0956511989685 0.742580379225 0.118334197581
352457988 0.597856553998 0.312285397951 0.603586150041 0.299293652685 0.577576257214 0.287892590361 0.571887881286 0.300884335627
352457992 0.634789777411 0.241503510714 0.64604286892 0.215449946043 0.606966199505 0.198576093507 0.595713107997 0.224629658178
352457996 0.679925803792 0.151226998164 0.69109645507 0.12513138901 0.638870568838 0.102826790745 0.627741137675 0.128922399899
352458000 0.722464962902 0.0673482544532 0.727988458368 0.0542864350483 0.662695795548 0.0265300688128 0.657172300082 0.0395918882177
352458244 0.609769167354 0.279399604782 0.620156636439 0.252995669418 0.580544105523 0.237397166202 0.570156636439 0.263801101565
352458248 0.655523495466 0.187238097908 0.666075845012 0.160883214441 0.613355317395 0.139818928426 0.602844187964 0.166173811893
352458252 0.701360263809 0.0950555687918 0.711953833471 0.0687357223943 0.646166529266 0.042226675823 0.635531739489 0.0685465222205
352459012 0.545960428689 0.293358373159 0.548103874691 0.279329530643 0.520032976092 0.275040993371 0.517889530091 0.289062828473
352459016 0.563314097279 0.215421916388 0.567436108821 0.187343209115 0.525309150866 0.181162670105 0.521187139324 0.209241377377
352459020 0.583511953833 0.116547307051 0.587551525144 0.088447577537 0.531368507832 0.0804100738581 0.527328936521 0.108509803372
352459024 0.602885408079 0.0245119336258 0.604863973619 0.0104620688689 0.53462489695 0.000553585693664 0.53264633141 0.0146034504506
352459268 0.548928276999 0.258510504113 0.552143446002 0.230312670806 0.509851607585 0.225498577495 0.506636438582 0.253696410803
352459272 0.569291014015 0.157638781831 0.572629843364 0.129454963351 0.516281945589 0.122748868303 0.512943116241 0.150932686783
352459276 0.589694971146 0.0567390298936 0.593116240725 0.0285692262414 0.522671063479 0.0199921516965 0.519249793899 0.0481619553488
352460036 0.490890354493 0.288502235365 0.489323990107 0.274403318711 0.461129431162 0.277514610458 0.462695795548 0.291620534526
352460040 0.487510305029 0.208736843581 0.484212695796 0.180546017687 0.441920857378 0.185472229619 0.445218466612 0.213663055513
352460044 0.481450948063 0.107991254748 0.478029678483 0.0798144436814 0.421681780709 0.0865906128684 0.425103050289 0.114767423935
352460048 0.476339653751 0.0140849018261 0.474608408904 0.0 0.404163231657 0.00861211161409 0.405894476505 0.0226970134402
352460292 0.484748557296 0.25407481115 0.480544105523 0.226010118706 0.438458367683 0.232302776337 0.442662819456 0.260367468782
352460296 0.478318219291 0.151367146441 0.47427864798 0.123281431755 0.418095630668 0.131396016986 0.422135201979 0.159481731672
352460300 0.471929101401 0.0486314520763 0.467930750206 0.0205317225625 0.397691673537 0.0304752428069 0.401648804617 0.0585749723207
352461060 0.436479802143 0.298067355262 0.431327287716 0.284844365339 0.404863973619 0.295159278517 0.410016488046 0.308375261026
352461064 0.412530915087 0.221896766779 0.402061005771 0.195520861071 0.362489694971 0.211224475495 0.372959604287 0.237600381203
352461068 0.380626545754 0.126154471431 0.370032976092 0.0998136027918 0.31735366859 0.120940955531 0.327947238252 0.14728182417
352461072 0.351360263809 0.0367679004387 0.34604286892 0.0236079772399 0.280255564716 0.0501590682943 0.285572959604 0.063318991493
352461316 0.421640560594 0.266400852102 0.410305028854 0.240375317085 0.371269579555 0.257354280829 0.382605111294 0.283379815845
352461320 0.388829348722 0.168857651395 0.377658697444 0.142776057068 0.325474031327 0.165157736886 0.336644682605 0.191239331212
352461324 0.356059356966 0.0712794136196 0.344929925804 0.0451627822236 0.279637262984 0.0729541855283 0.290766694147 0.0990708169243
352462084 0.386356141797 0.321388028534 0.377988458368 0.309951929141 0.355111294312 0.326755707539 0.363520197857 0.338191806932
352462088 0.34352844188 0.254011744426 0.326586974444 0.231244656847 0.292456718879 0.256653539445 0.309398186315 0.279420627023
352462092 0.287922506183 0.169789637436 0.270898598516 0.147085616582 0.225474031327 0.181127633036 0.242497938994 0.203838661304
352462096 0.236521022259 0.0910192984177 0.227988458368 0.0796813028184 0.17131079967 0.122356453127 0.179843363561 0.133694448727
352462340 0.36384995878 0.294647737306 0.346166529266 0.272434235421 0.31286067601 0.298936274579 0.330502885408 0.321149776463
352462344 0.30692497939 0.20891903634 0.289365210223 0.186621445489 0.244765045342 0.221735596261 0.262324814509 0.244033187112
352462348 0.25 0.123141283478 0.232481450948 0.100801648144 0.176628194559 0.144541925357 0.194105523495 0.166881560691
352463108 0.344023083265 0.356887587067 0.332934872218 0.348016201141 0.315210222589 0.370166636301 0.32625721352 0.379038022228
352463112 0.285201978566 0.302888455986 0.262943116241 0.285278824997 0.236521022259 0.318662144549 0.258779884584 0.336271775539
352463116 0.209686727123 0.235932616708 0.187345424567 0.218407074685 0.152308326463 0.26304430087 0.174608408904 0.280576850308
352463120 0.139653751031 0.173146188668 0.128483099753 0.164407943604 0.0847897774114 0.220292069009 0.0959604286892 0.229037321486
352463364 0.315333882935 0.336881420543 0.292497938994 0.320007568007 0.267188788129 0.354224769806 0.290024732069 0.371105629756
352463368 0.238169826876 0.268811402464 0.215416323166 0.251818423892 0.181450948063 0.297275517498 0.204163231657 0.314268496069
352463372 0.160964550701 0.200692332488 0.138293487222 0.183636287192 0.0956306677659 0.24034728743 0.11834295136 0.257403332726
352464132 0.312283594394 0.402134458257 0.299299258038 0.396430423388 0.287881286068 0.422420921335 0.300865622424 0.42811794879
352464136 0.241508656224 0.365198379886 0.215457543281 0.353951480667 0.19855729596 0.393031827674 0.224608408904 0.404285734307
352464140 0.151236603462 0.320070634732 0.125144270404 0.308914831892 0.102844187964 0.361113057615 0.128936521022 0.372261853041
352464144 0.0673536685903 0.277542640113 0.0542868920033 0.271992768349 0.0265457543281 0.337287850546 0.0395713107997 0.342844729724
352464388 0.279389942292 0.390242876964 0.253009068425 0.379836867406 0.237386644683 0.419449777865 0.263808738664 0.429848780009
352464392 0.187221764221 0.344456434908 0.16088211047 0.333931299315 0.139818631492 0.386634058834 0.166158285243 0.397166201842
352464396 0.09505358615 0.298641963197 0.068713932399 0.288032738637 0.0422093981863 0.353846369459 0.0685490519373 0.364448586605
352465156 0.293363561418 0.454052387426 0.279307502061 0.45190811879 0.275020610058 0.479958796407 0.289076669415 0.482103065043
352465160 0.215416323166 0.436695023335 0.187345424567 0.432574663995 0.181162407255 0.47469622861 0.209233305853 0.47881658795
352465164 0.116529266282 0.416471626981 0.0884583676834 0.412449371435 0.0804204451772 0.468641823049 0.108491343776 0.472657071181
352465168 0.0245259686727 0.397103135117 0.0104699093157 0.395120036999 0.000535861500412 0.465376368198 0.0145919208574 0.467359466315
352465412 0.258491343776 0.451074236542 0.230296784831 0.447864841002 0.225515251443 0.490161590963 0.253709810387 0.493370986504
352465416 0.157625721352 0.430710691912 0.129472382523 0.427354140681 0.12275350371 0.483721777641 0.150948062655 0.487071321458
352465420 0.0567188788129 0.410305102799 0.0285655399835 0.406878477429 0.0199917559769 0.477309993974 0.0481450948063 0.480736619343
352466180 0.288499587799 0.509102630583 0.274402308326 0.510658276456 0.277535037098 0.538870124592 0.29163231657 0.537307471305
352466184 0.208738664468 0.512508233711 0.180544105523 0.515794710804 0.185490519373 0.558077445938 0.213643858203 0.554790968845
352466188 0.107996702391 0.518562639272 0.079802143446 0.521954227573 0.0866034624897 0.578307849705 0.114756801319 0.574916261405
352466192 0.0140972794724 0.523678051378 0.0 0.52539486777 0.00861500412201 0.595826384315 0.0227122835944 0.594102560509
352466436 0.254080791426 0.51524112511 0.226009892828 0.519438566003 0.232316570486 0.561539108377 0.260387469085 0.557348674898
352466440 0.151360263809 0.521680938433 0.12328936521 0.525738231048 0.131409727947 0.581916667835 0.159480626546 0.577859375219
352466444 0.0486397361913 0.528085714686 0.0205276174773 0.532065925749 0.0304616652927 0.602315249534 0.0585737840066 0.598335038471
352467204 0.298062654575 0.563529213908 0.284830997527 0.568686670497 0.295177246496 0.59512564293 0.30836768343 0.589968186341
352467208 0.221887881286 0.587466539599 0.19550700742 0.597935615882 0.211211871393 0.637506481858 0.23759274526 0.627037405575
352467212 0.126133553174 0.619392317071 0.0997938994229 0.629952489734 0.120939818631 0.682634227012 0.147279472383 0.672067046936
352467216 0.0367683429514 0.648634255042 0.0236191261336 0.653938867322 0.0501648804617 0.719738483315 0.0633140972795 0.714426863622
352467460 0.266405605936 0.57837091643 0.240395713108 0.589694897201 0.257337180544 0.628733199725 0.283388293487 0.617416226367
352467464 0.168878812861 0.611172620633 0.142786479802 0.622363460541 0.165169002473 0.674526649195 0.191220115416 0.663335809286
352467468 0.0712695795548 0.643953302594 0.0451772464963 0.655074068364 0.0729596042869 0.720355135734 0.0990519373454 0.709234369963
352468228 0.321393239901 0.613632222892 0.309934047815 0.622034112091 0.326751854905 0.644899303463 0.338211046991 0.636497414264
352468232 0.253998351195 0.656461536305 0.231244847486 0.67340546298 0.256636438582 0.707559598055 0.279431162407 0.690622678794
352468236 0.1697856554 0.712079379984 0.147073371805 0.729107395625 0.181121187139 0.774522444747 0.203833470734 0.757494429106
352468240 0.0910140148392 0.763457738287 0.0796784830998 0.771992768349 0.122341302556 0.828682746346 0.133676834295 0.820147716284
352468484 0.294641384996 0.6361610584 0.272423742786 0.653833756114 0.298928276999 0.687147001528 0.321145919209 0.669481311227
352468488 0.20890354493 0.693089288467 0.18660346249 0.71064986756 0.221723000824 0.755245049262 0.244023083265 0.737684470169
352468492 0.123124484749 0.750010511121 0.100783182193 0.767508023489 0.144558944765 0.823371126652 0.166900247321 0.805873614284
352469252 0.356883759275 0.655985032164 0.34802143446 0.667063753451 0.370156636439 0.68479951789 0.379018961253 0.673727804017
352469256 0.302885408079 0.714798256555 0.285284418796 0.737053802923 0.318672712284 0.763471753115 0.336273701566 0.741216206747
352469260 0.235943940643 0.790317155551 0.218425391591 0.812635768643 0.263066776587 0.847693860104 0.280585325639 0.825375247011
352469264 0.173165704864 0.860335234678 0.16438582028 0.871512059759 0.220280296785 0.915224307317 0.229018961253 0.904047482236
352469508 0.336892003298 0.684673384441 0.319991755977 0.707489523916 0.354245671888 0.732807310134 0.371104699093 0.709991170659
352469512 0.26879637263 0.761846033103 0.251813685078 0.784578083612 0.297279472383 0.818564040755 0.314262159934 0.795831990246
352469516 0.200700741962 0.839032696593 0.18363561418 0.861715695206 0.240354492993 0.904348801031 0.257419620775 0.881665802419
352470276 0.402143446002 0.687714602049 0.396413849959 0.700706347315 0.422423742786 0.712107409639 0.428112118714 0.699115664373
352470280 0.365210222589 0.758496489286 0.35395713108 0.784550053957 0.393033800495 0.801423906493 0.404286892003 0.775370341822
352470284 0.320074196208 0.848773001836 0.30890354493 0.87486861099 0.361129431162 0.897173209255 0.372258862325 0.871077600101
352470288 0.277535037098 0.932651745547 0.272011541632 0.945713564952 0.337304204452 0.973469931187 0.342827699918 0.960408111782
352470532 0.390230832646 0.720600395218 0.379843363561 0.747004330582 0.419455894477 0.762602833798 0.429843363561 0.736198898435
352470536 0.344476504534 0.812761902092 0.333924154988 0.839116785559 0.386644682605 0.860181071574 0.397155812036 0.833826188107
352470540 0.298639736191 0.904944431208 0.288046166529 0.931264277606 0.353833470734 0.957773324177 0.364468260511 0.931453477779
352471300 0.454039571311 0.706641626841 0.451896125309 0.720670469357 0.479967023908 0.724959006629 0.482110469909 0.710937171527
352471304 0.436685902721 0.784578083612 0.432563891179 0.812656790885 0.474690849134 0.818837329895 0.478812860676 0.790758622623
352471308 0.416488046167 0.883452692949 0.412448474856 0.911552422463 0.468631492168 0.919589926142 0.472671063479 0.891490196628
352471312 0.397114591921 0.975488066374 0.395136026381 0.989537931131 0.46537510305 0.999446414306 0.46735366859 0.985396549549
352471556 0.451071723001 0.741489495887 0.447856553998 0.769687329194 0.490148392415 0.774501422505 0.493363561418 0.746303589197
352471560 0.430708985985 0.842361218169 0.427370156636 0.870545036649 0.483718054411 0.877251131697 0.487056883759 0.849067313217
352471564 0.410305028854 0.943260970106 0.406883759275 0.971430773759 0.477328936521 0.980007848304 0.480750206101 0.951838044651
352472324 0.509109645507 0.711497764635 0.510676009893 0.725596681289 0.538870568838 0.722485389542 0.537304204452 0.708379465474
352472328 0.512489694971 0.791263156419 0.515787304204 0.819453982313 0.558079142622 0.814527770381 0.554781533388 0.786336944487
352472332 0.518549051937 0.892008745252 0.521970321517 0.920185556319 0.578318219291 0.913409387132 0.574896949711 0.885232576065
352472336 0.523660346249 0.985915098174 0.525391591096 1.0 0.595836768343 0.991387888386 0.594105523495 0.97730298656
352472580 0.515251442704 0.74592518885 0.519455894477 0.773989881294 0.561541632317 0.767697223663 0.557337180544 0.739632531218
352472584 0.521681780709 0.848632853559 0.52572135202 0.876718568245 0.581904369332 0.868603983014 0.577864798021 0.840518268328
352472588 0.528070898599 0.951368547924 0.532069249794 0.979468277438 0.602308326463 0.969524757193 0.598351195383 0.941425027679
352473348 0.563520197857 0.701932644738 0.568672712284 0.715155634661 0.595136026381 0.704840721483 0.589983511954 0.691624738974
352473352 0.587469084913 0.778103233221 0.597938994229 0.804479138929 0.637510305029 0.788775524505 0.627040395713 0.762399618797
352473356 0.619373454246 0.873845528569 0.629967023908 0.900186397208 0.68264633141 0.879059044469 0.672052761748 0.85271817583
352473360 0.648639736191 0.963232099561 0.65395713108 0.97639202276 0.719744435284 0.949840931706 0.714427040396 0.936681008507
352473604 0.578359439406 0.733599147898 0.589694971146 0.759624682915 0.628730420445 0.742645719171 0.617394888706 0.716620184155
352473608 0.611170651278 0.831142348605 0.622341302556 0.857223942932 0.674525968673 0.834842263114 0.663355317395 0.808760668788
352473612 0.643940643034 0.92872058638 0.655070074196 0.954837217776 0.720362737016 0.927045814472 0.709233305853 0.900929183076
352474372 0.613643858203 0.678611971466 0.622011541632 0.690048070859 0.644888705688 0.673244292461 0.636479802143 0.661808193068
352474376 0.65647155812 0.745988255574 0.673413025556 0.768755343153 0.707543281121 0.743346460555 0.690601813685 0.720579372977
352474380 0.712077493817 0.830210362564 0.729101401484 0.852914383418 0.774525968673 0.818872366964 0.757502061006 0.796161338696
352474384 0.763478977741 0.908980701582 0.772011541632 0.920318697182 0.82868920033 0.877643546873 0.820156636439 0.866305551273
352474628 0.63615004122 0.705352262694 0.653833470734 0.727565764579 0.68713932399 0.701063725421 0.669497114592 0.678850223537
352474632 0.69307502061 0.79108096366 0.710634789777 0.813378554511 0.755234954658 0.778264403739 0.737675185491 0.755966812888
352474636 0.75 0.876858716522 0.767518549052 0.899198351856 0.823371805441 0.855458074643 0.805894476505 0.833118439309
352475396 0.655976916735 0.643112412933 0.667065127782 0.651983798859 0.684789777411 0.629833363699 0.67374278648 0.620961977772
352475400 0.714798021434 0.697111544014 0.737056883759 0.714721175003 0.763478977741 0.681337855451 0.741220115416 0.663728224461
352475404 0.790313272877 0.764067383292 0.812654575433 0.781592925315 0.847691673537 0.73695569913 0.825391591096 0.719423149692
352475408 0.860346248969 0.826853811332 0.871516900247 0.835592056396 0.915210222589 0.779707930991 0.904039571311 0.770962678514
352475652 0.684666117065 0.663118579457 0.707502061006 0.679992431993 0.732811211871 0.645775230194 0.709975267931 0.628894370244
352475656 0.761830173124 0.731188597536 0.784583676834 0.748181576108 0.818549051937 0.702724482502 0.795836768343 0.685731503931
352475660 0.839035449299 0.799307667512 0.861706512778 0.816363712808 0.904369332234 0.75965271257 0.88165704864 0.742596667274
352476420 0.687716405606 0.597865541743 0.700700741962 0.603569576612 0.712118713932 0.577579078665 0.699134377576 0.57188205121
352476424 0.758491343776 0.634801620114 0.784542456719 0.646048519333 0.80144270404 0.606968172326 0.775391591096 0.595714265693
352476428 0.848763396538 0.679929365268 0.874855729596 0.691085168108 0.897155812036 0.638886942385 0.871063478978 0.627738146959
352476432 0.93264633141 0.722457359887 0.945713107997 0.728007231651 0.973454245672 0.662712149454 0.9604286892 0.657155270276
352476676 0.720610057708 0.609757123036 0.746990931575 0.620163132594 0.762613355317 0.580550222135 0.736191261336 0.570151219991
352476680 0.812778235779 0.655543565092 0.83911788953 0.666068700685 0.860181368508 0.613365941166 0.833841714757 0.602833798158
352476684 0.90494641385 0.701358036803 0.931286067601 0.711967261363 0.957790601814 0.646153630541 0.931450948063 0.635551413395
352477444 0.706636438582 0.545947612574 0.720692497939 0.54809188121 0.724979389942 0.520041203593 0.710923330585 0.517896934957
352477448 0.784583676834 0.563304976665 0.812654575433 0.567425336005 0.818837592745 0.52530377139 0.790766694147 0.52118341205
352477452 0.883470733718 0.583528373019 0.911541632317 0.587550628565 0.919579554823 0.531358176951 0.891508656224 0.527342928819
352477456 0.975474031327 0.602896864883 0.989530090684 0.604879963001 0.9994641385 0.534623631802 0.985408079143 0.532640533685
352477700 0.741508656224 0.548925763458 0.769703215169 0.552135158998 0.774484748557 0.509838409037 0.746290189613 0.506629013496
352477704 0.842374278648 0.569289308088 0.870527617477 0.572645859319 0.87724649629 0.516278222359 0.849051937345 0.512928678542
352477708 0.943281121187 0.589694897201 0.971434460016 0.593121522571 0.980008244023 0.522690006026 0.951854905194 0.519263380657
