# Xscale/Yscale
# 53.38/28.0
304091140 0.0 0.0 0.121393780442 0.0 0.121393780442 0.0357142857143 0.0 0.0357142857143
304091144 0.125515174223 0.0 0.246908954665 0.0 0.246908954665 0.0357142857143 0.125515174223 0.0357142857143
304091148 0.251030348445 0.0 0.372424128887 0.0 0.372424128887 0.0357142857143 0.251030348445 0.0357142857143
304091152 0.376545522668 0.0 0.49793930311 0.0 0.49793930311 0.0357142857143 0.376545522668 0.0357142857143
304091156 0.50206069689 0.0 0.623454477332 0.0 0.623454477332 0.0357142857143 0.50206069689 0.0357142857143
304091160 0.627575871113 0.0 0.748969651555 0.0 0.748969651555 0.0357142857143 0.627575871113 0.0357142857143
304091164 0.753091045335 0.0 0.874484825777 0.0 0.874484825777 0.0357142857143 0.753091045335 0.0357142857143
304091168 0.878606219558 0.0 1.0 0.0 1.0 0.0357142857143 0.878606219558 0.0357142857143
304095236 0.0 0.0357142857143 0.121393780442 0.0357142857143 0.121393780442 0.0714285714286 0.0 0.0714285714286
304095240 0.125515174223 0.0357142857143 0.246908954665 0.0357142857143 0.246908954665 0.0714285714286 0.125515174223 0.0714285714286
304095244 0.251030348445 0.0357142857143 0.372424128887 0.0357142857143 0.372424128887 0.0714285714286 0.251030348445 0.0714285714286
304095248 0.376545522668 0.0357142857143 0.49793930311 0.0357142857143 0.49793930311 0.0714285714286 0.376545522668 0.0714285714286
304095252 0.50206069689 0.0357142857143 0.623454477332 0.0357142857143 0.623454477332 0.0714285714286 0.50206069689 0.0714285714286
304095256 0.627575871113 0.0357142857143 0.748969651555 0.0357142857143 0.748969651555 0.0714285714286 0.627575871113 0.0714285714286
304095260 0.753091045335 0.0357142857143 0.874484825777 0.0357142857143 0.874484825777 0.0714285714286 0.753091045335 0.0714285714286
304095264 0.878606219558 0.0357142857143 1.0 0.0357142857143 1.0 0.0714285714286 0.878606219558 0.0714285714286
304099332 0.0 0.0714285714286 0.121393780442 0.0714285714286 0.121393780442 0.107142857143 0.0 0.107142857143
304099336 0.125515174223 0.0714285714286 0.246908954665 0.0714285714286 0.246908954665 0.107142857143 0.125515174223 0.107142857143
304099340 0.251030348445 0.0714285714286 0.372424128887 0.0714285714286 0.372424128887 0.107142857143 0.251030348445 0.107142857143
304099344 0.376545522668 0.0714285714286 0.49793930311 0.0714285714286 0.49793930311 0.107142857143 0.376545522668 0.107142857143
304099348 0.50206069689 0.0714285714286 0.623454477332 0.0714285714286 0.623454477332 0.107142857143 0.50206069689 0.107142857143
304099352 0.627575871113 0.0714285714286 0.748969651555 0.0714285714286 0.748969651555 0.107142857143 0.627575871113 0.107142857143
304099356 0.753091045335 0.0714285714286 0.874484825777 0.0714285714286 0.874484825777 0.107142857143 0.753091045335 0.107142857143
304099360 0.878606219558 0.0714285714286 1.0 0.0714285714286 1.0 0.107142857143 0.878606219558 0.107142857143
304103428 0.0 0.107142857143 0.121393780442 0.107142857143 0.121393780442 0.142857142857 0.0 0.142857142857
304103432 0.125515174223 0.107142857143 0.246908954665 0.107142857143 0.246908954665 0.142857142857 0.125515174223 0.142857142857
304103436 0.251030348445 0.107142857143 0.372424128887 0.107142857143 0.372424128887 0.142857142857 0.251030348445 0.142857142857
304103440 0.376545522668 0.107142857143 0.49793930311 0.107142857143 0.49793930311 0.142857142857 0.376545522668 0.142857142857
304103444 0.50206069689 0.107142857143 0.623454477332 0.107142857143 0.623454477332 0.142857142857 0.50206069689 0.142857142857
304103448 0.627575871113 0.107142857143 0.748969651555 0.107142857143 0.748969651555 0.142857142857 0.627575871113 0.142857142857
304103452 0.753091045335 0.107142857143 0.874484825777 0.107142857143 0.874484825777 0.142857142857 0.753091045335 0.142857142857
304103456 0.878606219558 0.107142857143 1.0 0.107142857143 1.0 0.142857142857 0.878606219558 0.142857142857
304107524 0.0 0.142857142857 0.121393780442 0.142857142857 0.121393780442 0.178571428571 0.0 0.178571428571
304107528 0.125515174223 0.142857142857 0.246908954665 0.142857142857 0.246908954665 0.178571428571 0.125515174223 0.178571428571
304107532 0.251030348445 0.142857142857 0.372424128887 0.142857142857 0.372424128887 0.178571428571 0.251030348445 0.178571428571
304107536 0.376545522668 0.142857142857 0.49793930311 0.142857142857 0.49793930311 0.178571428571 0.376545522668 0.178571428571
304107540 0.50206069689 0.142857142857 0.623454477332 0.142857142857 0.623454477332 0.178571428571 0.50206069689 0.178571428571
304107544 0.627575871113 0.142857142857 0.748969651555 0.142857142857 0.748969651555 0.178571428571 0.627575871113 0.178571428571
304107548 0.753091045335 0.142857142857 0.874484825777 0.142857142857 0.874484825777 0.178571428571 0.753091045335 0.178571428571
304107552 0.878606219558 0.142857142857 1.0 0.142857142857 1.0 0.178571428571 0.878606219558 0.178571428571
304111620 0.0 0.178571428571 0.121393780442 0.178571428571 0.121393780442 0.214285714286 0.0 0.214285714286
304111624 0.125515174223 0.178571428571 0.246908954665 0.178571428571 0.246908954665 0.214285714286 0.125515174223 0.214285714286
304111628 0.251030348445 0.178571428571 0.372424128887 0.178571428571 0.372424128887 0.214285714286 0.251030348445 0.214285714286
304111632 0.376545522668 0.178571428571 0.49793930311 0.178571428571 0.49793930311 0.214285714286 0.376545522668 0.214285714286
304111636 0.50206069689 0.178571428571 0.623454477332 0.178571428571 0.623454477332 0.214285714286 0.50206069689 0.214285714286
304111640 0.627575871113 0.178571428571 0.748969651555 0.178571428571 0.748969651555 0.214285714286 0.627575871113 0.214285714286
304111644 0.753091045335 0.178571428571 0.874484825777 0.178571428571 0.874484825777 0.214285714286 0.753091045335 0.214285714286
304111648 0.878606219558 0.178571428571 1.0 0.178571428571 1.0 0.214285714286 0.878606219558 0.214285714286
304115716 0.0 0.214285714286 0.121393780442 0.214285714286 0.121393780442 0.25 0.0 0.25
304115720 0.125515174223 0.214285714286 0.246908954665 0.214285714286 0.246908954665 0.25 0.125515174223 0.25
304115724 0.251030348445 0.214285714286 0.372424128887 0.214285714286 0.372424128887 0.25 0.251030348445 0.25
304115728 0.376545522668 0.214285714286 0.49793930311 0.214285714286 0.49793930311 0.25 0.376545522668 0.25
304115732 0.50206069689 0.214285714286 0.623454477332 0.214285714286 0.623454477332 0.25 0.50206069689 0.25
304115736 0.627575871113 0.214285714286 0.748969651555 0.214285714286 0.748969651555 0.25 0.627575871113 0.25
304115740 0.753091045335 0.214285714286 0.874484825777 0.214285714286 0.874484825777 0.25 0.753091045335 0.25
304115744 0.878606219558 0.214285714286 1.0 0.214285714286 1.0 0.25 0.878606219558 0.25
304119812 0.0 0.25 0.121393780442 0.25 0.121393780442 0.285714285714 0.0 0.285714285714
304119816 0.125515174223 0.25 0.246908954665 0.25 0.246908954665 0.285714285714 0.125515174223 0.285714285714
304119820 0.251030348445 0.25 0.372424128887 0.25 0.372424128887 0.285714285714 0.251030348445 0.285714285714
304119824 0.376545522668 0.25 0.49793930311 0.25 0.49793930311 0.285714285714 0.376545522668 0.285714285714
304119828 0.50206069689 0.25 0.623454477332 0.25 0.623454477332 0.285714285714 0.50206069689 0.285714285714
304119832 0.627575871113 0.25 0.748969651555 0.25 0.748969651555 0.285714285714 0.627575871113 0.285714285714
304119836 0.753091045335 0.25 0.874484825777 0.25 0.874484825777 0.285714285714 0.753091045335 0.285714285714
304119840 0.878606219558 0.25 1.0 0.25 1.0 0.285714285714 0.878606219558 0.285714285714
304123908 0.0 0.285714285714 0.121393780442 0.285714285714 0.121393780442 0.321428571429 0.0 0.321428571429
304123912 0.125515174223 0.285714285714 0.246908954665 0.285714285714 0.246908954665 0.321428571429 0.125515174223 0.321428571429
304123916 0.251030348445 0.285714285714 0.372424128887 0.285714285714 0.372424128887 0.321428571429 0.251030348445 0.321428571429
304123920 0.376545522668 0.285714285714 0.49793930311 0.285714285714 0.49793930311 0.321428571429 0.376545522668 0.321428571429
304123924 0.50206069689 0.285714285714 0.623454477332 0.285714285714 0.623454477332 0.321428571429 0.50206069689 0.321428571429
304123928 0.627575871113 0.285714285714 0.748969651555 0.285714285714 0.748969651555 0.321428571429 0.627575871113 0.321428571429
304123932 0.753091045335 0.285714285714 0.874484825777 0.285714285714 0.874484825777 0.321428571429 0.753091045335 0.321428571429
304123936 0.878606219558 0.285714285714 1.0 0.285714285714 1.0 0.321428571429 0.878606219558 0.321428571429
304128004 0.0 0.321428571429 0.121393780442 0.321428571429 0.121393780442 0.357142857143 0.0 0.357142857143
304128008 0.125515174223 0.321428571429 0.246908954665 0.321428571429 0.246908954665 0.357142857143 0.125515174223 0.357142857143
304128012 0.251030348445 0.321428571429 0.372424128887 0.321428571429 0.372424128887 0.357142857143 0.251030348445 0.357142857143
304128016 0.376545522668 0.321428571429 0.49793930311 0.321428571429 0.49793930311 0.357142857143 0.376545522668 0.357142857143
304128020 0.50206069689 0.321428571429 0.623454477332 0.321428571429 0.623454477332 0.357142857143 0.50206069689 0.357142857143
304128024 0.627575871113 0.321428571429 0.748969651555 0.321428571429 0.748969651555 0.357142857143 0.627575871113 0.357142857143
304128028 0.753091045335 0.321428571429 0.874484825777 0.321428571429 0.874484825777 0.357142857143 0.753091045335 0.357142857143
304128032 0.878606219558 0.321428571429 1.0 0.321428571429 1.0 0.357142857143 0.878606219558 0.357142857143
304132100 0.0 0.357142857143 0.121393780442 0.357142857143 0.121393780442 0.392857142857 0.0 0.392857142857
304132104 0.125515174223 0.357142857143 0.246908954665 0.357142857143 0.246908954665 0.392857142857 0.125515174223 0.392857142857
304132108 0.251030348445 0.357142857143 0.372424128887 0.357142857143 0.372424128887 0.392857142857 0.251030348445 0.392857142857
304132112 0.376545522668 0.357142857143 0.49793930311 0.357142857143 0.49793930311 0.392857142857 0.376545522668 0.392857142857
304132116 0.50206069689 0.357142857143 0.623454477332 0.357142857143 0.623454477332 0.392857142857 0.50206069689 0.392857142857
304132120 0.627575871113 0.357142857143 0.748969651555 0.357142857143 0.748969651555 0.392857142857 0.627575871113 0.392857142857
304132124 0.753091045335 0.357142857143 0.874484825777 0.357142857143 0.874484825777 0.392857142857 0.753091045335 0.392857142857
304132128 0.878606219558 0.357142857143 1.0 0.357142857143 1.0 0.392857142857 0.878606219558 0.392857142857
304136196 0.0 0.392857142857 0.121393780442 0.392857142857 0.121393780442 0.428571428571 0.0 0.428571428571
304136200 0.125515174223 0.392857142857 0.246908954665 0.392857142857 0.246908954665 0.428571428571 0.125515174223 0.428571428571
304136204 0.251030348445 0.392857142857 0.372424128887 0.392857142857 0.372424128887 0.428571428571 0.251030348445 0.428571428571
304136208 0.376545522668 0.392857142857 0.49793930311 0.392857142857 0.49793930311 0.428571428571 0.376545522668 0.428571428571
304136212 0.50206069689 0.392857142857 0.623454477332 0.392857142857 0.623454477332 0.428571428571 0.50206069689 0.428571428571
304136216 0.627575871113 0.392857142857 0.748969651555 0.392857142857 0.748969651555 0.428571428571 0.627575871113 0.428571428571
304136220 0.753091045335 0.392857142857 0.874484825777 0.392857142857 0.874484825777 0.428571428571 0.753091045335 0.428571428571
304136224 0.878606219558 0.392857142857 1.0 0.392857142857 1.0 0.428571428571 0.878606219558 0.428571428571
304140292 0.0 0.428571428571 0.121393780442 0.428571428571 0.121393780442 0.464285714286 0.0 0.464285714286
304140296 0.125515174223 0.428571428571 0.246908954665 0.428571428571 0.246908954665 0.464285714286 0.125515174223 0.464285714286
304140300 0.251030348445 0.428571428571 0.372424128887 0.428571428571 0.372424128887 0.464285714286 0.251030348445 0.464285714286
304140304 0.376545522668 0.428571428571 0.49793930311 0.428571428571 0.49793930311 0.464285714286 0.376545522668 0.464285714286
304140308 0.50206069689 0.428571428571 0.623454477332 0.428571428571 0.623454477332 0.464285714286 0.50206069689 0.464285714286
304140312 0.627575871113 0.428571428571 0.748969651555 0.428571428571 0.748969651555 0.464285714286 0.627575871113 0.464285714286
304140316 0.753091045335 0.428571428571 0.874484825777 0.428571428571 0.874484825777 0.464285714286 0.753091045335 0.464285714286
304140320 0.878606219558 0.428571428571 1.0 0.428571428571 1.0 0.464285714286 0.878606219558 0.464285714286
304144388 0.0 0.464285714286 0.121393780442 0.464285714286 0.121393780442 0.5 0.0 0.5
304144392 0.125515174223 0.464285714286 0.246908954665 0.464285714286 0.246908954665 0.5 0.125515174223 0.5
304144396 0.251030348445 0.464285714286 0.372424128887 0.464285714286 0.372424128887 0.5 0.251030348445 0.5
304144400 0.376545522668 0.464285714286 0.49793930311 0.464285714286 0.49793930311 0.5 0.376545522668 0.5
304144404 0.50206069689 0.464285714286 0.623454477332 0.464285714286 0.623454477332 0.5 0.50206069689 0.5
304144408 0.627575871113 0.464285714286 0.748969651555 0.464285714286 0.748969651555 0.5 0.627575871113 0.5
304144412 0.753091045335 0.464285714286 0.874484825777 0.464285714286 0.874484825777 0.5 0.753091045335 0.5
304144416 0.878606219558 0.464285714286 1.0 0.464285714286 1.0 0.5 0.878606219558 0.5
304148484 0.0 0.5 0.121393780442 0.5 0.121393780442 0.535714285714 0.0 0.535714285714
304148488 0.125515174223 0.5 0.246908954665 0.5 0.246908954665 0.535714285714 0.125515174223 0.535714285714
304148492 0.251030348445 0.5 0.372424128887 0.5 0.372424128887 0.535714285714 0.251030348445 0.535714285714
304148496 0.376545522668 0.5 0.49793930311 0.5 0.49793930311 0.535714285714 0.376545522668 0.535714285714
304148500 0.50206069689 0.5 0.623454477332 0.5 0.623454477332 0.535714285714 0.50206069689 0.535714285714
304148504 0.627575871113 0.5 0.748969651555 0.5 0.748969651555 0.535714285714 0.627575871113 0.535714285714
304148508 0.753091045335 0.5 0.874484825777 0.5 0.874484825777 0.535714285714 0.753091045335 0.535714285714
304148512 0.878606219558 0.5 1.0 0.5 1.0 0.535714285714 0.878606219558 0.535714285714
304152580 0.0 0.535714285714 0.121393780442 0.535714285714 0.121393780442 0.571428571429 0.0 0.571428571429
304152584 0.125515174223 0.535714285714 0.246908954665 0.535714285714 0.246908954665 0.571428571429 0.125515174223 0.571428571429
304152588 0.251030348445 0.535714285714 0.372424128887 0.535714285714 0.372424128887 0.571428571429 0.251030348445 0.571428571429
304152592 0.376545522668 0.535714285714 0.49793930311 0.535714285714 0.49793930311 0.571428571429 0.376545522668 0.571428571429
304152596 0.50206069689 0.535714285714 0.623454477332 0.535714285714 0.623454477332 0.571428571429 0.50206069689 0.571428571429
304152600 0.627575871113 0.535714285714 0.748969651555 0.535714285714 0.748969651555 0.571428571429 0.627575871113 0.571428571429
304152604 0.753091045335 0.535714285714 0.874484825777 0.535714285714 0.874484825777 0.571428571429 0.753091045335 0.571428571429
304152608 0.878606219558 0.535714285714 1.0 0.535714285714 1.0 0.571428571429 0.878606219558 0.571428571429
304156676 0.0 0.571428571429 0.121393780442 0.571428571429 0.121393780442 0.607142857143 0.0 0.607142857143
304156680 0.125515174223 0.571428571429 0.246908954665 0.571428571429 0.246908954665 0.607142857143 0.125515174223 0.607142857143
304156684 0.251030348445 0.571428571429 0.372424128887 0.571428571429 0.372424128887 0.607142857143 0.251030348445 0.607142857143
304156688 0.376545522668 0.571428571429 0.49793930311 0.571428571429 0.49793930311 0.607142857143 0.376545522668 0.607142857143
304156692 0.50206069689 0.571428571429 0.623454477332 0.571428571429 0.623454477332 0.607142857143 0.50206069689 0.607142857143
304156696 0.627575871113 0.571428571429 0.748969651555 0.571428571429 0.748969651555 0.607142857143 0.627575871113 0.607142857143
304156700 0.753091045335 0.571428571429 0.874484825777 0.571428571429 0.874484825777 0.607142857143 0.753091045335 0.607142857143
304156704 0.878606219558 0.571428571429 1.0 0.571428571429 1.0 0.607142857143 0.878606219558 0.607142857143
304160772 0.0 0.607142857143 0.121393780442 0.607142857143 0.121393780442 0.642857142857 0.0 0.642857142857
304160776 0.125515174223 0.607142857143 0.246908954665 0.607142857143 0.246908954665 0.642857142857 0.125515174223 0.642857142857
304160780 0.251030348445 0.607142857143 0.372424128887 0.607142857143 0.372424128887 0.642857142857 0.251030348445 0.642857142857
304160784 0.376545522668 0.607142857143 0.49793930311 0.607142857143 0.49793930311 0.642857142857 0.376545522668 0.642857142857
304160788 0.50206069689 0.607142857143 0.623454477332 0.607142857143 0.623454477332 0.642857142857 0.50206069689 0.642857142857
304160792 0.627575871113 0.607142857143 0.748969651555 0.607142857143 0.748969651555 0.642857142857 0.627575871113 0.642857142857
304160796 0.753091045335 0.607142857143 0.874484825777 0.607142857143 0.874484825777 0.642857142857 0.753091045335 0.642857142857
304160800 0.878606219558 0.607142857143 1.0 0.607142857143 1.0 0.642857142857 0.878606219558 0.642857142857
304164868 0.0 0.642857142857 0.121393780442 0.642857142857 0.121393780442 0.678571428571 0.0 0.678571428571
304164872 0.125515174223 0.642857142857 0.246908954665 0.642857142857 0.246908954665 0.678571428571 0.125515174223 0.678571428571
304164876 0.251030348445 0.642857142857 0.372424128887 0.642857142857 0.372424128887 0.678571428571 0.251030348445 0.678571428571
304164880 0.376545522668 0.642857142857 0.49793930311 0.642857142857 0.49793930311 0.678571428571 0.376545522668 0.678571428571
304164884 0.50206069689 0.642857142857 0.623454477332 0.642857142857 0.623454477332 0.678571428571 0.50206069689 0.678571428571
304164888 0.627575871113 0.642857142857 0.748969651555 0.642857142857 0.748969651555 0.678571428571 0.627575871113 0.678571428571
304164892 0.753091045335 0.642857142857 0.874484825777 0.642857142857 0.874484825777 0.678571428571 0.753091045335 0.678571428571
304164896 0.878606219558 0.642857142857 1.0 0.642857142857 1.0 0.678571428571 0.878606219558 0.678571428571
304168964 0.0 0.678571428571 0.121393780442 0.678571428571 0.121393780442 0.714285714286 0.0 0.714285714286
304168968 0.125515174223 0.678571428571 0.246908954665 0.678571428571 0.246908954665 0.714285714286 0.125515174223 0.714285714286
304168972 0.251030348445 0.678571428571 0.372424128887 0.678571428571 0.372424128887 0.714285714286 0.251030348445 0.714285714286
304168976 0.376545522668 0.678571428571 0.49793930311 0.678571428571 0.49793930311 0.714285714286 0.376545522668 0.714285714286
304168980 0.50206069689 0.678571428571 0.623454477332 0.678571428571 0.623454477332 0.714285714286 0.50206069689 0.714285714286
304168984 0.627575871113 0.678571428571 0.748969651555 0.678571428571 0.748969651555 0.714285714286 0.627575871113 0.714285714286
304168988 0.753091045335 0.678571428571 0.874484825777 0.678571428571 0.874484825777 0.714285714286 0.753091045335 0.714285714286
304168992 0.878606219558 0.678571428571 1.0 0.678571428571 1.0 0.714285714286 0.878606219558 0.714285714286
304173060 0.0 0.714285714286 0.121393780442 0.714285714286 0.121393780442 0.75 0.0 0.75
304173064 0.125515174223 0.714285714286 0.246908954665 0.714285714286 0.246908954665 0.75 0.125515174223 0.75
304173068 0.251030348445 0.714285714286 0.372424128887 0.714285714286 0.372424128887 0.75 0.251030348445 0.75
304173072 0.376545522668 0.714285714286 0.49793930311 0.714285714286 0.49793930311 0.75 0.376545522668 0.75
304173076 0.50206069689 0.714285714286 0.623454477332 0.714285714286 0.623454477332 0.75 0.50206069689 0.75
304173080 0.627575871113 0.714285714286 0.748969651555 0.714285714286 0.748969651555 0.75 0.627575871113 0.75
304173084 0.753091045335 0.714285714286 0.874484825777 0.714285714286 0.874484825777 0.75 0.753091045335 0.75
304173088 0.878606219558 0.714285714286 1.0 0.714285714286 1.0 0.75 0.878606219558 0.75
304177156 0.0 0.75 0.121393780442 0.75 0.121393780442 0.785714285714 0.0 0.785714285714
304177160 0.125515174223 0.75 0.246908954665 0.75 0.246908954665 0.785714285714 0.125515174223 0.785714285714
304177164 0.251030348445 0.75 0.372424128887 0.75 0.372424128887 0.785714285714 0.251030348445 0.785714285714
304177168 0.376545522668 0.75 0.49793930311 0.75 0.49793930311 0.785714285714 0.376545522668 0.785714285714
304177172 0.50206069689 0.75 0.623454477332 0.75 0.623454477332 0.785714285714 0.50206069689 0.785714285714
304177176 0.627575871113 0.75 0.748969651555 0.75 0.748969651555 0.785714285714 0.627575871113 0.785714285714
304177180 0.753091045335 0.75 0.874484825777 0.75 0.874484825777 0.785714285714 0.753091045335 0.785714285714
304177184 0.878606219558 0.75 1.0 0.75 1.0 0.785714285714 0.878606219558 0.785714285714
304181252 0.0 0.785714285714 0.121393780442 0.785714285714 0.121393780442 0.821428571429 0.0 0.821428571429
304181256 0.125515174223 0.785714285714 0.246908954665 0.785714285714 0.246908954665 0.821428571429 0.125515174223 0.821428571429
304181260 0.251030348445 0.785714285714 0.372424128887 0.785714285714 0.372424128887 0.821428571429 0.251030348445 0.821428571429
304181264 0.376545522668 0.785714285714 0.49793930311 0.785714285714 0.49793930311 0.821428571429 0.376545522668 0.821428571429
304181268 0.50206069689 0.785714285714 0.623454477332 0.785714285714 0.623454477332 0.821428571429 0.50206069689 0.821428571429
304181272 0.627575871113 0.785714285714 0.748969651555 0.785714285714 0.748969651555 0.821428571429 0.627575871113 0.821428571429
304181276 0.753091045335 0.785714285714 0.874484825777 0.785714285714 0.874484825777 0.821428571429 0.753091045335 0.821428571429
304181280 0.878606219558 0.785714285714 1.0 0.785714285714 1.0 0.821428571429 0.878606219558 0.821428571429
304185348 0.0 0.821428571429 0.121393780442 0.821428571429 0.121393780442 0.857142857143 0.0 0.857142857143
304185352 0.125515174223 0.821428571429 0.246908954665 0.821428571429 0.246908954665 0.857142857143 0.125515174223 0.857142857143
304185356 0.251030348445 0.821428571429 0.372424128887 0.821428571429 0.372424128887 0.857142857143 0.251030348445 0.857142857143
304185360 0.376545522668 0.821428571429 0.49793930311 0.821428571429 0.49793930311 0.857142857143 0.376545522668 0.857142857143
304185364 0.50206069689 0.821428571429 0.623454477332 0.821428571429 0.623454477332 0.857142857143 0.50206069689 0.857142857143
304185368 0.627575871113 0.821428571429 0.748969651555 0.821428571429 0.748969651555 0.857142857143 0.627575871113 0.857142857143
304185372 0.753091045335 0.821428571429 0.874484825777 0.821428571429 0.874484825777 0.857142857143 0.753091045335 0.857142857143
304185376 0.878606219558 0.821428571429 1.0 0.821428571429 1.0 0.857142857143 0.878606219558 0.857142857143
304189444 0.0 0.857142857143 0.121393780442 0.857142857143 0.121393780442 0.892857142857 0.0 0.892857142857
304189448 0.125515174223 0.857142857143 0.246908954665 0.857142857143 0.246908954665 0.892857142857 0.125515174223 0.892857142857
304189452 0.251030348445 0.857142857143 0.372424128887 0.857142857143 0.372424128887 0.892857142857 0.251030348445 0.892857142857
304189456 0.376545522668 0.857142857143 0.49793930311 0.857142857143 0.49793930311 0.892857142857 0.376545522668 0.892857142857
304189460 0.50206069689 0.857142857143 0.623454477332 0.857142857143 0.623454477332 0.892857142857 0.50206069689 0.892857142857
304189464 0.627575871113 0.857142857143 0.748969651555 0.857142857143 0.748969651555 0.892857142857 0.627575871113 0.892857142857
304189468 0.753091045335 0.857142857143 0.874484825777 0.857142857143 0.874484825777 0.892857142857 0.753091045335 0.892857142857
304189472 0.878606219558 0.857142857143 1.0 0.857142857143 1.0 0.892857142857 0.878606219558 0.892857142857
304193540 0.0 0.892857142857 0.121393780442 0.892857142857 0.121393780442 0.928571428571 0.0 0.928571428571
304193544 0.125515174223 0.892857142857 0.246908954665 0.892857142857 0.246908954665 0.928571428571 0.125515174223 0.928571428571
304193548 0.251030348445 0.892857142857 0.372424128887 0.892857142857 0.372424128887 0.928571428571 0.251030348445 0.928571428571
304193552 0.376545522668 0.892857142857 0.49793930311 0.892857142857 0.49793930311 0.928571428571 0.376545522668 0.928571428571
304193556 0.50206069689 0.892857142857 0.623454477332 0.892857142857 0.623454477332 0.928571428571 0.50206069689 0.928571428571
304193560 0.627575871113 0.892857142857 0.748969651555 0.892857142857 0.748969651555 0.928571428571 0.627575871113 0.928571428571
304193564 0.753091045335 0.892857142857 0.874484825777 0.892857142857 0.874484825777 0.928571428571 0.753091045335 0.928571428571
304193568 0.878606219558 0.892857142857 1.0 0.892857142857 1.0 0.928571428571 0.878606219558 0.928571428571
304197636 0.0 0.928571428571 0.121393780442 0.928571428571 0.121393780442 0.964285714286 0.0 0.964285714286
304197640 0.125515174223 0.928571428571 0.246908954665 0.928571428571 0.246908954665 0.964285714286 0.125515174223 0.964285714286
304197644 0.251030348445 0.928571428571 0.372424128887 0.928571428571 0.372424128887 0.964285714286 0.251030348445 0.964285714286
304197648 0.376545522668 0.928571428571 0.49793930311 0.928571428571 0.49793930311 0.964285714286 0.376545522668 0.964285714286
304197652 0.50206069689 0.928571428571 0.623454477332 0.928571428571 0.623454477332 0.964285714286 0.50206069689 0.964285714286
304197656 0.627575871113 0.928571428571 0.748969651555 0.928571428571 0.748969651555 0.964285714286 0.627575871113 0.964285714286
304197660 0.753091045335 0.928571428571 0.874484825777 0.928571428571 0.874484825777 0.964285714286 0.753091045335 0.964285714286
304197664 0.878606219558 0.928571428571 1.0 0.928571428571 1.0 0.964285714286 0.878606219558 0.964285714286
304201732 0.0 0.964285714286 0.121393780442 0.964285714286 0.121393780442 1.0 0.0 1.0
304201736 0.125515174223 0.964285714286 0.246908954665 0.964285714286 0.246908954665 1.0 0.125515174223 1.0
304201740 0.251030348445 0.964285714286 0.372424128887 0.964285714286 0.372424128887 1.0 0.251030348445 1.0
304201744 0.376545522668 0.964285714286 0.49793930311 0.964285714286 0.49793930311 1.0 0.376545522668 1.0
304201748 0.50206069689 0.964285714286 0.623454477332 0.964285714286 0.623454477332 1.0 0.50206069689 1.0
304201752 0.627575871113 0.964285714286 0.748969651555 0.964285714286 0.748969651555 1.0 0.627575871113 1.0
304201756 0.753091045335 0.964285714286 0.874484825777 0.964285714286 0.874484825777 1.0 0.753091045335 1.0
304201760 0.878606219558 0.964285714286 1.0 0.964285714286 1.0 1.0 0.878606219558 1.0
