# Xscale/Yscale
# 142.51/242.24
470405476 0.451827941899 0.683949801849 0.442846116062 0.721846103038 0.415830468037 0.713094451783 0.430776787594 0.677097093791
470405480 0.42361939513 0.674124834875 0.408813416602 0.71016347424 0.383481860922 0.697242404227 0.403901480598 0.664052179657
470405508 0.442565434005 0.735840488771 0.433653778682 0.775305482166 0.409655462775 0.768411492734 0.422987860501 0.730226221929
470405512 0.416532173181 0.727914464993 0.403199775454 0.766141017173 0.380113676233 0.756605019815 0.397726475335 0.720153566711
470405516 0.391481299558 0.71714002642 0.37393867097 0.753632760898 0.352115641008 0.741537318362 0.373657988913 0.707273778071
470405541 0.448389586696 0.786657859974 0.440319977545 0.837888044914 0.399410567679 0.828063077939
470405542 0.399550908708 0.828104359313 0.41554978598 0.778814398943 0.44845975721 0.786699141347
470405545 0.404182162655 0.775057793923 0.388183285383 0.824389035667 0.349308820434 0.808248018494
470405546 0.349378990948 0.808289299868 0.37295628377 0.76213672391 0.40425233317 0.775099075297
470405549 0.362360536103 0.756687582563 0.338853413796 0.802881439894 0.302996280963 0.780878467635
470405550 0.303066451477 0.780961030383 0.333590625219 0.739060435931 0.362500877131 0.756728863937
470405572 0.417023366781 0.840901585205 0.402778752368 0.904020805812 0.367412813136 0.893865587847 0.388884990527 0.832810435931
470405576 0.379341800575 0.82946664465 0.358080134727 0.890563077939 0.324187776296 0.876527410832 0.352255982036 0.818238110964
470405580 0.343133815171 0.813821003963 0.315135779945 0.872151585205 0.282997684373 0.854359313078 0.317451406919 0.799661492734
470405604 0.412181601291 0.919047225892 0.39828783945 0.989555812417 0.368254859308 0.982372853369 0.387832432812 0.913185270806
470405608 0.379552312118 0.910832232497 0.360185250158 0.980061096433 0.330783804645 0.970525099075 0.355764507754 0.903112615588
470405612 0.347694898604 0.900140356671 0.322924707038 0.967635402906 0.294435478212 0.955828929987 0.324538628868 0.890563077939
470405616 0.316749701775 0.886971598415 0.286716721634 0.952278731836 0.259209880008 0.938243064729 0.294435478212 0.875577939234
470405620 0.286857062662 0.871325957728 0.251771805487 0.934073645971 0.225457862606 0.917932628798 0.2655252263 0.858239762219
470405732 0.335836081678 0.596061756935 0.302645428391 0.616454755614 0.289804224265 0.591107992074 0.325801698126 0.576287978864
470405736 0.322854536524 0.569228863937 0.286857062662 0.584131439894 0.278085748369 0.557050858653 0.316047996632 0.548134081902
470405764 0.292611044839 0.626238441215 0.258367833836 0.647787318362 0.246298505368 0.625866908851 0.28278717283 0.608404887715
470405768 0.279769840713 0.602212681638 0.243281173251 0.619757265522 0.233808153814 0.596680977543 0.27198091362 0.583388375165
470405772 0.269735457161 0.576907199472 0.23149252684 0.590282364597 0.224615816434 0.56625660502 0.264121816013 0.557339828269
470405797 0.260823801838 0.666281373844 0.218932004772 0.696747027741 0.19696863378 0.660790951123
470405798 0.19696863378 0.660914795244 0.243211002737 0.637466974901 0.260893972353 0.666363936592
470405801 0.237737702617 0.626816380449 0.191565504175 0.65034676354 0.175496456389 0.611418428005
470405802 0.175566626903 0.611542272127 0.224896498491 0.595648943197 0.237807873132 0.626940224571
470405805 0.221107290716 0.584214002642 0.171847589643 0.60018989432 0.162093888148 0.559197490092
470405806 0.162093888148 0.559321334214 0.213318363624 0.551354029062 0.221177461231 0.58429656539
470405828 0.200126306926 0.682463672391 0.145323135219 0.716933619551 0.127640165602 0.684734147952 0.185951863027 0.65678665786
470405832 0.181601291137 0.647746036988 0.123289593713 0.675817371202 0.109255490843 0.641884081902 0.170374008841 0.620624174373
470405836 0.167005824153 0.611170739762 0.105957476668 0.63251321004 0.0958529226019 0.597217635403 0.158936215002 0.582975561427
470405860 0.141533927444 0.734354359313 0.0818188197319 0.774314729194 0.0656796014315 0.747977212682 0.128482211775 0.712970607662
470405864 0.124342151428 0.70553996037 0.0616097115992 0.740711690885 0.0476457792436 0.713218295905 0.112904357589 0.68320673712
470405868 0.109255490843 0.675321994716 0.0439969124974 0.705416116248 0.0322082660866 0.676890686922 0.0997123008912 0.652163143989
470405872 0.0967651392885 0.644195838838 0.0293312749982 0.669088507266 0.0197880850467 0.639737450462 0.08904638271 0.620335204756
470405876 0.0866605852221 0.612120211361 0.0174724580731 0.631605019815 0.0103150656094 0.60159346103 0.0808364325311 0.587722919419
470405988 0.316047996632 0.451824636724 0.278155918883 0.442660171731 0.287067574205 0.415662153236 0.322994877552 0.430771136063
470405992 0.325871868641 0.423588177015 0.289874394779 0.408644319683 0.302855939934 0.383338837517 0.335976422707 0.403896961691
470406020 0.263981474984 0.442536327609 0.22454564592 0.433454425363 0.23149252684 0.40946994716 0.269665286647 0.422968956407
470406024 0.271910743106 0.416446499339 0.233737983299 0.40303005284 0.243351343765 0.379953764861 0.279699670199 0.39766347424
470406028 0.282646831801 0.391512549538 0.246158164339 0.373885402906 0.258297663322 0.352047556143 0.292540874325 0.373720277411
470406053 0.213248193109 0.448439564069 0.162093888148 0.440265852048 0.171987930672 0.399356010568
470406054 0.171987930672 0.39947985469 0.221177461231 0.415662153236 0.213248193109 0.44856340819
470406057 0.224826327977 0.404227212682 0.175566626903 0.388127476882 0.191776015718 0.349281704095
470406058 0.191705845204 0.349405548217 0.237807873132 0.373059775429 0.224826327977 0.404309775429
470406061 0.243140832222 0.362409180978 0.197038804294 0.338796235139 0.2190723458 0.302964002642
470406062 0.219002175286 0.30304656539 0.260893972353 0.333636063408 0.243140832222 0.362491743725
470406084 0.158936215002 0.417024438573 0.0958529226019 0.402617239102 0.106097817697 0.367321664465 0.167075994667 0.388870541612
470406088 0.170374008841 0.379375825627 0.109255490843 0.357992073976 0.123429934741 0.324058784676 0.181601291137 0.352295244386
470406092 0.185951863027 0.34321334214 0.127640165602 0.315100726552 0.145463476247 0.282983817701 0.200126306926 0.317577608983
470406116 0.0807662620167 0.412235799207 0.0102448950951 0.398158850727 0.0174724580731 0.368147291942 0.0866605852221 0.387838507266
470406120 0.0889060416813 0.379623513871 0.0197179145323 0.360097424042 0.0293312749982 0.330746367239 0.0966949687741 0.355804161162
470406124 0.0996421303768 0.347713011889 0.0322082660866 0.322779062087 0.0440670830117 0.294294914135 0.109255490843 0.324554161162
470406128 0.11276401656 0.316834544254 0.0475054382149 0.286699141347 0.0616097115992 0.259205746367 0.124201810399 0.294501321004
470406132 0.12841204126 0.286988110964 0.0656796014315 0.251816380449 0.0818188197319 0.22552014531 0.141533927444 0.265604359313
470406244 0.403761139569 0.335823976222 0.383481860922 0.302592470277 0.408813416602 0.289753963012 0.423549224616 0.325792602378
470406248 0.430636446565 0.322820343461 0.415760297523 0.286822985469 0.442775945548 0.278071334214 0.451757771384 0.316008916777
470406276 0.373657988913 0.292437252312 0.352185811522 0.258173712021 0.374079011999 0.246119550859 0.391481299558 0.282653566711
470406280 0.397656304821 0.27964002642 0.380113676233 0.243147291942 0.403269945969 0.233652575958 0.416462002666 0.271879128137
470406284 0.422987860501 0.269567371202 0.40958529226 0.231382100396 0.433653778682 0.224488110964 0.44249526349 0.263994385733
470406309 0.333730966248 0.260733157199 0.303347133534 0.21875 0.339274436882 0.196829590489
470406310 0.339204266367 0.196912153236 0.362571047646 0.243147291942 0.333660795734 0.260774438573
470406313 0.373236965827 0.237656869221 0.34972984352 0.191421730515 0.388674478984 0.175404557464
470406314 0.388534137955 0.175445838838 0.404392674198 0.224818361955 0.373096624798 0.237698150594
470406317 0.415830468037 0.221020475561 0.399831590766 0.171730515192 0.440811171146 0.161988110964
470406318 0.440670830117 0.161988110964 0.448600098239 0.213218295905 0.415690127009 0.221061756935
470406340 0.317521577433 0.200049537649 0.283138025402 0.145269154557 0.315276120974 0.127518163804 0.343203985685 0.185931307794
470406344 0.352255982036 0.181514200793 0.324187776296 0.123183619551 0.358150305242 0.109189233818 0.379341800575 0.170326948481
470406348 0.388814820013 0.166941875826 0.36748298365 0.10588672391 0.402778752368 0.0957727873184 0.417023366781 0.158892007926
470406372 0.265595396814 0.14142998679 0.225738544664 0.0816545574637 0.252052487545 0.0655548216645 0.286997403691 0.128343791281
470406376 0.294505648726 0.124133091149 0.259350221037 0.0613854029062 0.286927233177 0.0474322985469 0.31681987229 0.112780713342
470406380 0.324608799382 0.109189233818 0.294505648726 0.0438821003963 0.323065048067 0.0321169088507 0.347765069118 0.0996119550859
470406384 0.355764507754 0.0966396961691 0.330924145674 0.0291859313078 0.360255420672 0.0196912153236 0.379622482633 0.0889200792602
470406388 0.387902603326 0.0865670409511 0.368395200337 0.0173381770145 0.398428180479 0.0101964993395 0.41232194232 0.0807050858653
470406500 0.548031717072 0.316008916777 0.557083713424 0.278112615588 0.584099361448 0.286905548217 0.569153041892 0.322861624835
470406504 0.576310434355 0.325833883752 0.591186583398 0.289795244386 0.616518139078 0.302716314399 0.596028348888 0.33590653897
470406532 0.557434565995 0.264035667107 0.566486562347 0.224570673712 0.590484878254 0.231505944518 0.577012139499 0.269691215324
470406536 0.583537997334 0.271961690885 0.59687039506 0.233735138705 0.619956494281 0.243312417437 0.602343695179 0.279763870542
470406540 0.608518700442 0.282736129458 0.62606132903 0.24624339498 0.647954529507 0.258338837517 0.626342011087 0.292602377807
470406565 0.551610413304 0.213218295905 0.559750192969 0.162029392338 0.600729773349 0.171936922061
470406566 0.600589432321 0.171895640687 0.58445021402 0.221144319683 0.55154024279 0.213218295905
470406569 0.595817837345 0.224859643329 0.611816714617 0.175528401585 0.650761350081 0.191710700132
470406570 0.650621009052 0.191628137384 0.626973545716 0.237780713342 0.59574766683 0.224818361955
470406573 0.637779804926 0.243271136063 0.661286927233 0.197077278732 0.697144060066 0.219121532365
470406574 0.697073889552 0.219038969617 0.666479545295 0.260898282695 0.637639463897 0.243188573316
470406596 0.582976633219 0.158892007926 0.597291418146 0.0958140686922 0.632587186864 0.106010568032 0.611115009473 0.167024438573
470406600 0.620658199425 0.170368229855 0.641919865273 0.109271796565 0.675882394218 0.123348745046 0.647673847449 0.18159676354
470406604 0.656796014315 0.185972589168 0.684864220055 0.127642007926 0.717002315627 0.145434280053 0.682478422567 0.20017338177
470406628 0.587888569223 0.0808702113606 0.601852501579 0.0103616248349 0.631885481721 0.0175858652576 0.612237737703 0.0867321664465
470406632 0.620447687882 0.0890439233818 0.639955090871 0.019856340819 0.669356536383 0.029392338177 0.644305662761 0.0968048216645
470406636 0.652375271911 0.0997770805812 0.677285804505 0.0323233157199 0.705775033331 0.0441710700132 0.675531541646 0.109395640687
470406640 0.683320468739 0.112945838838 0.713423619395 0.0476387054161 0.740860290506 0.0616743725231 0.705634692302 0.124339498018
470406644 0.713213107852 0.128550198151 0.748298365027 0.0658437912814 0.774612307908 0.0819848084544 0.734544944214 0.141677675033
470406756 0.664163918322 0.403979524439 0.697354571609 0.383503963012 0.710265946249 0.408809445178 0.674268472388 0.423712021136
470406760 0.677215633991 0.430853698811 0.713142937338 0.415827278732 0.721984422146 0.4428665786 0.684092344397 0.451948480845
470406788 0.70752929619 0.373802840159 0.741702336678 0.352171400264 0.753841835661 0.374050528402 0.717353168199 0.391595112285
470406792 0.720300329801 0.397787318362 0.756718826749 0.380160171731 0.766332187215 0.403236459709 0.728159427409 0.416570343461
470406796 0.730404883868 0.423092800528 0.768577643674 0.409635072655 0.775524524595 0.433660832232 0.736018525016 0.442660171731
470406821 0.739246368676 0.333718626156 0.781138165743 0.303170409511 0.803171707249 0.339085204756
470406822 0.803101536734 0.339002642008 0.756859167778 0.362491743725 0.739176198162 0.333636063408
470406825 0.762262297383 0.373183619551 0.808434495825 0.349570673712 0.824573714125 0.388499009247
470406826 0.824503543611 0.388375165125 0.775243842537 0.404351056803 0.762262297383 0.373101056803
470406829 0.778892709284 0.415785997358 0.828152410357 0.399644980185 0.83804645288 0.440596103038
470406830 0.837976282366 0.440472258917 0.786821977405 0.44856340819 0.778892709284 0.415662153236
470406852 0.799873693074 0.317495046235 0.854606694267 0.282942536328 0.872430004912 0.315100726552 0.814118307487 0.343130779392
470406856 0.818398708863 0.352171400264 0.876640235773 0.323976221929 0.890744509157 0.357909511229 0.829625991159 0.379251981506
470406860 0.832994175847 0.388829260238 0.893972352817 0.367321664465 0.904217247912 0.402617239102 0.841133955512 0.417024438573
470406884 0.858536243071 0.265604359313 0.918251350782 0.225602708058 0.934390569083 0.251898943197 0.871658129254 0.286988110964
470406888 0.875798189601 0.294501321004 0.93853062943 0.259329590489 0.952494561785 0.286822985469 0.88723598344 0.316875825627
470406892 0.890814679672 0.32463672391 0.956073258017 0.29446003963 0.967861904428 0.322985468956 0.900428040138 0.347836856011
470406896 0.90337520174 0.355845442536 0.970738895516 0.330870211361 0.980282085468 0.360221268164 0.911093958319 0.379706076618
470406900 0.913409585292 0.387921070013 0.982527541927 0.368271136063 0.989755104905 0.398282694848 0.919303908498 0.412277080581
470407012 0.683952003368 0.548134081902 0.721844081117 0.557050858653 0.713142937338 0.584131439894 0.677145463476 0.569228863937
470407016 0.674128131359 0.576370541612 0.710195775735 0.591107992074 0.697354571609 0.616496036988 0.664093747807 0.596144319683
470407044 0.735737842958 0.557339828269 0.775243842537 0.566215323646 0.768367132131 0.590241083223 0.730194372325 0.576907199472
470407048 0.727808574837 0.583470937913 0.766051505158 0.596722258917 0.756508315206 0.619839828269 0.720089818258 0.602295244386
470407052 0.717002315627 0.608487450462 0.753561153603 0.625949471598 0.741491825135 0.647828599736 0.707178443618 0.626321003963
470407077 0.786681636376 0.551684280053 0.837906111852 0.559651585205 0.828082239843 0.600643989432
470407078 0.828152410357 0.60052014531 0.778822538769 0.584502972259 0.786681636376 0.551560435931
470407081 0.775103501509 0.595855350066 0.824433373097 0.611748678996 0.808364325311 0.650677014531
470407082 0.808434495825 0.650594451783 0.762192126868 0.627064068692 0.775103501509 0.595772787318
470407085 0.756718826749 0.637714663144 0.802961195706 0.661162483487 0.780997824714 0.697077278732
470407086 0.781067995228 0.696994715984 0.739106027647 0.666529062087 0.756718826749 0.637632100396
470407108 0.840923443969 0.583140686922 0.904076906884 0.597382760898 0.893902182303 0.632719616909 0.832853834819 0.611335865258
470407112 0.82948565013 0.620830581242 0.890604168129 0.642049207398 0.876570065259 0.676023778071 0.818328538348 0.647952443857
470407116 0.813907795944 0.656993064729 0.872219493369 0.684940554822 0.854466353238 0.71714002642 0.799733352045 0.68267007926
470407140 0.919303908498 0.587970607662 0.989825275419 0.601882430647 0.982597712441 0.631893989432 0.913479755807 0.612367899604
470407144 0.911093958319 0.620541611625 0.980352255982 0.639902575958 0.97080906603 0.669253632761 0.90337520174 0.644402245707
470407148 0.900357869623 0.652452113606 0.967861904428 0.677179656539 0.956073258017 0.705705085865 0.890814679672 0.675610964333
470407152 0.887165812925 0.683371862616 0.952494561785 0.713342140026 0.93853062943 0.74087681638 0.875798189601 0.705746367239
470407156 0.871658129254 0.713135733157 0.934460739597 0.748142338177 0.918321521297 0.77447985469 0.858536243071 0.734560766182
470407268 0.596028348888 0.664134742404 0.616518139078 0.697283685601 0.591256753912 0.710246036988 0.576310434355 0.67428996037
470407272 0.569153041892 0.677138375165 0.584239702477 0.713094451783 0.557224054452 0.721928665786 0.548101887587 0.684073645971
470407300 0.626131499544 0.707397622193 0.647814188478 0.741578599736 0.625991158515 0.753715323646 0.608378359413 0.717263870542
470407304 0.602133183636 0.720194848085 0.619816153252 0.756605019815 0.596730054031 0.766223579921 0.583397656305 0.728038309115
470407308 0.576801627956 0.730267503303 0.590274366711 0.768452774108 0.566276050803 0.775388044914 0.557294224967 0.735923051519
470407333 0.666128692723 0.739266842801 0.69672303698 0.781167437252 0.660795733633 0.803211690885
470407334 0.660936074661 0.803129128137 0.63735878184 0.756935270806 0.666198863238 0.739225561427
470407337 0.626622693144 0.762343130779 0.65027015648 0.808495706737 0.61139569153 0.82463672391
470407338 0.611465862045 0.824595442536 0.595466984773 0.775305482166 0.626763034173 0.762301849406
470407341 0.584099361448 0.778938243065 0.600168409234 0.828186922061 0.559258999368 0.83805317041
470407342 0.559399340397 0.83805317041 0.551259560733 0.786822985469 0.584169531963 0.778896961691
470407364 0.682267911024 0.800033025099 0.716791804084 0.854772126816 0.684653708512 0.872564398943 0.656585502772 0.814233817701
470407368 0.647603676935 0.818568361955 0.675812223704 0.876775099075 0.641849694758 0.89089332893 0.620517858396 0.829796895641
470407372 0.610974668444 0.833099405548 0.632446845835 0.894154557464 0.597151077117 0.904351056803 0.58283629219 0.841231836196
470407396 0.734264262157 0.858652575958 0.774331625851 0.918345442536 0.74801768297 0.934486459709 0.712932425795 0.87178005284
470407400 0.705494351274 0.875908190225 0.740719949477 0.938532034346 0.713283278366 0.952608982827 0.68318012771 0.887301849406
470407404 0.675391200618 0.890852047556 0.705564521788 0.95607661823 0.677075292962 0.967924372523 0.652234930882 0.900470607662
470407408 0.644165321732 0.903401585205 0.669216195355 0.970814068692 0.639814749842 0.980391347424 0.620307346853 0.911203764861
470407412 0.612097396674 0.913474240423 0.631745140692 0.982620541612 0.60171216055 0.989886063408 0.58767805768 0.919377476882
470409572 0.540593642551 0.685766182299 0.549856150446 0.72357992074 0.521787944706 0.728120871863 0.518700442074 0.689275099075
470409576 0.510981685496 0.689811756935 0.514209529156 0.728657529723 0.485790470844 0.728698811096 0.488877973476 0.689853038309
470409580 0.481159216897 0.689192536328 0.478212055294 0.728038309115 0.450143849554 0.723662483487 0.45926601642 0.685766182299
470409604 0.550487685075 0.737409180978 0.55960985194 0.776832892999 0.534980001403 0.781084874505 0.530489088485 0.740835535007
470409608 0.523682548593 0.741578599736 0.52831380254 0.78178665786 0.503333099432 0.783231505945 0.503333099432 0.742734478203
470409612 0.496386218511 0.742734478203 0.49652655954 0.783190224571 0.471545856431 0.781827939234 0.476106939864 0.74161988111
470409616 0.469230229458 0.740794253633 0.464809487054 0.781043593131 0.440179636517 0.776874174373 0.449231632868 0.737409180978
470409637 0.539400743807 0.788639365918 0.547610693986 0.839828269485 0.505648726405 0.843130779392
470409638 0.505789067434 0.843130779392 0.505789067434 0.791322655218 0.539541084836 0.788598084544
470409641 0.493860079994 0.79124009247 0.493930250509 0.843089498018 0.451898112413 0.839786988111
470409642 0.452038453442 0.839786988111 0.460178233106 0.788598084544 0.493930250509 0.79124009247
470409668 0.573082590695 0.843378467635 0.587607887166 0.906415125495 0.551399901761 0.912607331572 0.544172338783 0.848290951123
470409672 0.534137955231 0.849405548217 0.541505859238 0.913680647292 0.504806680233 0.915785997358 0.504876850747 0.85105680317
470409676 0.494842467195 0.85105680317 0.494982808224 0.915744715984 0.458283629219 0.913721928666 0.465581362711 0.849405548217
470409680 0.455546979159 0.848249669749 0.44845975721 0.912566050198 0.412181601291 0.906456406869 0.426636727247 0.843378467635
470409700 0.579327766473 0.920946169089 0.593432039857 0.99141347424 0.562978036629 0.996284676354 0.554557574907 0.924867899604
470409704 0.546066942671 0.925858652576 0.554627745421 0.997234147952 0.523893060136 0.999669749009 0.521016069048 0.92784015852
470409708 0.512525436811 0.928129128137 0.515472598414 0.999958718626 0.4845975721 1.0 0.487404392674 0.928170409511
470409712 0.478843589924 0.927798877147 0.476177110378 0.999628467635 0.445372254579 0.997234147952 0.453862886815 0.925858652576
470409716 0.445372254579 0.92482661823 0.437021963371 0.99624339498 0.406567960143 0.99141347424 0.420602063013 0.920904887715
470409828 0.397375622763 0.660047886394 0.377096344116 0.693320673712 0.354080415409 0.676601717305 0.379482141604 0.647044253633
470409832 0.373587818399 0.642049207398 0.348326433233 0.671689233818 0.328257666129 0.651585204756 0.357939793699 0.626362285337
470409836 0.352887516665 0.620500330251 0.323345730124 0.645805812417 0.306645147709 0.622812087186 0.339905971511 0.602542932629
470409860 0.367763665708 0.703723579921 0.346291488317 0.738028401585 0.325942039155 0.723538639366 0.351203424321 0.691958388375
470409864 0.345870465231 0.687665125495 0.320609080065 0.719327939234 0.302013893762 0.702691545575 0.330713634131 0.674124834875
470409868 0.325801698126 0.669253632761 0.297242298786 0.697902906209 0.280541716371 0.679243725231 0.312258788857 0.654062087186
470409872 0.307978387482 0.648695508587 0.27633148551 0.673918428005 0.261876359554 0.653525429326 0.296189741071 0.632100396301
470409893 0.323836923725 0.732001321004 0.293453091011 0.77394319683 0.261385165953 0.746573645971
470409894 0.261525506982 0.746656208719 0.298224685987 0.710080911493 0.323977264753 0.732042602378
470409897 0.289804224265 0.701618229855 0.253175215774 0.738276089828 0.225808715178 0.706241743725
470409898 0.225878885692 0.706324306473 0.267911023788 0.675941215324 0.289874394779 0.701700792602
470409924 0.308960774682 0.79446003963 0.274577222651 0.849281704095 0.244614413024 0.828021796565 0.285032629289 0.77749339498
470409928 0.277243702196 0.77125990753 0.236895656445 0.821870871863 0.209529155849 0.797391017173 0.255350501719 0.751692536328
470409932 0.24826327977 0.744592140026 0.202512104414 0.790414464993 0.17809276542 0.763003632761 0.228755876781 0.722754293263
470409936 0.222440530489 0.714828269485 0.171847589643 0.755201453104 0.150585923795 0.725231175694 0.205459266016 0.690926354029
470409956 0.258367833836 0.85374009247 0.218440811171 0.913515521797 0.193460108063 0.895351717305 0.238088555189 0.838961360634
470409960 0.231352185812 0.833677344782 0.186864079714 0.890150264201 0.163427127921 0.870087516513 0.212265805908 0.817371202114
470409964 0.206020630131 0.811591809775 0.157252122658 0.864431968296 0.135429092695 0.842594121532 0.188267490001 0.793882100396
470409968 0.182513507824 0.787607331572 0.129745281033 0.836401915456 0.109676513929 0.812912813738 0.166233948495 0.768494055482
470409972 0.160900989404 0.761806472919 0.104483895867 0.806307793923 0.0863097326503 0.781332562748 0.146165181391 0.741496036988
470410084 0.31408322223 0.54070343461 0.276191144481 0.549785336856 0.271840572591 0.521714002642 0.310644867027 0.518824306473
470410088 0.310013332398 0.511104689564 0.271209037962 0.514159511229 0.271279208477 0.48571664465 0.310083502912 0.48893659181
470410092 0.310644867027 0.481340819022 0.271770402077 0.478244715984 0.27633148551 0.45017338177 0.314153392744 0.459420409511
470410116 0.262578064697 0.550652245707 0.223072065118 0.559651585205 0.218932004772 0.53500660502 0.259209880008 0.530589498018
470410120 0.258367833836 0.523778071334 0.218160129114 0.528277741083 0.216826889341 0.503302509908 0.257245105607 0.503467635403
470410124 0.257245105607 0.496573645971 0.216756718827 0.496532364597 0.218230299628 0.471598414795 0.258438004351 0.47626321004
470410128 0.259139709494 0.469410501982 0.218932004772 0.464828269485 0.223142235633 0.440224570674 0.262578064697 0.449347754293
470410149 0.211353589222 0.539671400264 0.160129113746 0.547721268164 0.156901270086 0.505738110964
470410150 0.156901270086 0.505861955086 0.208757280191 0.506027080581 0.211353589222 0.539753963012
470410153 0.208757280191 0.494055482166 0.156901270086 0.494055482166 0.160269454775 0.452031043593
470410154 0.160269454775 0.452196169089 0.211423759736 0.460411162483 0.208757280191 0.494179326288
470410180 0.156620588029 0.573233157199 0.0935372956284 0.587640356671 0.0874324608799 0.551395310436 0.151778822539 0.544336195509
470410184 0.150585923795 0.534304821664 0.0863097326503 0.541529062087 0.0842747877342 0.504871202114 0.148972001965 0.505036327609
470410188 0.148972001965 0.495004953765 0.0842747877342 0.495004953765 0.0863799031647 0.458347093791 0.150656094309 0.465736459709
470410192 0.151778822539 0.455705085865 0.0874324608799 0.448439564069 0.0936776366571 0.412235799207 0.156690758543 0.426808124174
470410212 0.079011999158 0.579384081902 0.00856080275068 0.593378467635 0.00371903726054 0.562912813738 0.0751526208687 0.554573976222
470410216 0.0741000631535 0.545987450462 0.00273665005964 0.554408850727 0.000350852571747 0.523654227213 0.0721352887517 0.520970937913
470410220 0.0717844361799 0.512508256275 0.0 0.515315389696 0.0 0.484436922061 0.0718546066943 0.487409180978
470410224 0.0721352887517 0.478905217966 0.000350852571747 0.47605680317 0.00280682057399 0.445302179657 0.0741702336678 0.453888705416
470410228 0.0751526208687 0.445384742404 0.00371903726054 0.436922060766 0.00863097326503 0.406456406869 0.0790821696723 0.420615918098
470410340 0.339765630482 0.397374504624 0.306645147709 0.376981505945 0.323415900639 0.354029062087 0.352887516665 0.379499669749
470410344 0.35779945267 0.373596433289 0.328257666129 0.348249669749 0.348396603747 0.328228203435 0.373517647884 0.357950792602
470410348 0.379341800575 0.352914464993 0.354080415409 0.323274438573 0.377166514631 0.30659676354 0.397305452249 0.339910832232
470410372 0.296259911585 0.367899603699 0.262016700582 0.346309445178 0.276541997053 0.325957727873 0.308048557996 0.351345772787
470410376 0.312328959371 0.34589663144 0.280752227914 0.320591149273 0.297452810329 0.302014531044 0.325942039155 0.330746367239
470410380 0.330783804645 0.325875165125 0.302154234791 0.297184610304 0.320819591608 0.280589498018 0.345940635745 0.312334874505
470410384 0.35134376535 0.308000330251 0.326152550698 0.276296235139 0.346572170374 0.261889035667 0.367974177251 0.296235138705
470410405 0.267840853273 0.323852377807 0.225949056207 0.293345442536 0.253385727317 0.261393659181
470410406 0.253315556803 0.261476221929 0.289804224265 0.298257926024 0.267770682759 0.323976221929
470410409 0.298294856501 0.289712681638 0.261736018525 0.253013540291 0.293803943583 0.225767833554
470410410 0.293663602554 0.225850396301 0.324047435268 0.267874834875 0.298224685987 0.289795244386
470410436 0.205389095502 0.308949801849 0.150656094309 0.274521136063 0.171987930672 0.244592140026 0.222440530489 0.285089167768
470410440 0.228685706266 0.277121862616 0.178162935934 0.23678996037 0.202652445442 0.209420409511 0.24826327977 0.255325297226
470410444 0.255350501719 0.248183619551 0.209599326363 0.202402575958 0.237035997474 0.178005284016 0.277243702196 0.228698811096
470410448 0.285032629289 0.222382760898 0.244754754052 0.171771796565 0.27471756368 0.15055317041 0.309030945197 0.205457397622
470410468 0.146235351905 0.25838011889 0.086450073679 0.218378467635 0.104624236896 0.193444517834 0.160971159919 0.238110964333
470410472 0.166233948495 0.231382100396 0.109816854958 0.186839498018 0.129885622062 0.163432959049 0.182583678338 0.212351387054
470410476 0.188337660515 0.206035336856 0.135569433724 0.157199471598 0.157462634201 0.135402906209 0.206090800646 0.188325627477
470410480 0.212335976423 0.182504953765 0.16356746895 0.129706076618 0.187074591257 0.109684610304 0.231422356326 0.16624009247
470410484 0.238158725703 0.160873513871 0.193670619606 0.104400594452 0.218721493229 0.0863193527081 0.258508174865 0.146177344782
470410596 0.459336186934 0.314151254954 0.450284190583 0.276254953765 0.478352396323 0.271879128137 0.481229387411 0.310724900925
470410600 0.488877973476 0.310064398943 0.485860641359 0.271218626156 0.51427969967 0.271301188904 0.51105185601 0.310105680317
470410604 0.518770612589 0.310683619551 0.52185811522 0.271837846764 0.54992632096 0.276337516513 0.540663813066 0.314192536328
470410628 0.449371973897 0.262384412153 0.440460318574 0.222919418758 0.465090169111 0.218791281374 0.469440741001 0.259040620872
470410632 0.476247280893 0.258214993395 0.471756367974 0.218006935271 0.496737071083 0.216644649934 0.496596730054 0.257141677675
470410636 0.503543610975 0.257100396301 0.503543610975 0.21660336856 0.528454143569 0.218048216645 0.523822889622 0.258256274769
470410640 0.530629429514 0.258999339498 0.535190512946 0.218791281374 0.559820363483 0.223001981506 0.550698196618 0.262425693527
470410661 0.460388744649 0.211278071334 0.452319135499 0.160047886394 0.49428110308 0.156827939234
470410662 0.494210932566 0.156827939234 0.494070591537 0.208677344782 0.460318574135 0.211278071334
470410665 0.506139920006 0.208636063408 0.50621009052 0.15678665786 0.548172058101 0.160171730515
470410666 0.548031717072 0.160130449141 0.539821766894 0.211319352708 0.506069749491 0.208594782034
470410692 0.42684723879 0.156621532365 0.412392112834 0.0935023117569 0.448670268753 0.0874339498018 0.455687320188 0.151750330251
470410696 0.46572170374 0.15055317041 0.458494140762 0.0862780713342 0.495193319767 0.0842552840159 0.494982808224 0.14894319683
470410700 0.505017191776 0.14894319683 0.505017191776 0.0842552840159 0.541716370781 0.0863193527081 0.53427829626 0.150594451783
470410704 0.544382850326 0.151709048877 0.551610413304 0.0874339498018 0.587818398709 0.0936261558785 0.573222931724 0.156662813738
470410724 0.420672233527 0.0790538309115 0.406638130657 0.00854524438573 0.4371623044 0.00375660501982 0.445442425093 0.0751733817701
470410728 0.453933057329 0.074141347424 0.445512595607 0.00276585204756 0.476247280893 0.000371532364597 0.478983930952 0.0722011228534
470410732 0.487544733703 0.0718295904888 0.484737913129 0.0 0.515612939443 4.12813738441e-05 0.51266577784 0.0718708718626
470410736 0.521156410076 0.0722011228534 0.52396323065 0.000330250990753 0.55476808645 0.0028071334214 0.546137113185 0.0741826287979
470410740 0.554627745421 0.0751733817701 0.563118377658 0.00375660501982 0.593572380886 0.00862780713342 0.579397936987 0.0790951122853
470410852 0.602624377237 0.339828269485 0.622903655884 0.30659676354 0.645919584591 0.323274438573 0.62058802891 0.35287318362
470410856 0.626412181601 0.357868229855 0.651673566767 0.328186922061 0.671742333871 0.348290951123 0.642130376816 0.373555151915
470410860 0.647112483335 0.379458388375 0.676654269876 0.354070343461 0.693354852291 0.377022787318 0.660164199004 0.397374504624
470410884 0.632166163778 0.296152575958 0.653638341169 0.261847754293 0.673987790331 0.276337516513 0.648726405165 0.307917767503
470410888 0.654199705284 0.312293593131 0.679390919935 0.280589498018 0.697986106238 0.297267173052 0.669356536383 0.325833883752
470410892 0.674198301874 0.330705085865 0.702757701214 0.302055812417 0.719458283629 0.320673712021 0.687741211143 0.34589663144
470410896 0.692021612518 0.351221928666 0.723598343976 0.325916446499 0.738053469932 0.346309445178 0.703810258929 0.367817040951
470410917 0.676163076275 0.267916116248 0.706617079503 0.225932959049 0.738614834047 0.253302509908
470410918 0.738544663532 0.25321994716 0.701845484527 0.28983652576 0.676092905761 0.267833553501
470410921 0.710336116764 0.298299207398 0.74689495474 0.261641347424 0.774261455336 0.293675693527
470410922 0.774191284822 0.293551849406 0.732229317241 0.323976221929 0.710195775735 0.298257926024
470410948 0.691039225318 0.205416116248 0.725352606835 0.150594451783 0.755315416462 0.171854359313 0.714897200196 0.222382760898
470410952 0.722826468318 0.228657529723 0.76303417304 0.17804656539 0.790470844151 0.202526420079 0.744649498281 0.248224900925
470410956 0.751806890745 0.2553665786 0.797487895586 0.209544253633 0.821977405094 0.236913804491 0.771314293734 0.277204425363
470410960 0.777559469511 0.285089167768 0.828082239843 0.2446334214 0.849343905691 0.274603698811 0.794540733984 0.308991083223
470410980 0.741632166164 0.146218626156 0.781489018315 0.0864019154557 0.806469721423 0.104565719947 0.761911444811 0.160956076618
470410984 0.768647814188 0.166281373844 0.813065749772 0.109767173052 0.836572872079 0.12982992074 0.787664023577 0.182546235139
470410988 0.793979369869 0.188366908851 0.842747877342 0.135568031704 0.864570907305 0.157364597094 0.811732509999 0.206117899604
470410992 0.81755666269 0.212433949802 0.870254718967 0.163598084544 0.890323486071 0.187045904888 0.83383622202 0.231505944518
470410996 0.839099010596 0.238152245707 0.895445933619 0.193609643329 0.913620096835 0.218543593131 0.853834818609 0.258462681638
470411108 0.685846607256 0.459337846764 0.72366851449 0.450049537649 0.728159427409 0.478120871863 0.689355132973 0.481216974901
470411112 0.689916497088 0.488895310436 0.728720791523 0.485675363276 0.728790962038 0.514118229855 0.689986667602 0.51106340819
470411116 0.689284962459 0.518741743725 0.728159427409 0.521631439894 0.723738685005 0.549702774108 0.685846607256 0.540662153236
470411140 0.737492105817 0.449347754293 0.776927934882 0.440265852048 0.781138165743 0.464869550859 0.74093046102 0.469410501982
470411144 0.741632166164 0.47626321004 0.781839870886 0.471639696169 0.783313451688 0.496573645971 0.742825064908 0.496573645971
470411148 0.742825064908 0.503508916777 0.783243281173 0.503343791281 0.781910041401 0.528319022457 0.741702336678 0.523819352708
470411152 0.740860290506 0.530672060766 0.781067995228 0.535047886394 0.776998105396 0.559692866579 0.737492105817 0.550734808454
470411173 0.788646410778 0.460452443857 0.839800715739 0.452237450462 0.843168900428 0.494220607662
470411174 0.843168900428 0.49409676354 0.791312890323 0.49409676354 0.788646410778 0.46036988111
470411177 0.791242719809 0.506068361955 0.843098729914 0.505944517834 0.839800715739 0.547927675033
470411178 0.839870886254 0.547803830911 0.788646410778 0.539712681638 0.791242719809 0.505985799207
470411204 0.843449582485 0.426890686922 0.906462704372 0.412359643329 0.912707880149 0.448604689564 0.84836151849 0.455787648613
470411208 0.84948424672 0.465819022457 0.913760437864 0.458388375165 0.915865553295 0.495087516513 0.851168339064 0.495087516513
470411212 0.85109816855 0.505118890357 0.91579538278 0.504953764861 0.913760437864 0.541611624835 0.84948424672 0.534387384412
470411216 0.848291347976 0.544418758256 0.912637709634 0.551477873184 0.906532874886 0.587722919419 0.843449582485 0.573315719947
470411236 0.920917830328 0.420739762219 0.991439197249 0.406621532365 0.996280962739 0.437087186262 0.924847379131 0.4455498679
470411240 0.925829766332 0.454012549538 0.99726334994 0.445467305152 0.999649147428 0.476221928666 0.927864711248 0.479029062087
470411244 0.928145393306 0.487615587847 1.0 0.484684610304 1.0 0.515563077939 0.928145393306 0.512714663144
470411248 0.927794540734 0.521177344782 0.999649147428 0.523860634082 0.99726334994 0.55465653897 0.925899936847 0.546193857332
470411252 0.924847379131 0.554739101717 0.996210792225 0.563077939234 0.991439197249 0.593543593131 0.920917830328 0.579549207398
470411364 0.660234369518 0.602708058124 0.69349519332 0.62285336856 0.676934951933 0.645929656539 0.647252824363 0.620665455746
470411368 0.64220054733 0.626486129458 0.671952845414 0.651626486129 0.65188407831 0.671771796565 0.62655252263 0.642214332893
470411372 0.620658199425 0.64712681638 0.646130096134 0.676601717305 0.623184337941 0.693361955086 0.602764718265 0.660213011889
470411396 0.7036699179 0.632059114927 0.738053469932 0.653442866579 0.723598343976 0.673877146631 0.691951442004 0.648654227213
470411400 0.687600870114 0.654062087186 0.719317942601 0.679161162483 0.7026875307 0.697820343461 0.674057960845 0.669253632761
470411404 0.66914602484 0.674083553501 0.697845765209 0.702567701453 0.679320749421 0.71928665786 0.653989193741 0.687665125495
470411408 0.648586064136 0.691917107001 0.673917619816 0.723497357992 0.653568170655 0.737987120211 0.632025822749 0.703723579921
470411429 0.732018805698 0.676147622193 0.774050943793 0.706489431968 0.746754613711 0.738565059445
470411430 0.746824784226 0.738482496697 0.710195775735 0.701865918098 0.732088976212 0.676065059445
470411433 0.701705143499 0.710204755614 0.738474493018 0.746738771466 0.706476738474 0.774149603699
470411434 0.706546908989 0.774067040951 0.676092905761 0.732166446499 0.701775314013 0.710122192867
470411460 0.794400392955 0.691050198151 0.849343905691 0.725313738441 0.828082239843 0.755325297226 0.777489298997 0.71499339498
470411464 0.771173952705 0.722795574637 0.82190723458 0.763003632761 0.797487895586 0.790455746367 0.75173672023 0.744715984148
470411468 0.744509157252 0.751775099075 0.790400673637 0.797391017173 0.76303417304 0.82195343461 0.722686127289 0.771342470277
470411472 0.714756859168 0.777617239102 0.755245245948 0.828063077939 0.725352606835 0.849405548217 0.690898884289 0.794583883752
470411492 0.853694477581 0.741578599736 0.913549926321 0.781415125495 0.895445933619 0.806390356671 0.838958669567 0.761889035667
470411496 0.833695880991 0.768535336856 0.890253315557 0.812912813738 0.870184548453 0.83644319683 0.817416321662 0.787648612946
470411500 0.811521998456 0.793964663144 0.864430566276 0.842635402906 0.842607536313 0.86447324967 0.79383902884 0.811715653897
470411504 0.787523682549 0.817453764861 0.83643253105 0.870128797886 0.812995579258 0.890191545575 0.76850747316 0.83375990753
470411508 0.761700933268 0.839043923382 0.806329380394 0.895434280053 0.7814188478 0.913598084544 0.741421654621 0.853822655218
