# Xscale/Yscale
# 242.6/142.706
344065284 0.71149629019 0.490897369417 0.725601813685 0.489341723544 0.722481450948 0.461129875408 0.708380049464 0.462692528695
344065288 0.791265457543 0.487491766289 0.819451772465 0.484205289196 0.814525968673 0.441922554062 0.786335531739 0.445209031155
344065292 0.892011541632 0.481437360728 0.920185490519 0.478045772427 0.913408903545 0.421692150295 0.885230832646 0.425083738595
344065296 0.985915086562 0.476321948622 1.0 0.47460513223 0.99138911789 0.404173615685 0.977304204452 0.405897439491
344065540 0.745923330585 0.48475887489 0.773990107172 0.480561433997 0.767695795548 0.438460891623 0.739629018961 0.442651325102
344065544 0.848631492168 0.478319061567 0.876718878813 0.474261768952 0.868606760099 0.418083332165 0.840519373454 0.422140624781
344065548 0.951372629843 0.471914285314 0.979472382523 0.467934074251 0.969521846661 0.397684750466 0.941422093982 0.401664961529
344066308 0.701933223413 0.436470786092 0.715152514427 0.431313329503 0.704843363561 0.40487435707 0.691619950536 0.410031813659
344066312 0.778099752679 0.412533460401 0.804480626546 0.402064384118 0.788775762572 0.362493518142 0.762399010717 0.372962594425
344066316 0.87384995878 0.380607682929 0.900189612531 0.370047510266 0.879056059357 0.317365772988 0.852716405606 0.327932953064
344066320 0.963231657049 0.351365744958 0.97638911789 0.346061132678 0.949843363561 0.280261516685 0.936685902721 0.285573136378
344066564 0.733598516076 0.42162908357 0.75962489695 0.410305102799 0.74264633141 0.371266800275 0.716624072547 0.382583773633
344066568 0.831141797197 0.388827379367 0.857221764221 0.377636539459 0.834847485573 0.325473350805 0.808763396538 0.336664190714
344066572 0.928722176422 0.356046697406 0.954835119538 0.344925931636 0.927044517725 0.279644864266 0.900931574608 0.290765630037
344067332 0.67861088211 0.386367777108 0.690045342127 0.377965887909 0.673239901072 0.355100696537 0.661805441055 0.363502585736
344067336 0.745985160758 0.343538463695 0.768759274526 0.32659453702 0.743347073372 0.292440401945 0.720577081616 0.309377321206
344067340 0.830210222589 0.287920620016 0.85291426216 0.270892604375 0.818870568838 0.225477555253 0.796162407255 0.242505570894
344067344 0.908977741138 0.236542261713 0.920317394889 0.228007231651 0.87764633141 0.171317253654 0.86631079967 0.179852283716
344067588 0.705354492993 0.3638389416 0.727563891179 0.346166243886 0.701063478978 0.312852998472 0.678854080791 0.330518688773
344067592 0.791084089035 0.306910711533 0.813380049464 0.28935013244 0.778264633141 0.244754950738 0.755968672712 0.262315529831
344067596 0.876854905194 0.249989488879 0.899200329761 0.232491976511 0.855461665293 0.176628873348 0.833116240725 0.194126385716
344068356 0.643116240725 0.344014967836 0.651986809563 0.332936246549 0.629835119538 0.31520048211 0.620964550701 0.326272195983
344068360 0.697110469909 0.285201743445 0.714719703215 0.262946197077 0.681335531739 0.236528246885 0.663726298434 0.258783793253
344068364 0.764068425392 0.209682844449 0.781595218467 0.187364231357 0.736953833471 0.152306139896 0.719427040396 0.174624752989
344068368 0.826854905194 0.139664765322 0.835593569662 0.128487940241 0.779707337181 0.0847756926829 0.770964550701 0.0959525177638
344068612 0.663116240725 0.315326615559 0.679995877988 0.292510476084 0.64577493817 0.267192689866 0.628895300907 0.290008829341
344068616 0.731191261336 0.238153966897 0.74818219291 0.215421916388 0.702720527617 0.181435959245 0.685729596043 0.204168009754
344068620 0.799307502061 0.160967303407 0.81636438582 0.138284304794 0.759653751031 0.0956511989685 0.742596867271 0.118334197581
344069380 0.597868920033 0.312285397951 0.603569661995 0.299293652685 0.577580379225 0.287892590361 0.571879637263 0.300884335627
344069384 0.634798021434 0.241503510714 0.646046990932 0.215449946043 0.606966199505 0.198576093507 0.595717230008 0.224629658178
344069388 0.679929925804 0.151226998164 0.691084089035 0.12513138901 0.638891178895 0.102826790745 0.627737015664 0.128922399899
344069392 0.722452596867 0.0673482544532 0.728004946414 0.0542864350483 0.662708161583 0.0265300688128 0.657159934048 0.0395918882177
344069636 0.609760923331 0.279399604782 0.62016075845 0.252995669418 0.580552349547 0.237397166202 0.570152514427 0.263801101565
344069640 0.655539983512 0.187238097908 0.666071723001 0.160883214441 0.613363561418 0.139818928426 0.602831821929 0.166173811893
344069644 0.701360263809 0.0950555687918 0.711966199505 0.0687357223943 0.646154163232 0.042226675823 0.635548227535 0.0685465222205
344070404 0.545948062655 0.293358373159 0.548095630668 0.279329530643 0.520041220115 0.275040993371 0.517893652102 0.289062828473
344070408 0.563301731245 0.215421916388 0.567423742786 0.187343209115 0.525305028854 0.181162670105 0.521183017312 0.209241377377
344070412 0.58352844188 0.116547307051 0.587547403133 0.088447577537 0.531360263809 0.0804100738581 0.527341302556 0.108509803372
344070416 0.602897774114 0.0245119336258 0.604876339654 0.0104620688689 0.53462489695 0.000553585693664 0.532642209398 0.0146034504506
344070660 0.548924154988 0.258510504113 0.552135201979 0.230312670806 0.50983924155 0.225498577495 0.506628194559 0.253696410803
344070664 0.569291014015 0.157638781831 0.572642209398 0.129454963351 0.516281945589 0.122748868303 0.512930750206 0.150932686783
344070668 0.589690849134 0.0567390298936 0.593120362737 0.0285692262414 0.522691673537 0.0199921516965 0.519262159934 0.0481619553488
344071428 0.490898598516 0.288502235365 0.489340478153 0.274403318711 0.461133553174 0.277514610458 0.462691673537 0.291620534526
344071432 0.487489694971 0.208736843581 0.484204451772 0.180546017687 0.441920857378 0.185472229619 0.445206100577 0.213663055513
344071436 0.481438582028 0.107991254748 0.478050288541 0.0798144436814 0.421694146744 0.0865906128684 0.425082440231 0.114767423935
344071440 0.476323165705 0.0140849018261 0.474604286892 0.0 0.404175597692 0.00861211161409 0.405898598516 0.0226970134402
344071684 0.484756801319 0.25407481115 0.48056059357 0.226010118706 0.438458367683 0.232302776337 0.442654575433 0.260367468782
344071688 0.478322341303 0.151367146441 0.474262159934 0.123281431755 0.418087386645 0.131396016986 0.422143446002 0.159481731672
344071692 0.471912613355 0.0486314520763 0.467930750206 0.0205317225625 0.397683429514 0.0304752428069 0.401661170651 0.0585749723207
344072452 0.43647155812 0.298067355262 0.431314921682 0.284844365339 0.404876339654 0.295159278517 0.410028854081 0.308375261026
344072456 0.412530915087 0.221896766779 0.402065127782 0.195520861071 0.362493816983 0.211224475495 0.372963726298 0.237600381203
344072460 0.380610057708 0.126154471431 0.370045342127 0.0998136027918 0.317366034625 0.120940955531 0.327930750206 0.14728182417
344072464 0.351368507832 0.0367679004387 0.346059356966 0.0236079772399 0.280259686727 0.0501590682943 0.285568837593 0.063318991493
344072708 0.421624072547 0.266400852102 0.410309150866 0.240375317085 0.371269579555 0.257354280829 0.382588623248 0.283379815845
344072712 0.388825226711 0.168857651395 0.377638087387 0.142776057068 0.325474031327 0.165157736886 0.336665292663 0.191239331212
344072716 0.356046990932 0.0712794136196 0.344929925804 0.0451627822236 0.279649629019 0.0729541855283 0.290762572135 0.0990708169243
344073476 0.386372629843 0.321388028534 0.37796784831 0.309951929141 0.355098928277 0.326755707539 0.363499587799 0.338191806932
344073480 0.343536685903 0.254011744426 0.326595218467 0.231244656847 0.292440230833 0.256653539445 0.309377576257 0.279420627023
344073484 0.287918384171 0.169789637436 0.270894476505 0.147085616582 0.22548227535 0.181127633036 0.242502061006 0.203838661304
344073488 0.236537510305 0.0910192984177 0.228004946414 0.0796813028184 0.171319868096 0.122356453127 0.179854080791 0.133694448727
344073732 0.363837592745 0.294647737306 0.346166529266 0.272434235421 0.312852431987 0.298936274579 0.330523495466 0.321149776463
344073736 0.306908491344 0.20891903634 0.289352844188 0.186621445489 0.244756801319 0.221735596261 0.262316570486 0.244033187112
344073740 0.249987633965 0.123141283478 0.232493816983 0.100801648144 0.176629018961 0.144541925357 0.19412489695 0.166881560691
344074500 0.344014839242 0.356887587067 0.332938994229 0.348016201141 0.315197856554 0.370166636301 0.326273701566 0.379038022228
344074504 0.285201978566 0.302888455986 0.262943116241 0.285278824997 0.236529266282 0.318662144549 0.258784006595 0.336271775539
344074508 0.209681368508 0.235932616708 0.18736067601 0.218407074685 0.152305028854 0.26304430087 0.174625721352 0.280576850308
344074512 0.139663231657 0.173146188668 0.128485985161 0.164407943604 0.0847765869744 0.220292069009 0.0959538334707 0.229037321486
344074756 0.315325638912 0.336881420543 0.292510305029 0.320007568007 0.26719291014 0.354224769806 0.290008244023 0.371105629756
344074760 0.238149216818 0.268811402464 0.215420445177 0.251818423892 0.181434460016 0.297275517498 0.204164880462 0.314268496069
344074764 0.160970321517 0.200692332488 0.138287304204 0.183636287192 0.0956475680132 0.24034728743 0.118330585326 0.257403332726
344075524 0.312287716406 0.402134458257 0.299295136026 0.396430423388 0.287889530091 0.422420921335 0.300886232481 0.42811794879
344075528 0.241504534213 0.365198379886 0.215449299258 0.353951480667 0.198573371805 0.393031827674 0.224629018961 0.404285734307
344075532 0.151228359439 0.320070634732 0.125131904369 0.308914831892 0.102824814509 0.361113057615 0.12892126958 0.372261853041
344075536 0.0673458367683 0.277542640113 0.0542868920033 0.271992768349 0.0265317394889 0.337287850546 0.0395906842539 0.342844729724
344075780 0.279402308326 0.390242876964 0.252996702391 0.379836867406 0.237394888706 0.419449777865 0.263800494641 0.429848780009
344075784 0.187236603462 0.344456434908 0.160882522671 0.333931299315 0.139820692498 0.386634058834 0.166174773289 0.397166201842
344075788 0.0950581203627 0.298641963197 0.0687333058533 0.288032738637 0.0422234130256 0.353846369459 0.068548227535 0.364448586605
344076548 0.293355317395 0.454052387426 0.279328112119 0.45190811879 0.275037098104 0.479958796407 0.28906430338 0.482103065043
344076552 0.215424567189 0.436695023335 0.187344187964 0.432574663995 0.181159521847 0.47469622861 0.209238252267 0.47881658795
344076556 0.116544517725 0.416471626981 0.0884505358615 0.412449371435 0.0804122011542 0.468641823049 0.108506183017 0.472657071181
344076560 0.0245127782358 0.397103135117 0.0104616652927 0.395120036999 0.000551937345425 0.465376368198 0.0146030502885 0.467359466315
344076804 0.258511953833 0.451074236542 0.230313272877 0.447864841002 0.225494641385 0.490161590963 0.253693322341 0.493370986504
344076808 0.15763561418 0.430710691912 0.129453833471 0.427354140681 0.122751442704 0.483721777641 0.150933223413 0.487071321458
344076812 0.056737840066 0.410305102799 0.0285655399835 0.406878477429 0.0199925803792 0.477309993974 0.0481648804617 0.480736619343
344077572 0.28850370981 0.509102630583 0.274398186315 0.510658276456 0.277518549052 0.538870124592 0.291619950536 0.537307471305
344077576 0.208736191261 0.512508233711 0.180546990932 0.515794710804 0.185473619126 0.558077445938 0.213664468261 0.554790968845
344077580 0.107990107172 0.518562639272 0.0798132728772 0.521954227573 0.0865910964551 0.578307849705 0.11476793075 0.574916261405
344077584 0.0140849134378 0.523678051378 0.0 0.52539486777 0.00861129431162 0.595826384315 0.0226962077494 0.594102560509
344077828 0.254076669415 0.51524112511 0.226009892828 0.519438566003 0.232304204452 0.561539108377 0.260370981039 0.557348674898
344077832 0.151368507832 0.521680938433 0.123279884584 0.525738231048 0.131394064303 0.581916667835 0.159482687552 0.577859375219
344077836 0.0486290189613 0.528085714686 0.0205292662819 0.532065925749 0.0304769167354 0.602315249534 0.0585766694147 0.598335038471
344078596 0.298066776587 0.563529213908 0.284847485573 0.568686670497 0.295156636439 0.59512564293 0.308380049464 0.589968186341
344078600 0.221900247321 0.587466539599 0.195519785655 0.597935615882 0.211223000824 0.637506481858 0.237600989283 0.627037405575
344078604 0.126151277824 0.619392317071 0.0998112118714 0.629952489734 0.120943528442 0.682634227012 0.147283594394 0.672067046936
344078608 0.036769991756 0.648634255042 0.0236108821105 0.653938867322 0.0501562242374 0.719738483315 0.0633153338829 0.714426863622
344078852 0.266401483924 0.57837091643 0.24037510305 0.589694897201 0.25735366859 0.628733199725 0.283375927453 0.617416226367
344078856 0.168859027205 0.611172620633 0.142777411377 0.622363460541 0.165154575433 0.674526649195 0.191236191261 0.663335809286
344078860 0.0712774113768 0.643953302594 0.0451648804617 0.655074068364 0.0729554822754 0.720355135734 0.0990680131904 0.709234369963
344079620 0.32138911789 0.613632222892 0.309954657873 0.622034112091 0.326760098928 0.644899303463 0.338194558945 0.636497414264
344079624 0.254014839242 0.656461536305 0.231240725474 0.67340546298 0.256652926628 0.707559598055 0.279422918384 0.690622678794
344079628 0.169791426216 0.712079379984 0.147083676834 0.729107395625 0.181130255565 0.774522444747 0.203838004946 0.757494429106
344079632 0.0910210222589 0.763457738287 0.0796838417148 0.771992768349 0.122354080791 0.828682746346 0.133691261336 0.820147716284
344079876 0.294645507007 0.6361610584 0.272436108821 0.653833756114 0.298936521022 0.687147001528 0.321145919209 0.669481311227
344079880 0.208916323166 0.693089288467 0.186619126134 0.71064986756 0.221735366859 0.755245049262 0.244031327288 0.737684470169
344079884 0.123144270404 0.750010511121 0.100798845837 0.767508023489 0.144538334707 0.823371126652 0.166883759275 0.805873614284
344080644 0.356883759275 0.655985032164 0.348013190437 0.667063753451 0.370164880462 0.68479951789 0.379035449299 0.673727804017
344080648 0.302889530091 0.714798256555 0.285280296785 0.737053802923 0.318664468261 0.763471753115 0.336273701566 0.741216206747
344080652 0.235931574608 0.790317155551 0.218404781533 0.812635768643 0.263046166529 0.847693860104 0.280572959604 0.825375247011
344080656 0.17314633141 0.860335234678 0.164404369332 0.871512059759 0.220292662819 0.915224307317 0.229035449299 0.904047482236
344080900 0.336883759275 0.684673384441 0.320004122012 0.707489523916 0.35422506183 0.732807310134 0.371104699093 0.709991170659
344080904 0.268808738664 0.761846033103 0.25181780709 0.784578083612 0.297279472383 0.818564040755 0.314270403957 0.795831990246
344080908 0.200693322341 0.839032696593 0.183637262984 0.861715695206 0.240346248969 0.904348801031 0.257403132729 0.881665802419
344081668 0.402131079967 0.687714602049 0.396430338005 0.700706347315 0.422419620775 0.712107409639 0.428120362737 0.699115664373
344081672 0.365201978566 0.758496489286 0.353953009068 0.784550053957 0.393033800495 0.801423906493 0.404282769992 0.775370341822
344081676 0.320070074196 0.848773001836 0.308915910965 0.87486861099 0.361108821105 0.897173209255 0.372262984336 0.871077600101
344081680 0.277547403133 0.932651745547 0.271995053586 0.945713564952 0.337291838417 0.973469931187 0.342840065952 0.960408111782
344081924 0.390239076669 0.720600395218 0.37983924155 0.747004330582 0.419447650453 0.762602833798 0.429847485573 0.736198898435
344081928 0.344460016488 0.812761902092 0.333928276999 0.839116785559 0.386636438582 0.860181071574 0.397168178071 0.833826188107
344081932 0.298639736191 0.904944431208 0.288033800495 0.931264277606 0.353845836768 0.957773324177 0.364451772465 0.931453477779
344082692 0.454051937345 0.706641626841 0.451904369332 0.720670469357 0.479958779885 0.724959006629 0.482106347898 0.710937171527
344082696 0.436698268755 0.784578083612 0.432576257214 0.812656790885 0.474694971146 0.818837329895 0.478816982688 0.790758622623
344082700 0.41647155812 0.883452692949 0.412452596867 0.911552422463 0.468639736191 0.919589926142 0.472658697444 0.891490196628
344082704 0.397102225886 0.975488066374 0.395123660346 0.989537931131 0.46537510305 0.999446414306 0.467357790602 0.985396549549
344082948 0.451075845012 0.741489495887 0.447864798021 0.769687329194 0.49016075845 0.774501422505 0.493371805441 0.746303589197
344082952 0.430708985985 0.842361218169 0.427357790602 0.870545036649 0.483718054411 0.877251131697 0.487069249794 0.849067313217
344082956 0.410309150866 0.943260970106 0.406879637263 0.971430773759 0.477308326463 0.980007848304 0.480737840066 0.951838044651
344083716 0.509101401484 0.711497764635 0.510659521847 0.725596681289 0.538866446826 0.722485389542 0.537308326463 0.708379465474
344083720 0.512510305029 0.791263156419 0.515795548228 0.819453982313 0.558079142622 0.814527770381 0.554793899423 0.786336944487
344083724 0.518561417972 0.892008745252 0.521949711459 0.920185556319 0.578305853256 0.913409387132 0.574917559769 0.885232576065
344083728 0.523676834295 0.985915098174 0.525395713108 1.0 0.595824402308 0.991387888386 0.594101401484 0.97730298656
344083972 0.515243198681 0.74592518885 0.51943940643 0.773989881294 0.561541632317 0.767697223663 0.557345424567 0.739632531218
344083976 0.521677658697 0.848632853559 0.525737840066 0.876718568245 0.581912613355 0.868603983014 0.577856553998 0.840518268328
344083980 0.528087386645 0.951368547924 0.532069249794 0.979468277438 0.602316570486 0.969524757193 0.598338829349 0.941425027679
344084740 0.56352844188 0.701932644738 0.568685078318 0.715155634661 0.595123660346 0.704840721483 0.589971145919 0.691624738974
344084744 0.587469084913 0.778103233221 0.597934872218 0.804479138929 0.637506183017 0.788775524505 0.627036273702 0.762399618797
344084748 0.619389942292 0.873845528569 0.629954657873 0.900186397208 0.682633965375 0.879059044469 0.672069249794 0.85271817583
344084752 0.648631492168 0.963232099561 0.653940643034 0.97639202276 0.719740313273 0.949840931706 0.714431162407 0.936681008507
344084996 0.578375927453 0.733599147898 0.589690849134 0.759624682915 0.628730420445 0.742645719171 0.617411376752 0.716620184155
344085000 0.611174773289 0.831142348605 0.622361912613 0.857223942932 0.674525968673 0.834842263114 0.663334707337 0.808760668788
344085004 0.643953009068 0.92872058638 0.655070074196 0.954837217776 0.720350370981 0.927045814472 0.709237427865 0.900929183076
344085764 0.613627370157 0.678611971466 0.62203215169 0.690048070859 0.644901071723 0.673244292461 0.636500412201 0.661808193068
344085768 0.656463314097 0.745988255574 0.673404781533 0.768755343153 0.707559769167 0.743346460555 0.690622423743 0.720579372977
344085772 0.712081615829 0.830210362564 0.729105523495 0.852914383418 0.77451772465 0.818872366964 0.757497938994 0.796161338696
344085776 0.763462489695 0.908980701582 0.771995053586 0.920318697182 0.828680956307 0.877643546873 0.820144270404 0.866305551273
344086020 0.636162407255 0.705352262694 0.653833470734 0.727565764579 0.687147568013 0.701063725421 0.669476504534 0.678850223537
344086024 0.693091508656 0.79108096366 0.710647155812 0.813378554511 0.755243198681 0.778264403739 0.737683429514 0.755966812888
344086028 0.750012366035 0.876858716522 0.767506183017 0.899198351856 0.823371805441 0.855458074643 0.805873866447 0.833118439309
344086788 0.655985160758 0.643112412933 0.667061005771 0.651983798859 0.684802143446 0.629833363699 0.673726298434 0.620961977772
344086792 0.714798021434 0.697111544014 0.737056883759 0.714721175003 0.763470733718 0.681337855451 0.741215993405 0.663728224461
344086796 0.790317394889 0.764067383292 0.812638087387 0.781592925315 0.847695795548 0.73695569913 0.82537510305 0.719423149692
344086800 0.860338004946 0.826853811332 0.871512778236 0.835592056396 0.915222588623 0.779707930991 0.904047815334 0.770962678514
344087044 0.684674361088 0.663118579457 0.707489694971 0.679992431993 0.73280708986 0.645775230194 0.709991755977 0.628894370244
344087048 0.761850783182 0.731188597536 0.784579554823 0.748181576108 0.818565539984 0.702724482502 0.795836768343 0.685731503931
344087052 0.839031327288 0.799307667512 0.861714756801 0.816363712808 0.904352844188 0.75965271257 0.881669414674 0.742596667274
344087812 0.687712283594 0.597865541743 0.700704863974 0.603569576612 0.712110469909 0.577579078665 0.699113767519 0.57188205121
344087816 0.758495465787 0.634801620114 0.784550700742 0.646048519333 0.801426215993 0.606968172326 0.775370981039 0.595714265693
344087820 0.848771640561 0.679929365268 0.874868095631 0.691085168108 0.897176422094 0.638886942385 0.871079967024 0.627738146959
344087824 0.932654575433 0.722457359887 0.945713107997 0.728007231651 0.973466611707 0.662712149454 0.960408079143 0.657155270276
344088068 0.720597691674 0.609757123036 0.747003297609 0.620163132594 0.762605111294 0.580550222135 0.736199505359 0.570151219991
344088072 0.812761747733 0.655543565092 0.83911788953 0.666068700685 0.860177246496 0.613365941166 0.833825226711 0.602833798158
344088076 0.904942291838 0.701358036803 0.931265457543 0.711967261363 0.957778235779 0.646153630541 0.931450948063 0.635551413395
344088836 0.706644682605 0.545947612574 0.720671887881 0.54809188121 0.724962901896 0.520041203593 0.71093569662 0.517896934957
344088840 0.784575432811 0.563304976665 0.812654575433 0.567425336005 0.818841714757 0.52530377139 0.790762572135 0.52118341205
344088844 0.883454245672 0.583528373019 0.91154987634 0.587550628565 0.919587798846 0.531358176951 0.891492168178 0.527342928819
344088848 0.975486397362 0.602896864883 0.989538334707 0.604879963001 0.999447650453 0.534623631802 0.985395713108 0.532640533685
344089092 0.741488046167 0.548925763458 0.769686727123 0.552135158998 0.774505358615 0.509838409037 0.746306677659 0.506629013496
344089096 0.842366034625 0.569289308088 0.870544105523 0.572645859319 0.87724649629 0.516278222359 0.849068425392 0.512928678542
344089100 0.943260511129 0.589694897201 0.971434460016 0.593121522571 0.980008244023 0.522690006026 0.951834295136 0.519263380657
