# Xscale/Yscale
# 273.047/317.95
436228133 0.420561295308 1.0 0.495328643054 1.0 0.495328643054 0.976191225035
436228134 0.495328643054 0.976191225035 0.420561295308 0.976191225035 0.420561295308 1.0
436228137 0.336447571297 1.0 0.411214919043 1.0 0.411214919043 0.976191225035
436228138 0.411214919043 0.976191225035 0.336447571297 0.976191225035 0.336447571297 1.0
436228141 0.25233750966 1.0 0.327104857406 1.0 0.327104857406 0.976191225035
436228142 0.327104857406 0.976191225035 0.25233750966 0.976191225035 0.25233750966 1.0
436228145 0.168223785649 1.0 0.242991133395 1.0 0.242991133395 0.976191225035
436228146 0.242991133395 0.976191225035 0.168223785649 0.976191225035 0.168223785649 1.0
436228149 0.0841137240109 1.0 0.158881071757 1.0 0.158881071757 0.976191225035
436228150 0.158881071757 0.976191225035 0.0841137240109 0.976191225035 0.0841137240109 1.0
436228153 0.0 1.0 0.074767347746 1.0 0.074767347746 0.976191225035
436228154 0.074767347746 0.976191225035 0.0 0.976191225035 0.0 1.0
436228165 0.420561295308 0.976191225035 0.495328643054 0.976191225035 0.495328643054 0.952382450071
436228166 0.495328643054 0.952382450071 0.420561295308 0.952382450071 0.420561295308 0.976191225035
436228169 0.336447571297 0.976191225035 0.411214919043 0.976191225035 0.411214919043 0.952382450071
436228170 0.411214919043 0.952382450071 0.336447571297 0.952382450071 0.336447571297 0.976191225035
436228173 0.25233750966 0.976191225035 0.327104857406 0.976191225035 0.327104857406 0.952382450071
436228174 0.327104857406 0.952382450071 0.25233750966 0.952382450071 0.25233750966 0.976191225035
436228177 0.168223785649 0.976191225035 0.242991133395 0.976191225035 0.242991133395 0.952382450071
436228178 0.242991133395 0.952382450071 0.168223785649 0.952382450071 0.168223785649 0.976191225035
436228181 0.0841137240109 0.976191225035 0.158881071757 0.976191225035 0.158881071757 0.952382450071
436228182 0.158881071757 0.952382450071 0.0841137240109 0.952382450071 0.0841137240109 0.976191225035
436228185 0.0 0.976191225035 0.074767347746 0.976191225035 0.074767347746 0.952382450071
436228186 0.074767347746 0.952382450071 0.0 0.952382450071 0.0 0.976191225035
436228197 0.420561295308 0.952382450071 0.495328643054 0.952382450071 0.495328643054 0.928573675106
436228198 0.495328643054 0.928573675106 0.420561295308 0.928573675106 0.420561295308 0.952382450071
436228201 0.336447571297 0.952382450071 0.411214919043 0.952382450071 0.411214919043 0.928573675106
436228202 0.411214919043 0.928573675106 0.336447571297 0.928573675106 0.336447571297 0.952382450071
436228205 0.25233750966 0.952382450071 0.327104857406 0.952382450071 0.327104857406 0.928573675106
436228206 0.327104857406 0.928573675106 0.25233750966 0.928573675106 0.25233750966 0.952382450071
436228209 0.168223785649 0.952382450071 0.242991133395 0.952382450071 0.242991133395 0.928573675106
436228210 0.242991133395 0.928573675106 0.168223785649 0.928573675106 0.168223785649 0.952382450071
436228213 0.0841137240109 0.952382450071 0.158881071757 0.952382450071 0.158881071757 0.928573675106
436228214 0.158881071757 0.928573675106 0.0841137240109 0.928573675106 0.0841137240109 0.952382450071
436228217 0.0 0.952382450071 0.074767347746 0.952382450071 0.074767347746 0.928573675106
436228218 0.074767347746 0.928573675106 0.0 0.928573675106 0.0 0.952382450071
436228229 0.420561295308 0.928573675106 0.495328643054 0.928573675106 0.495328643054 0.904764900142
436228230 0.495328643054 0.904764900142 0.420561295308 0.904764900142 0.420561295308 0.928573675106
436228233 0.336447571297 0.928573675106 0.411214919043 0.928573675106 0.411214919043 0.904764900142
436228234 0.411214919043 0.904764900142 0.336447571297 0.904764900142 0.336447571297 0.928573675106
436228237 0.25233750966 0.928573675106 0.327104857406 0.928573675106 0.327104857406 0.904764900142
436228238 0.327104857406 0.904764900142 0.25233750966 0.904764900142 0.25233750966 0.928573675106
436228241 0.168223785649 0.928573675106 0.242991133395 0.928573675106 0.242991133395 0.904764900142
436228242 0.242991133395 0.904764900142 0.168223785649 0.904764900142 0.168223785649 0.928573675106
436228245 0.0841137240109 0.928573675106 0.158881071757 0.928573675106 0.158881071757 0.904764900142
436228246 0.158881071757 0.904764900142 0.0841137240109 0.904764900142 0.0841137240109 0.928573675106
436228249 0.0 0.928573675106 0.074767347746 0.928573675106 0.074767347746 0.904764900142
436228250 0.074767347746 0.904764900142 0.0 0.904764900142 0.0 0.928573675106
436228261 0.420561295308 0.904764900142 0.495328643054 0.904764900142 0.495328643054 0.880956125177
436228262 0.495328643054 0.880956125177 0.420561295308 0.880956125177 0.420561295308 0.904764900142
436228265 0.336447571297 0.904764900142 0.411214919043 0.904764900142 0.411214919043 0.880956125177
436228266 0.411214919043 0.880956125177 0.336447571297 0.880956125177 0.336447571297 0.904764900142
436228269 0.25233750966 0.904764900142 0.327104857406 0.904764900142 0.327104857406 0.880956125177
436228270 0.327104857406 0.880956125177 0.25233750966 0.880956125177 0.25233750966 0.904764900142
436228273 0.168223785649 0.904764900142 0.242991133395 0.904764900142 0.242991133395 0.880956125177
436228274 0.242991133395 0.880956125177 0.168223785649 0.880956125177 0.168223785649 0.904764900142
436228277 0.0841137240109 0.904764900142 0.158881071757 0.904764900142 0.158881071757 0.880956125177
436228278 0.158881071757 0.880956125177 0.0841137240109 0.880956125177 0.0841137240109 0.904764900142
436228281 0.0 0.904764900142 0.074767347746 0.904764900142 0.074767347746 0.880956125177
436228282 0.074767347746 0.880956125177 0.0 0.880956125177 0.0 0.904764900142
436228293 0.420561295308 0.880956125177 0.495328643054 0.880956125177 0.495328643054 0.857147350212
436228294 0.495328643054 0.857147350212 0.420561295308 0.857147350212 0.420561295308 0.880956125177
436228297 0.336447571297 0.880956125177 0.411214919043 0.880956125177 0.411214919043 0.857147350212
436228298 0.411214919043 0.857147350212 0.336447571297 0.857147350212 0.336447571297 0.880956125177
436228301 0.25233750966 0.880956125177 0.327104857406 0.880956125177 0.327104857406 0.857147350212
436228302 0.327104857406 0.857147350212 0.25233750966 0.857147350212 0.25233750966 0.880956125177
436228305 0.168223785649 0.880956125177 0.242991133395 0.880956125177 0.242991133395 0.857147350212
436228306 0.242991133395 0.857147350212 0.168223785649 0.857147350212 0.168223785649 0.880956125177
436228309 0.0841137240109 0.880956125177 0.158881071757 0.880956125177 0.158881071757 0.857147350212
436228310 0.158881071757 0.857147350212 0.0841137240109 0.857147350212 0.0841137240109 0.880956125177
436228313 0.0 0.880956125177 0.074767347746 0.880956125177 0.074767347746 0.857147350212
436228314 0.074767347746 0.857147350212 0.0 0.857147350212 0.0 0.880956125177
436228325 0.420561295308 0.857147350212 0.495328643054 0.857147350212 0.495328643054 0.833338575248
436228326 0.495328643054 0.833338575248 0.420561295308 0.833338575248 0.420561295308 0.857147350212
436228329 0.336447571297 0.857147350212 0.411214919043 0.857147350212 0.411214919043 0.833338575248
436228330 0.411214919043 0.833338575248 0.336447571297 0.833338575248 0.336447571297 0.857147350212
436228333 0.25233750966 0.857147350212 0.327104857406 0.857147350212 0.327104857406 0.833338575248
436228334 0.327104857406 0.833338575248 0.25233750966 0.833338575248 0.25233750966 0.857147350212
436228337 0.168223785649 0.857147350212 0.242991133395 0.857147350212 0.242991133395 0.833338575248
436228338 0.242991133395 0.833338575248 0.168223785649 0.833338575248 0.168223785649 0.857147350212
436228341 0.0841137240109 0.857147350212 0.158881071757 0.857147350212 0.158881071757 0.833338575248
436228342 0.158881071757 0.833338575248 0.0841137240109 0.833338575248 0.0841137240109 0.857147350212
436228345 0.0 0.857147350212 0.074767347746 0.857147350212 0.074767347746 0.833338575248
436228346 0.074767347746 0.833338575248 0.0 0.833338575248 0.0 0.857147350212
436228357 0.420561295308 0.833338575248 0.495328643054 0.833338575248 0.495328643054 0.809529800283
436228358 0.495328643054 0.809529800283 0.420561295308 0.809529800283 0.420561295308 0.833338575248
436228361 0.336447571297 0.833338575248 0.411214919043 0.833338575248 0.411214919043 0.809529800283
436228362 0.411214919043 0.809529800283 0.336447571297 0.809529800283 0.336447571297 0.833338575248
436228365 0.25233750966 0.833338575248 0.327104857406 0.833338575248 0.327104857406 0.809529800283
436228366 0.327104857406 0.809529800283 0.25233750966 0.809529800283 0.25233750966 0.833338575248
436228369 0.168223785649 0.833338575248 0.242991133395 0.833338575248 0.242991133395 0.809529800283
436228370 0.242991133395 0.809529800283 0.168223785649 0.809529800283 0.168223785649 0.833338575248
436228373 0.0841137240109 0.833338575248 0.158881071757 0.833338575248 0.158881071757 0.809529800283
436228374 0.158881071757 0.809529800283 0.0841137240109 0.809529800283 0.0841137240109 0.833338575248
436228377 0.0 0.833338575248 0.074767347746 0.833338575248 0.074767347746 0.809529800283
436228378 0.074767347746 0.809529800283 0.0 0.809529800283 0.0 0.833338575248
436228389 0.420561295308 0.809529800283 0.495328643054 0.809529800283 0.495328643054 0.785721025318
436228390 0.495328643054 0.785721025318 0.420561295308 0.785721025318 0.420561295308 0.809529800283
436228393 0.336447571297 0.809529800283 0.411214919043 0.809529800283 0.411214919043 0.785721025318
436228394 0.411214919043 0.785721025318 0.336447571297 0.785721025318 0.336447571297 0.809529800283
436228397 0.25233750966 0.809529800283 0.327104857406 0.809529800283 0.327104857406 0.785721025318
436228398 0.327104857406 0.785721025318 0.25233750966 0.785721025318 0.25233750966 0.809529800283
436228401 0.168223785649 0.809529800283 0.242991133395 0.809529800283 0.242991133395 0.785721025318
436228402 0.242991133395 0.785721025318 0.168223785649 0.785721025318 0.168223785649 0.809529800283
436228405 0.0841137240109 0.809529800283 0.158881071757 0.809529800283 0.158881071757 0.785721025318
436228406 0.158881071757 0.785721025318 0.0841137240109 0.785721025318 0.0841137240109 0.809529800283
436228409 0.0 0.809529800283 0.074767347746 0.809529800283 0.074767347746 0.785721025318
436228410 0.074767347746 0.785721025318 0.0 0.785721025318 0.0 0.809529800283
436228421 0.420561295308 0.785721025318 0.495328643054 0.785721025318 0.495328643054 0.761912250354
436228422 0.495328643054 0.761912250354 0.420561295308 0.761912250354 0.420561295308 0.785721025318
436228425 0.336447571297 0.785721025318 0.411214919043 0.785721025318 0.411214919043 0.761912250354
436228426 0.411214919043 0.761912250354 0.336447571297 0.761912250354 0.336447571297 0.785721025318
436228429 0.25233750966 0.785721025318 0.327104857406 0.785721025318 0.327104857406 0.761912250354
436228430 0.327104857406 0.761912250354 0.25233750966 0.761912250354 0.25233750966 0.785721025318
436228433 0.168223785649 0.785721025318 0.242991133395 0.785721025318 0.242991133395 0.761912250354
436228434 0.242991133395 0.761912250354 0.168223785649 0.761912250354 0.168223785649 0.785721025318
436228437 0.0841137240109 0.785721025318 0.158881071757 0.785721025318 0.158881071757 0.761912250354
436228438 0.158881071757 0.761912250354 0.0841137240109 0.761912250354 0.0841137240109 0.785721025318
436228441 0.0 0.785721025318 0.074767347746 0.785721025318 0.074767347746 0.761912250354
436228442 0.074767347746 0.761912250354 0.0 0.761912250354 0.0 0.785721025318
436228453 0.420561295308 0.761912250354 0.495328643054 0.761912250354 0.495328643054 0.738103475389
436228454 0.495328643054 0.738103475389 0.420561295308 0.738103475389 0.420561295308 0.761912250354
436228457 0.336447571297 0.761912250354 0.411214919043 0.761912250354 0.411214919043 0.738103475389
436228458 0.411214919043 0.738103475389 0.336447571297 0.738103475389 0.336447571297 0.761912250354
436228461 0.25233750966 0.761912250354 0.327104857406 0.761912250354 0.327104857406 0.738103475389
436228462 0.327104857406 0.738103475389 0.25233750966 0.738103475389 0.25233750966 0.761912250354
436228465 0.168223785649 0.761912250354 0.242991133395 0.761912250354 0.242991133395 0.738103475389
436228466 0.242991133395 0.738103475389 0.168223785649 0.738103475389 0.168223785649 0.761912250354
436228469 0.0841137240109 0.761912250354 0.158881071757 0.761912250354 0.158881071757 0.738103475389
436228470 0.158881071757 0.738103475389 0.0841137240109 0.738103475389 0.0841137240109 0.761912250354
436228473 0.0 0.761912250354 0.074767347746 0.761912250354 0.074767347746 0.738103475389
436228474 0.074767347746 0.738103475389 0.0 0.738103475389 0.0 0.761912250354
436228485 0.420561295308 0.738103475389 0.495328643054 0.738103475389 0.495328643054 0.714294700425
436228486 0.495328643054 0.714294700425 0.420561295308 0.714294700425 0.420561295308 0.738103475389
436228489 0.336447571297 0.738103475389 0.411214919043 0.738103475389 0.411214919043 0.714294700425
436228490 0.411214919043 0.714294700425 0.336447571297 0.714294700425 0.336447571297 0.738103475389
436228493 0.25233750966 0.738103475389 0.327104857406 0.738103475389 0.327104857406 0.714294700425
436228494 0.327104857406 0.714294700425 0.25233750966 0.714294700425 0.25233750966 0.738103475389
436228497 0.168223785649 0.738103475389 0.242991133395 0.738103475389 0.242991133395 0.714294700425
436228498 0.242991133395 0.714294700425 0.168223785649 0.714294700425 0.168223785649 0.738103475389
436228501 0.0841137240109 0.738103475389 0.158881071757 0.738103475389 0.158881071757 0.714294700425
436228502 0.158881071757 0.714294700425 0.0841137240109 0.714294700425 0.0841137240109 0.738103475389
436228505 0.0 0.738103475389 0.074767347746 0.738103475389 0.074767347746 0.714294700425
436228506 0.074767347746 0.714294700425 0.0 0.714294700425 0.0 0.738103475389
436228517 0.420561295308 0.714294700425 0.495328643054 0.714294700425 0.495328643054 0.69048592546
436228518 0.495328643054 0.69048592546 0.420561295308 0.69048592546 0.420561295308 0.714294700425
436228521 0.336447571297 0.714294700425 0.411214919043 0.714294700425 0.411214919043 0.69048592546
436228522 0.411214919043 0.69048592546 0.336447571297 0.69048592546 0.336447571297 0.714294700425
436228525 0.25233750966 0.714294700425 0.327104857406 0.714294700425 0.327104857406 0.69048592546
436228526 0.327104857406 0.69048592546 0.25233750966 0.69048592546 0.25233750966 0.714294700425
436228529 0.168223785649 0.714294700425 0.242991133395 0.714294700425 0.242991133395 0.69048592546
436228530 0.242991133395 0.69048592546 0.168223785649 0.69048592546 0.168223785649 0.714294700425
436228533 0.0841137240109 0.714294700425 0.158881071757 0.714294700425 0.158881071757 0.69048592546
436228534 0.158881071757 0.69048592546 0.0841137240109 0.69048592546 0.0841137240109 0.714294700425
436228537 0.0 0.714294700425 0.074767347746 0.714294700425 0.074767347746 0.69048592546
436228538 0.074767347746 0.69048592546 0.0 0.69048592546 0.0 0.714294700425
436228549 0.420561295308 0.69048592546 0.495328643054 0.69048592546 0.495328643054 0.666677150495
436228550 0.495328643054 0.666677150495 0.420561295308 0.666677150495 0.420561295308 0.69048592546
436228553 0.336447571297 0.69048592546 0.411214919043 0.69048592546 0.411214919043 0.666677150495
436228554 0.411214919043 0.666677150495 0.336447571297 0.666677150495 0.336447571297 0.69048592546
436228557 0.25233750966 0.69048592546 0.327104857406 0.69048592546 0.327104857406 0.666677150495
436228558 0.327104857406 0.666677150495 0.25233750966 0.666677150495 0.25233750966 0.69048592546
436228561 0.168223785649 0.69048592546 0.242991133395 0.69048592546 0.242991133395 0.666677150495
436228562 0.242991133395 0.666677150495 0.168223785649 0.666677150495 0.168223785649 0.69048592546
436228565 0.0841137240109 0.69048592546 0.158881071757 0.69048592546 0.158881071757 0.666677150495
436228566 0.158881071757 0.666677150495 0.0841137240109 0.666677150495 0.0841137240109 0.69048592546
436228569 0.0 0.69048592546 0.074767347746 0.69048592546 0.074767347746 0.666677150495
436228570 0.074767347746 0.666677150495 0.0 0.666677150495 0.0 0.69048592546
436228581 0.420561295308 0.666677150495 0.495328643054 0.666677150495 0.495328643054 0.642868375531
436228582 0.495328643054 0.642868375531 0.420561295308 0.642868375531 0.420561295308 0.666677150495
436228585 0.336447571297 0.666677150495 0.411214919043 0.666677150495 0.411214919043 0.642868375531
436228586 0.411214919043 0.642868375531 0.336447571297 0.642868375531 0.336447571297 0.666677150495
436228589 0.25233750966 0.666677150495 0.327104857406 0.666677150495 0.327104857406 0.642868375531
436228590 0.327104857406 0.642868375531 0.25233750966 0.642868375531 0.25233750966 0.666677150495
436228593 0.168223785649 0.666677150495 0.242991133395 0.666677150495 0.242991133395 0.642868375531
436228594 0.242991133395 0.642868375531 0.168223785649 0.642868375531 0.168223785649 0.666677150495
436228597 0.0841137240109 0.666677150495 0.158881071757 0.666677150495 0.158881071757 0.642868375531
436228598 0.158881071757 0.642868375531 0.0841137240109 0.642868375531 0.0841137240109 0.666677150495
436228601 0.0 0.666677150495 0.074767347746 0.666677150495 0.074767347746 0.642868375531
436228602 0.074767347746 0.642868375531 0.0 0.642868375531 0.0 0.666677150495
436228613 0.420561295308 0.642868375531 0.495328643054 0.642868375531 0.495328643054 0.619059600566
436228614 0.495328643054 0.619059600566 0.420561295308 0.619059600566 0.420561295308 0.642868375531
436228617 0.336447571297 0.642868375531 0.411214919043 0.642868375531 0.411214919043 0.619059600566
436228618 0.411214919043 0.619059600566 0.336447571297 0.619059600566 0.336447571297 0.642868375531
436228621 0.25233750966 0.642868375531 0.327104857406 0.642868375531 0.327104857406 0.619059600566
436228622 0.327104857406 0.619059600566 0.25233750966 0.619059600566 0.25233750966 0.642868375531
436228625 0.168223785649 0.642868375531 0.242991133395 0.642868375531 0.242991133395 0.619059600566
436228626 0.242991133395 0.619059600566 0.168223785649 0.619059600566 0.168223785649 0.642868375531
436228629 0.0841137240109 0.642868375531 0.158881071757 0.642868375531 0.158881071757 0.619059600566
436228630 0.158881071757 0.619059600566 0.0841137240109 0.619059600566 0.0841137240109 0.642868375531
436228633 0.0 0.642868375531 0.074767347746 0.642868375531 0.074767347746 0.619059600566
436228634 0.074767347746 0.619059600566 0.0 0.619059600566 0.0 0.642868375531
436228645 0.420561295308 0.619059600566 0.495328643054 0.619059600566 0.495328643054 0.595250825602
436228646 0.495328643054 0.595250825602 0.420561295308 0.595250825602 0.420561295308 0.619059600566
436228649 0.336447571297 0.619059600566 0.411214919043 0.619059600566 0.411214919043 0.595250825602
436228650 0.411214919043 0.595250825602 0.336447571297 0.595250825602 0.336447571297 0.619059600566
436228653 0.25233750966 0.619059600566 0.327104857406 0.619059600566 0.327104857406 0.595250825602
436228654 0.327104857406 0.595250825602 0.25233750966 0.595250825602 0.25233750966 0.619059600566
436228657 0.168223785649 0.619059600566 0.242991133395 0.619059600566 0.242991133395 0.595250825602
436228658 0.242991133395 0.595250825602 0.168223785649 0.595250825602 0.168223785649 0.619059600566
436228661 0.0841137240109 0.619059600566 0.158881071757 0.619059600566 0.158881071757 0.595250825602
436228662 0.158881071757 0.595250825602 0.0841137240109 0.595250825602 0.0841137240109 0.619059600566
436228665 0.0 0.619059600566 0.074767347746 0.619059600566 0.074767347746 0.595250825602
436228666 0.074767347746 0.595250825602 0.0 0.595250825602 0.0 0.619059600566
436228677 0.420561295308 0.595250825602 0.495328643054 0.595250825602 0.495328643054 0.571442050637
436228678 0.495328643054 0.571442050637 0.420561295308 0.571442050637 0.420561295308 0.595250825602
436228681 0.336447571297 0.595250825602 0.411214919043 0.595250825602 0.411214919043 0.571442050637
436228682 0.411214919043 0.571442050637 0.336447571297 0.571442050637 0.336447571297 0.595250825602
436228685 0.25233750966 0.595250825602 0.327104857406 0.595250825602 0.327104857406 0.571442050637
436228686 0.327104857406 0.571442050637 0.25233750966 0.571442050637 0.25233750966 0.595250825602
436228689 0.168223785649 0.595250825602 0.242991133395 0.595250825602 0.242991133395 0.571442050637
436228690 0.242991133395 0.571442050637 0.168223785649 0.571442050637 0.168223785649 0.595250825602
436228693 0.0841137240109 0.595250825602 0.158881071757 0.595250825602 0.158881071757 0.571442050637
436228694 0.158881071757 0.571442050637 0.0841137240109 0.571442050637 0.0841137240109 0.595250825602
436228697 0.0 0.595250825602 0.074767347746 0.595250825602 0.074767347746 0.571442050637
436228698 0.074767347746 0.571442050637 0.0 0.571442050637 0.0 0.595250825602
436228709 0.420561295308 0.571442050637 0.495328643054 0.571442050637 0.495328643054 0.547633275672
436228710 0.495328643054 0.547633275672 0.420561295308 0.547633275672 0.420561295308 0.571442050637
436228713 0.336447571297 0.571442050637 0.411214919043 0.571442050637 0.411214919043 0.547633275672
436228714 0.411214919043 0.547633275672 0.336447571297 0.547633275672 0.336447571297 0.571442050637
436228717 0.25233750966 0.571442050637 0.327104857406 0.571442050637 0.327104857406 0.547633275672
436228718 0.327104857406 0.547633275672 0.25233750966 0.547633275672 0.25233750966 0.571442050637
436228721 0.168223785649 0.571442050637 0.242991133395 0.571442050637 0.242991133395 0.547633275672
436228722 0.242991133395 0.547633275672 0.168223785649 0.547633275672 0.168223785649 0.571442050637
436228725 0.0841137240109 0.571442050637 0.158881071757 0.571442050637 0.158881071757 0.547633275672
436228726 0.158881071757 0.547633275672 0.0841137240109 0.547633275672 0.0841137240109 0.571442050637
436228729 0.0 0.571442050637 0.074767347746 0.571442050637 0.074767347746 0.547633275672
436228730 0.074767347746 0.547633275672 0.0 0.547633275672 0.0 0.571442050637
436228741 0.420561295308 0.547633275672 0.495328643054 0.547633275672 0.495328643054 0.523793049222
436228742 0.495328643054 0.523793049222 0.420561295308 0.523793049222 0.420561295308 0.547633275672
436228745 0.336447571297 0.547633275672 0.411214919043 0.547633275672 0.411214919043 0.523793049222
436228746 0.411214919043 0.523793049222 0.336447571297 0.523793049222 0.336447571297 0.547633275672
436228749 0.25233750966 0.547633275672 0.327104857406 0.547633275672 0.327104857406 0.523793049222
436228750 0.327104857406 0.523793049222 0.25233750966 0.523793049222 0.25233750966 0.547633275672
436228753 0.168223785649 0.547633275672 0.242991133395 0.547633275672 0.242991133395 0.523793049222
436228754 0.242991133395 0.523793049222 0.168223785649 0.523793049222 0.168223785649 0.547633275672
436228757 0.0841137240109 0.547633275672 0.158881071757 0.547633275672 0.158881071757 0.523793049222
436228758 0.158881071757 0.523793049222 0.0841137240109 0.523793049222 0.0841137240109 0.547633275672
436228761 0.0 0.547633275672 0.074767347746 0.547633275672 0.074767347746 0.523793049222
436228762 0.074767347746 0.523793049222 0.0 0.523793049222 0.0 0.547633275672
436228773 0.420561295308 0.523793049222 0.495328643054 0.523793049222 0.495328643054 0.499984274257
436228774 0.495328643054 0.499984274257 0.420561295308 0.499984274257 0.420561295308 0.523793049222
436228777 0.336447571297 0.523793049222 0.411214919043 0.523793049222 0.411214919043 0.499984274257
436228778 0.411214919043 0.499984274257 0.336447571297 0.499984274257 0.336447571297 0.523793049222
436228781 0.25233750966 0.523793049222 0.327104857406 0.523793049222 0.327104857406 0.499984274257
436228782 0.327104857406 0.499984274257 0.25233750966 0.499984274257 0.25233750966 0.523793049222
436228785 0.168223785649 0.523793049222 0.242991133395 0.523793049222 0.242991133395 0.499984274257
436228786 0.242991133395 0.499984274257 0.168223785649 0.499984274257 0.168223785649 0.523793049222
436228789 0.0841137240109 0.523793049222 0.158881071757 0.523793049222 0.158881071757 0.499984274257
436228790 0.158881071757 0.499984274257 0.0841137240109 0.499984274257 0.0841137240109 0.523793049222
436228793 0.0 0.523793049222 0.074767347746 0.523793049222 0.074767347746 0.499984274257
436228794 0.074767347746 0.499984274257 0.0 0.499984274257 0.0 0.523793049222
436228805 0.420561295308 0.499984274257 0.495328643054 0.499984274257 0.495328643054 0.476175499292
436228806 0.495328643054 0.476175499292 0.420561295308 0.476175499292 0.420561295308 0.499984274257
436228809 0.336447571297 0.499984274257 0.411214919043 0.499984274257 0.411214919043 0.476175499292
436228810 0.411214919043 0.476175499292 0.336447571297 0.476175499292 0.336447571297 0.499984274257
436228813 0.25233750966 0.499984274257 0.327104857406 0.499984274257 0.327104857406 0.476175499292
436228814 0.327104857406 0.476175499292 0.25233750966 0.476175499292 0.25233750966 0.499984274257
436228817 0.168223785649 0.499984274257 0.242991133395 0.499984274257 0.242991133395 0.476175499292
436228818 0.242991133395 0.476175499292 0.168223785649 0.476175499292 0.168223785649 0.499984274257
436228821 0.0841137240109 0.499984274257 0.158881071757 0.499984274257 0.158881071757 0.476175499292
436228822 0.158881071757 0.476175499292 0.0841137240109 0.476175499292 0.0841137240109 0.499984274257
436228825 0.0 0.499984274257 0.074767347746 0.499984274257 0.074767347746 0.476175499292
436228826 0.074767347746 0.476175499292 0.0 0.476175499292 0.0 0.499984274257
436228837 0.420561295308 0.476175499292 0.495328643054 0.476175499292 0.495328643054 0.452366724328
436228838 0.495328643054 0.452366724328 0.420561295308 0.452366724328 0.420561295308 0.476175499292
436228841 0.336447571297 0.476175499292 0.411214919043 0.476175499292 0.411214919043 0.452366724328
436228842 0.411214919043 0.452366724328 0.336447571297 0.452366724328 0.336447571297 0.476175499292
436228845 0.25233750966 0.476175499292 0.327104857406 0.476175499292 0.327104857406 0.452366724328
436228846 0.327104857406 0.452366724328 0.25233750966 0.452366724328 0.25233750966 0.476175499292
436228849 0.168223785649 0.476175499292 0.242991133395 0.476175499292 0.242991133395 0.452366724328
436228850 0.242991133395 0.452366724328 0.168223785649 0.452366724328 0.168223785649 0.476175499292
436228853 0.0841137240109 0.476175499292 0.158881071757 0.476175499292 0.158881071757 0.452366724328
436228854 0.158881071757 0.452366724328 0.0841137240109 0.452366724328 0.0841137240109 0.476175499292
436228857 0.0 0.476175499292 0.074767347746 0.476175499292 0.074767347746 0.452366724328
436228858 0.074767347746 0.452366724328 0.0 0.452366724328 0.0 0.476175499292
436228869 0.420561295308 0.452366724328 0.495328643054 0.452366724328 0.495328643054 0.428557949363
436228870 0.495328643054 0.428557949363 0.420561295308 0.428557949363 0.420561295308 0.452366724328
436228873 0.336447571297 0.452366724328 0.411214919043 0.452366724328 0.411214919043 0.428557949363
436228874 0.411214919043 0.428557949363 0.336447571297 0.428557949363 0.336447571297 0.452366724328
436228877 0.25233750966 0.452366724328 0.327104857406 0.452366724328 0.327104857406 0.428557949363
436228878 0.327104857406 0.428557949363 0.25233750966 0.428557949363 0.25233750966 0.452366724328
436228881 0.168223785649 0.452366724328 0.242991133395 0.452366724328 0.242991133395 0.428557949363
436228882 0.242991133395 0.428557949363 0.168223785649 0.428557949363 0.168223785649 0.452366724328
436228885 0.0841137240109 0.452366724328 0.158881071757 0.452366724328 0.158881071757 0.428557949363
436228886 0.158881071757 0.428557949363 0.0841137240109 0.428557949363 0.0841137240109 0.452366724328
436228889 0.0 0.452366724328 0.074767347746 0.452366724328 0.074767347746 0.428557949363
436228890 0.074767347746 0.428557949363 0.0 0.428557949363 0.0 0.452366724328
436228901 0.420561295308 0.428557949363 0.495328643054 0.428557949363 0.495328643054 0.404749174398
436228902 0.495328643054 0.404749174398 0.420561295308 0.404749174398 0.420561295308 0.428557949363
436228905 0.336447571297 0.428557949363 0.411214919043 0.428557949363 0.411214919043 0.404749174398
436228906 0.411214919043 0.404749174398 0.336447571297 0.404749174398 0.336447571297 0.428557949363
436228909 0.25233750966 0.428557949363 0.327104857406 0.428557949363 0.327104857406 0.404749174398
436228910 0.327104857406 0.404749174398 0.25233750966 0.404749174398 0.25233750966 0.428557949363
436228913 0.168223785649 0.428557949363 0.242991133395 0.428557949363 0.242991133395 0.404749174398
436228914 0.242991133395 0.404749174398 0.168223785649 0.404749174398 0.168223785649 0.428557949363
436228917 0.0841137240109 0.428557949363 0.158881071757 0.428557949363 0.158881071757 0.404749174398
436228918 0.158881071757 0.404749174398 0.0841137240109 0.404749174398 0.0841137240109 0.428557949363
436228921 0.0 0.428557949363 0.074767347746 0.428557949363 0.074767347746 0.404749174398
436228922 0.074767347746 0.404749174398 0.0 0.404749174398 0.0 0.428557949363
436228933 0.420561295308 0.404749174398 0.495328643054 0.404749174398 0.495328643054 0.380940399434
436228934 0.495328643054 0.380940399434 0.420561295308 0.380940399434 0.420561295308 0.404749174398
436228937 0.336447571297 0.404749174398 0.411214919043 0.404749174398 0.411214919043 0.380940399434
436228938 0.411214919043 0.380940399434 0.336447571297 0.380940399434 0.336447571297 0.404749174398
436228941 0.25233750966 0.404749174398 0.327104857406 0.404749174398 0.327104857406 0.380940399434
436228942 0.327104857406 0.380940399434 0.25233750966 0.380940399434 0.25233750966 0.404749174398
436228945 0.168223785649 0.404749174398 0.242991133395 0.404749174398 0.242991133395 0.380940399434
436228946 0.242991133395 0.380940399434 0.168223785649 0.380940399434 0.168223785649 0.404749174398
436228949 0.0841137240109 0.404749174398 0.158881071757 0.404749174398 0.158881071757 0.380940399434
436228950 0.158881071757 0.380940399434 0.0841137240109 0.380940399434 0.0841137240109 0.404749174398
436228953 0.0 0.404749174398 0.074767347746 0.404749174398 0.074767347746 0.380940399434
436228954 0.074767347746 0.380940399434 0.0 0.380940399434 0.0 0.404749174398
436228965 0.420561295308 0.380940399434 0.495328643054 0.380940399434 0.495328643054 0.357131624469
436228966 0.495328643054 0.357131624469 0.420561295308 0.357131624469 0.420561295308 0.380940399434
436228969 0.336447571297 0.380940399434 0.411214919043 0.380940399434 0.411214919043 0.357131624469
436228970 0.411214919043 0.357131624469 0.336447571297 0.357131624469 0.336447571297 0.380940399434
436228973 0.25233750966 0.380940399434 0.327104857406 0.380940399434 0.327104857406 0.357131624469
436228974 0.327104857406 0.357131624469 0.25233750966 0.357131624469 0.25233750966 0.380940399434
436228977 0.168223785649 0.380940399434 0.242991133395 0.380940399434 0.242991133395 0.357131624469
436228978 0.242991133395 0.357131624469 0.168223785649 0.357131624469 0.168223785649 0.380940399434
436228981 0.0841137240109 0.380940399434 0.158881071757 0.380940399434 0.158881071757 0.357131624469
436228982 0.158881071757 0.357131624469 0.0841137240109 0.357131624469 0.0841137240109 0.380940399434
436228985 0.0 0.380940399434 0.074767347746 0.380940399434 0.074767347746 0.357131624469
436228986 0.074767347746 0.357131624469 0.0 0.357131624469 0.0 0.380940399434
436228997 0.420561295308 0.357131624469 0.495328643054 0.357131624469 0.495328643054 0.333322849505
436228998 0.495328643054 0.333322849505 0.420561295308 0.333322849505 0.420561295308 0.357131624469
436229001 0.336447571297 0.357131624469 0.411214919043 0.357131624469 0.411214919043 0.333322849505
436229002 0.411214919043 0.333322849505 0.336447571297 0.333322849505 0.336447571297 0.357131624469
436229005 0.25233750966 0.357131624469 0.327104857406 0.357131624469 0.327104857406 0.333322849505
436229006 0.327104857406 0.333322849505 0.25233750966 0.333322849505 0.25233750966 0.357131624469
436229009 0.168223785649 0.357131624469 0.242991133395 0.357131624469 0.242991133395 0.333322849505
436229010 0.242991133395 0.333322849505 0.168223785649 0.333322849505 0.168223785649 0.357131624469
436229013 0.0841137240109 0.357131624469 0.158881071757 0.357131624469 0.158881071757 0.333322849505
436229014 0.158881071757 0.333322849505 0.0841137240109 0.333322849505 0.0841137240109 0.357131624469
436229017 0.0 0.357131624469 0.074767347746 0.357131624469 0.074767347746 0.333322849505
436229018 0.074767347746 0.333322849505 0.0 0.333322849505 0.0 0.357131624469
436229029 0.420561295308 0.333322849505 0.495328643054 0.333322849505 0.495328643054 0.30951407454
436229030 0.495328643054 0.30951407454 0.420561295308 0.30951407454 0.420561295308 0.333322849505
436229033 0.336447571297 0.333322849505 0.411214919043 0.333322849505 0.411214919043 0.30951407454
436229034 0.411214919043 0.30951407454 0.336447571297 0.30951407454 0.336447571297 0.333322849505
436229037 0.25233750966 0.333322849505 0.327104857406 0.333322849505 0.327104857406 0.30951407454
436229038 0.327104857406 0.30951407454 0.25233750966 0.30951407454 0.25233750966 0.333322849505
436229041 0.168223785649 0.333322849505 0.242991133395 0.333322849505 0.242991133395 0.30951407454
436229042 0.242991133395 0.30951407454 0.168223785649 0.30951407454 0.168223785649 0.333322849505
436229045 0.0841137240109 0.333322849505 0.158881071757 0.333322849505 0.158881071757 0.30951407454
436229046 0.158881071757 0.30951407454 0.0841137240109 0.30951407454 0.0841137240109 0.333322849505
436229049 0.0 0.333322849505 0.074767347746 0.333322849505 0.074767347746 0.30951407454
436229050 0.074767347746 0.30951407454 0.0 0.30951407454 0.0 0.333322849505
436229061 0.420561295308 0.30951407454 0.495328643054 0.30951407454 0.495328643054 0.285705299575
436229062 0.495328643054 0.285705299575 0.420561295308 0.285705299575 0.420561295308 0.30951407454
436229065 0.336447571297 0.30951407454 0.411214919043 0.30951407454 0.411214919043 0.285705299575
436229066 0.411214919043 0.285705299575 0.336447571297 0.285705299575 0.336447571297 0.30951407454
436229069 0.25233750966 0.30951407454 0.327104857406 0.30951407454 0.327104857406 0.285705299575
436229070 0.327104857406 0.285705299575 0.25233750966 0.285705299575 0.25233750966 0.30951407454
436229073 0.168223785649 0.30951407454 0.242991133395 0.30951407454 0.242991133395 0.285705299575
436229074 0.242991133395 0.285705299575 0.168223785649 0.285705299575 0.168223785649 0.30951407454
436229077 0.0841137240109 0.30951407454 0.158881071757 0.30951407454 0.158881071757 0.285705299575
436229078 0.158881071757 0.285705299575 0.0841137240109 0.285705299575 0.0841137240109 0.30951407454
436229081 0.0 0.30951407454 0.074767347746 0.30951407454 0.074767347746 0.285705299575
436229082 0.074767347746 0.285705299575 0.0 0.285705299575 0.0 0.30951407454
436229093 0.420561295308 0.285705299575 0.495328643054 0.285705299575 0.495328643054 0.261896524611
436229094 0.495328643054 0.261896524611 0.420561295308 0.261896524611 0.420561295308 0.285705299575
436229097 0.336447571297 0.285705299575 0.411214919043 0.285705299575 0.411214919043 0.261896524611
436229098 0.411214919043 0.261896524611 0.336447571297 0.261896524611 0.336447571297 0.285705299575
436229101 0.25233750966 0.285705299575 0.327104857406 0.285705299575 0.327104857406 0.261896524611
436229102 0.327104857406 0.261896524611 0.25233750966 0.261896524611 0.25233750966 0.285705299575
436229105 0.168223785649 0.285705299575 0.242991133395 0.285705299575 0.242991133395 0.261896524611
436229106 0.242991133395 0.261896524611 0.168223785649 0.261896524611 0.168223785649 0.285705299575
436229109 0.0841137240109 0.285705299575 0.158881071757 0.285705299575 0.158881071757 0.261896524611
436229110 0.158881071757 0.261896524611 0.0841137240109 0.261896524611 0.0841137240109 0.285705299575
436229113 0.0 0.285705299575 0.074767347746 0.285705299575 0.074767347746 0.261896524611
436229114 0.074767347746 0.261896524611 0.0 0.261896524611 0.0 0.285705299575
436229125 0.420561295308 0.261896524611 0.495328643054 0.261896524611 0.495328643054 0.238087749646
436229126 0.495328643054 0.238087749646 0.420561295308 0.238087749646 0.420561295308 0.261896524611
436229129 0.336447571297 0.261896524611 0.411214919043 0.261896524611 0.411214919043 0.238087749646
436229130 0.411214919043 0.238087749646 0.336447571297 0.238087749646 0.336447571297 0.261896524611
436229133 0.25233750966 0.261896524611 0.327104857406 0.261896524611 0.327104857406 0.238087749646
436229134 0.327104857406 0.238087749646 0.25233750966 0.238087749646 0.25233750966 0.261896524611
436229137 0.168223785649 0.261896524611 0.242991133395 0.261896524611 0.242991133395 0.238087749646
436229138 0.242991133395 0.238087749646 0.168223785649 0.238087749646 0.168223785649 0.261896524611
436229141 0.0841137240109 0.261896524611 0.158881071757 0.261896524611 0.158881071757 0.238087749646
436229142 0.158881071757 0.238087749646 0.0841137240109 0.238087749646 0.0841137240109 0.261896524611
436229145 0.0 0.261896524611 0.074767347746 0.261896524611 0.074767347746 0.238087749646
436229146 0.074767347746 0.238087749646 0.0 0.238087749646 0.0 0.261896524611
436229157 0.420561295308 0.238087749646 0.495328643054 0.238087749646 0.495328643054 0.214278974682
436229158 0.495328643054 0.214278974682 0.420561295308 0.214278974682 0.420561295308 0.238087749646
436229161 0.336447571297 0.238087749646 0.411214919043 0.238087749646 0.411214919043 0.214278974682
436229162 0.411214919043 0.214278974682 0.336447571297 0.214278974682 0.336447571297 0.238087749646
436229165 0.25233750966 0.238087749646 0.327104857406 0.238087749646 0.327104857406 0.214278974682
436229166 0.327104857406 0.214278974682 0.25233750966 0.214278974682 0.25233750966 0.238087749646
436229169 0.168223785649 0.238087749646 0.242991133395 0.238087749646 0.242991133395 0.214278974682
436229170 0.242991133395 0.214278974682 0.168223785649 0.214278974682 0.168223785649 0.238087749646
436229173 0.0841137240109 0.238087749646 0.158881071757 0.238087749646 0.158881071757 0.214278974682
436229174 0.158881071757 0.214278974682 0.0841137240109 0.214278974682 0.0841137240109 0.238087749646
436229177 0.0 0.238087749646 0.074767347746 0.238087749646 0.074767347746 0.214278974682
436229178 0.074767347746 0.214278974682 0.0 0.214278974682 0.0 0.238087749646
436229189 0.420561295308 0.214278974682 0.495328643054 0.214278974682 0.495328643054 0.190470199717
436229190 0.495328643054 0.190470199717 0.420561295308 0.190470199717 0.420561295308 0.214278974682
436229193 0.336447571297 0.214278974682 0.411214919043 0.214278974682 0.411214919043 0.190470199717
436229194 0.411214919043 0.190470199717 0.336447571297 0.190470199717 0.336447571297 0.214278974682
436229197 0.25233750966 0.214278974682 0.327104857406 0.214278974682 0.327104857406 0.190470199717
436229198 0.327104857406 0.190470199717 0.25233750966 0.190470199717 0.25233750966 0.214278974682
436229201 0.168223785649 0.214278974682 0.242991133395 0.214278974682 0.242991133395 0.190470199717
436229202 0.242991133395 0.190470199717 0.168223785649 0.190470199717 0.168223785649 0.214278974682
436229205 0.0841137240109 0.214278974682 0.158881071757 0.214278974682 0.158881071757 0.190470199717
436229206 0.158881071757 0.190470199717 0.0841137240109 0.190470199717 0.0841137240109 0.214278974682
436229209 0.0 0.214278974682 0.074767347746 0.214278974682 0.074767347746 0.190470199717
436229210 0.074767347746 0.190470199717 0.0 0.190470199717 0.0 0.214278974682
436229221 0.420561295308 0.190470199717 0.495328643054 0.190470199717 0.495328643054 0.166661424752
436229222 0.495328643054 0.166661424752 0.420561295308 0.166661424752 0.420561295308 0.190470199717
436229225 0.336447571297 0.190470199717 0.411214919043 0.190470199717 0.411214919043 0.166661424752
436229226 0.411214919043 0.166661424752 0.336447571297 0.166661424752 0.336447571297 0.190470199717
436229229 0.25233750966 0.190470199717 0.327104857406 0.190470199717 0.327104857406 0.166661424752
436229230 0.327104857406 0.166661424752 0.25233750966 0.166661424752 0.25233750966 0.190470199717
436229233 0.168223785649 0.190470199717 0.242991133395 0.190470199717 0.242991133395 0.166661424752
436229234 0.242991133395 0.166661424752 0.168223785649 0.166661424752 0.168223785649 0.190470199717
436229237 0.0841137240109 0.190470199717 0.158881071757 0.190470199717 0.158881071757 0.166661424752
436229238 0.158881071757 0.166661424752 0.0841137240109 0.166661424752 0.0841137240109 0.190470199717
436229241 0.0 0.190470199717 0.074767347746 0.190470199717 0.074767347746 0.166661424752
436229242 0.074767347746 0.166661424752 0.0 0.166661424752 0.0 0.190470199717
436229253 0.420561295308 0.166661424752 0.495328643054 0.166661424752 0.495328643054 0.142852649788
436229254 0.495328643054 0.142852649788 0.420561295308 0.142852649788 0.420561295308 0.166661424752
436229257 0.336447571297 0.166661424752 0.411214919043 0.166661424752 0.411214919043 0.142852649788
436229258 0.411214919043 0.142852649788 0.336447571297 0.142852649788 0.336447571297 0.166661424752
436229261 0.25233750966 0.166661424752 0.327104857406 0.166661424752 0.327104857406 0.142852649788
436229262 0.327104857406 0.142852649788 0.25233750966 0.142852649788 0.25233750966 0.166661424752
436229265 0.168223785649 0.166661424752 0.242991133395 0.166661424752 0.242991133395 0.142852649788
436229266 0.242991133395 0.142852649788 0.168223785649 0.142852649788 0.168223785649 0.166661424752
436229269 0.0841137240109 0.166661424752 0.158881071757 0.166661424752 0.158881071757 0.142852649788
436229270 0.158881071757 0.142852649788 0.0841137240109 0.142852649788 0.0841137240109 0.166661424752
436229273 0.0 0.166661424752 0.074767347746 0.166661424752 0.074767347746 0.142852649788
436229274 0.074767347746 0.142852649788 0.0 0.142852649788 0.0 0.166661424752
436229285 0.420561295308 0.142852649788 0.495328643054 0.142852649788 0.495328643054 0.119043874823
436229286 0.495328643054 0.119043874823 0.420561295308 0.119043874823 0.420561295308 0.142852649788
436229289 0.336447571297 0.142852649788 0.411214919043 0.142852649788 0.411214919043 0.119043874823
436229290 0.411214919043 0.119043874823 0.336447571297 0.119043874823 0.336447571297 0.142852649788
436229293 0.25233750966 0.142852649788 0.327104857406 0.142852649788 0.327104857406 0.119043874823
436229294 0.327104857406 0.119043874823 0.25233750966 0.119043874823 0.25233750966 0.142852649788
436229297 0.168223785649 0.142852649788 0.242991133395 0.142852649788 0.242991133395 0.119043874823
436229298 0.242991133395 0.119043874823 0.168223785649 0.119043874823 0.168223785649 0.142852649788
436229301 0.0841137240109 0.142852649788 0.158881071757 0.142852649788 0.158881071757 0.119043874823
436229302 0.158881071757 0.119043874823 0.0841137240109 0.119043874823 0.0841137240109 0.142852649788
436229305 0.0 0.142852649788 0.074767347746 0.142852649788 0.074767347746 0.119043874823
436229306 0.074767347746 0.119043874823 0.0 0.119043874823 0.0 0.142852649788
436229317 0.420561295308 0.119043874823 0.495328643054 0.119043874823 0.495328643054 0.0952350998585
436229318 0.495328643054 0.0952350998585 0.420561295308 0.0952350998585 0.420561295308 0.119043874823
436229321 0.336447571297 0.119043874823 0.411214919043 0.119043874823 0.411214919043 0.0952350998585
436229322 0.411214919043 0.0952350998585 0.336447571297 0.0952350998585 0.336447571297 0.119043874823
436229325 0.25233750966 0.119043874823 0.327104857406 0.119043874823 0.327104857406 0.0952350998585
436229326 0.327104857406 0.0952350998585 0.25233750966 0.0952350998585 0.25233750966 0.119043874823
436229329 0.168223785649 0.119043874823 0.242991133395 0.119043874823 0.242991133395 0.0952350998585
436229330 0.242991133395 0.0952350998585 0.168223785649 0.0952350998585 0.168223785649 0.119043874823
436229333 0.0841137240109 0.119043874823 0.158881071757 0.119043874823 0.158881071757 0.0952350998585
436229334 0.158881071757 0.0952350998585 0.0841137240109 0.0952350998585 0.0841137240109 0.119043874823
436229337 0.0 0.119043874823 0.074767347746 0.119043874823 0.074767347746 0.0952350998585
436229338 0.074767347746 0.0952350998585 0.0 0.0952350998585 0.0 0.119043874823
436229349 0.420561295308 0.0952350998585 0.495328643054 0.0952350998585 0.495328643054 0.0714263248939
436229350 0.495328643054 0.0714263248939 0.420561295308 0.0714263248939 0.420561295308 0.0952350998585
436229353 0.336447571297 0.0952350998585 0.411214919043 0.0952350998585 0.411214919043 0.0714263248939
436229354 0.411214919043 0.0714263248939 0.336447571297 0.0714263248939 0.336447571297 0.0952350998585
436229357 0.25233750966 0.0952350998585 0.327104857406 0.0952350998585 0.327104857406 0.0714263248939
436229358 0.327104857406 0.0714263248939 0.25233750966 0.0714263248939 0.25233750966 0.0952350998585
436229361 0.168223785649 0.0952350998585 0.242991133395 0.0952350998585 0.242991133395 0.0714263248939
436229362 0.242991133395 0.0714263248939 0.168223785649 0.0714263248939 0.168223785649 0.0952350998585
436229365 0.0841137240109 0.0952350998585 0.158881071757 0.0952350998585 0.158881071757 0.0714263248939
436229366 0.158881071757 0.0714263248939 0.0841137240109 0.0714263248939 0.0841137240109 0.0952350998585
436229369 0.0 0.0952350998585 0.074767347746 0.0952350998585 0.074767347746 0.0714263248939
436229370 0.074767347746 0.0714263248939 0.0 0.0714263248939 0.0 0.0952350998585
436229381 0.420561295308 0.0714263248939 0.495328643054 0.0714263248939 0.495328643054 0.0476175499292
436229382 0.495328643054 0.0476175499292 0.420561295308 0.0476175499292 0.420561295308 0.0714263248939
436229385 0.336447571297 0.0714263248939 0.411214919043 0.0714263248939 0.411214919043 0.0476175499292
436229386 0.411214919043 0.0476175499292 0.336447571297 0.0476175499292 0.336447571297 0.0714263248939
436229389 0.25233750966 0.0714263248939 0.327104857406 0.0714263248939 0.327104857406 0.0476175499292
436229390 0.327104857406 0.0476175499292 0.25233750966 0.0476175499292 0.25233750966 0.0714263248939
436229393 0.168223785649 0.0714263248939 0.242991133395 0.0714263248939 0.242991133395 0.0476175499292
436229394 0.242991133395 0.0476175499292 0.168223785649 0.0476175499292 0.168223785649 0.0714263248939
436229397 0.0841137240109 0.0714263248939 0.158881071757 0.0714263248939 0.158881071757 0.0476175499292
436229398 0.158881071757 0.0476175499292 0.0841137240109 0.0476175499292 0.0841137240109 0.0714263248939
436229401 0.0 0.0714263248939 0.074767347746 0.0714263248939 0.074767347746 0.0476175499292
436229402 0.074767347746 0.0476175499292 0.0 0.0476175499292 0.0 0.0714263248939
436229413 0.420561295308 0.0476175499292 0.495328643054 0.0476175499292 0.495328643054 0.0238087749646
436229414 0.495328643054 0.0238087749646 0.420561295308 0.0238087749646 0.420561295308 0.0476175499292
436229417 0.336447571297 0.0476175499292 0.411214919043 0.0476175499292 0.411214919043 0.0238087749646
436229418 0.411214919043 0.0238087749646 0.336447571297 0.0238087749646 0.336447571297 0.0476175499292
436229421 0.25233750966 0.0476175499292 0.327104857406 0.0476175499292 0.327104857406 0.0238087749646
436229422 0.327104857406 0.0238087749646 0.25233750966 0.0238087749646 0.25233750966 0.0476175499292
436229425 0.168223785649 0.0476175499292 0.242991133395 0.0476175499292 0.242991133395 0.0238087749646
436229426 0.242991133395 0.0238087749646 0.168223785649 0.0238087749646 0.168223785649 0.0476175499292
436229429 0.0841137240109 0.0476175499292 0.158881071757 0.0476175499292 0.158881071757 0.0238087749646
436229430 0.158881071757 0.0238087749646 0.0841137240109 0.0238087749646 0.0841137240109 0.0476175499292
436229433 0.0 0.0476175499292 0.074767347746 0.0476175499292 0.074767347746 0.0238087749646
436229434 0.074767347746 0.0238087749646 0.0 0.0238087749646 0.0 0.0476175499292
436229445 0.420561295308 0.0238087749646 0.495328643054 0.0238087749646 0.495328643054 0.0
436229446 0.495328643054 0.0 0.420561295308 0.0 0.420561295308 0.0238087749646
436229449 0.336447571297 0.0238087749646 0.411214919043 0.0238087749646 0.411214919043 0.0
436229450 0.411214919043 0.0 0.336447571297 0.0 0.336447571297 0.0238087749646
436229453 0.25233750966 0.0238087749646 0.327104857406 0.0238087749646 0.327104857406 0.0
436229454 0.327104857406 0.0 0.25233750966 0.0 0.25233750966 0.0238087749646
436229457 0.168223785649 0.0238087749646 0.242991133395 0.0238087749646 0.242991133395 0.0
436229458 0.242991133395 0.0 0.168223785649 0.0 0.168223785649 0.0238087749646
436229461 0.0841137240109 0.0238087749646 0.158881071757 0.0238087749646 0.158881071757 0.0
436229462 0.158881071757 0.0 0.0841137240109 0.0 0.0841137240109 0.0238087749646
436229465 0.0 0.0238087749646 0.074767347746 0.0238087749646 0.074767347746 0.0
436229466 0.074767347746 0.0 0.0 0.0 0.0 0.0238087749646
436232229 0.504671356946 1.0 0.579438704692 1.0 0.579438704692 0.976191225035
436232230 0.579438704692 0.976191225035 0.504671356946 0.976191225035 0.504671356946 1.0
436232233 0.588785080957 1.0 0.663552428703 1.0 0.663552428703 0.976191225035
436232234 0.663552428703 0.976191225035 0.588785080957 0.976191225035 0.588785080957 1.0
436232237 0.672898804968 1.0 0.74766249034 1.0 0.74766249034 0.976191225035
436232238 0.74766249034 0.976191225035 0.672898804968 0.976191225035 0.672898804968 1.0
436232241 0.757008866605 1.0 0.831776214351 1.0 0.831776214351 0.976191225035
436232242 0.831776214351 0.976191225035 0.757008866605 0.976191225035 0.757008866605 1.0
436232245 0.841122590616 1.0 0.915886275989 1.0 0.915886275989 0.976191225035
436232246 0.915886275989 0.976191225035 0.841122590616 0.976191225035 0.841122590616 1.0
436232249 0.925232652254 1.0 1.0 1.0 1.0 0.976191225035
436232250 1.0 0.976191225035 0.925232652254 0.976191225035 0.925232652254 1.0
436232261 0.504671356946 0.976191225035 0.579438704692 0.976191225035 0.579438704692 0.952382450071
436232262 0.579438704692 0.952382450071 0.504671356946 0.952382450071 0.504671356946 0.976191225035
436232265 0.588785080957 0.976191225035 0.663552428703 0.976191225035 0.663552428703 0.952382450071
436232266 0.663552428703 0.952382450071 0.588785080957 0.952382450071 0.588785080957 0.976191225035
436232269 0.672898804968 0.976191225035 0.74766249034 0.976191225035 0.74766249034 0.952382450071
436232270 0.74766249034 0.952382450071 0.672898804968 0.952382450071 0.672898804968 0.976191225035
436232273 0.757008866605 0.976191225035 0.831776214351 0.976191225035 0.831776214351 0.952382450071
436232274 0.831776214351 0.952382450071 0.757008866605 0.952382450071 0.757008866605 0.976191225035
436232277 0.841122590616 0.976191225035 0.915886275989 0.976191225035 0.915886275989 0.952382450071
436232278 0.915886275989 0.952382450071 0.841122590616 0.952382450071 0.841122590616 0.976191225035
436232281 0.925232652254 0.976191225035 1.0 0.976191225035 1.0 0.952382450071
436232282 1.0 0.952382450071 0.925232652254 0.952382450071 0.925232652254 0.976191225035
436232293 0.504671356946 0.952382450071 0.579438704692 0.952382450071 0.579438704692 0.928573675106
436232294 0.579438704692 0.928573675106 0.504671356946 0.928573675106 0.504671356946 0.952382450071
436232297 0.588785080957 0.952382450071 0.663552428703 0.952382450071 0.663552428703 0.928573675106
436232298 0.663552428703 0.928573675106 0.588785080957 0.928573675106 0.588785080957 0.952382450071
436232301 0.672898804968 0.952382450071 0.74766249034 0.952382450071 0.74766249034 0.928573675106
436232302 0.74766249034 0.928573675106 0.672898804968 0.928573675106 0.672898804968 0.952382450071
436232305 0.757008866605 0.952382450071 0.831776214351 0.952382450071 0.831776214351 0.928573675106
436232306 0.831776214351 0.928573675106 0.757008866605 0.928573675106 0.757008866605 0.952382450071
436232309 0.841122590616 0.952382450071 0.915886275989 0.952382450071 0.915886275989 0.928573675106
436232310 0.915886275989 0.928573675106 0.841122590616 0.928573675106 0.841122590616 0.952382450071
436232313 0.925232652254 0.952382450071 1.0 0.952382450071 1.0 0.928573675106
436232314 1.0 0.928573675106 0.925232652254 0.928573675106 0.925232652254 0.952382450071
436232325 0.504671356946 0.928573675106 0.579438704692 0.928573675106 0.579438704692 0.904764900142
436232326 0.579438704692 0.904764900142 0.504671356946 0.904764900142 0.504671356946 0.928573675106
436232329 0.588785080957 0.928573675106 0.663552428703 0.928573675106 0.663552428703 0.904764900142
436232330 0.663552428703 0.904764900142 0.588785080957 0.904764900142 0.588785080957 0.928573675106
436232333 0.672898804968 0.928573675106 0.74766249034 0.928573675106 0.74766249034 0.904764900142
436232334 0.74766249034 0.904764900142 0.672898804968 0.904764900142 0.672898804968 0.928573675106
436232337 0.757008866605 0.928573675106 0.831776214351 0.928573675106 0.831776214351 0.904764900142
436232338 0.831776214351 0.904764900142 0.757008866605 0.904764900142 0.757008866605 0.928573675106
436232341 0.841122590616 0.928573675106 0.915886275989 0.928573675106 0.915886275989 0.904764900142
436232342 0.915886275989 0.904764900142 0.841122590616 0.904764900142 0.841122590616 0.928573675106
436232345 0.925232652254 0.928573675106 1.0 0.928573675106 1.0 0.904764900142
436232346 1.0 0.904764900142 0.925232652254 0.904764900142 0.925232652254 0.928573675106
436232357 0.504671356946 0.904764900142 0.579438704692 0.904764900142 0.579438704692 0.880956125177
436232358 0.579438704692 0.880956125177 0.504671356946 0.880956125177 0.504671356946 0.904764900142
436232361 0.588785080957 0.904764900142 0.663552428703 0.904764900142 0.663552428703 0.880956125177
436232362 0.663552428703 0.880956125177 0.588785080957 0.880956125177 0.588785080957 0.904764900142
436232365 0.672898804968 0.904764900142 0.74766249034 0.904764900142 0.74766249034 0.880956125177
436232366 0.74766249034 0.880956125177 0.672898804968 0.880956125177 0.672898804968 0.904764900142
436232369 0.757008866605 0.904764900142 0.831776214351 0.904764900142 0.831776214351 0.880956125177
436232370 0.831776214351 0.880956125177 0.757008866605 0.880956125177 0.757008866605 0.904764900142
436232373 0.841122590616 0.904764900142 0.915886275989 0.904764900142 0.915886275989 0.880956125177
436232374 0.915886275989 0.880956125177 0.841122590616 0.880956125177 0.841122590616 0.904764900142
436232377 0.925232652254 0.904764900142 1.0 0.904764900142 1.0 0.880956125177
436232378 1.0 0.880956125177 0.925232652254 0.880956125177 0.925232652254 0.904764900142
436232389 0.504671356946 0.880956125177 0.579438704692 0.880956125177 0.579438704692 0.857147350212
436232390 0.579438704692 0.857147350212 0.504671356946 0.857147350212 0.504671356946 0.880956125177
436232393 0.588785080957 0.880956125177 0.663552428703 0.880956125177 0.663552428703 0.857147350212
436232394 0.663552428703 0.857147350212 0.588785080957 0.857147350212 0.588785080957 0.880956125177
436232397 0.672898804968 0.880956125177 0.74766249034 0.880956125177 0.74766249034 0.857147350212
436232398 0.74766249034 0.857147350212 0.672898804968 0.857147350212 0.672898804968 0.880956125177
436232401 0.757008866605 0.880956125177 0.831776214351 0.880956125177 0.831776214351 0.857147350212
436232402 0.831776214351 0.857147350212 0.757008866605 0.857147350212 0.757008866605 0.880956125177
436232405 0.841122590616 0.880956125177 0.915886275989 0.880956125177 0.915886275989 0.857147350212
436232406 0.915886275989 0.857147350212 0.841122590616 0.857147350212 0.841122590616 0.880956125177
436232409 0.925232652254 0.880956125177 1.0 0.880956125177 1.0 0.857147350212
436232410 1.0 0.857147350212 0.925232652254 0.857147350212 0.925232652254 0.880956125177
436232421 0.504671356946 0.857147350212 0.579438704692 0.857147350212 0.579438704692 0.833338575248
436232422 0.579438704692 0.833338575248 0.504671356946 0.833338575248 0.504671356946 0.857147350212
436232425 0.588785080957 0.857147350212 0.663552428703 0.857147350212 0.663552428703 0.833338575248
436232426 0.663552428703 0.833338575248 0.588785080957 0.833338575248 0.588785080957 0.857147350212
436232429 0.672898804968 0.857147350212 0.74766249034 0.857147350212 0.74766249034 0.833338575248
436232430 0.74766249034 0.833338575248 0.672898804968 0.833338575248 0.672898804968 0.857147350212
436232433 0.757008866605 0.857147350212 0.831776214351 0.857147350212 0.831776214351 0.833338575248
436232434 0.831776214351 0.833338575248 0.757008866605 0.833338575248 0.757008866605 0.857147350212
436232437 0.841122590616 0.857147350212 0.915886275989 0.857147350212 0.915886275989 0.833338575248
436232438 0.915886275989 0.833338575248 0.841122590616 0.833338575248 0.841122590616 0.857147350212
436232441 0.925232652254 0.857147350212 1.0 0.857147350212 1.0 0.833338575248
436232442 1.0 0.833338575248 0.925232652254 0.833338575248 0.925232652254 0.857147350212
436232453 0.504671356946 0.833338575248 0.579438704692 0.833338575248 0.579438704692 0.809529800283
436232454 0.579438704692 0.809529800283 0.504671356946 0.809529800283 0.504671356946 0.833338575248
436232457 0.588785080957 0.833338575248 0.663552428703 0.833338575248 0.663552428703 0.809529800283
436232458 0.663552428703 0.809529800283 0.588785080957 0.809529800283 0.588785080957 0.833338575248
436232461 0.672898804968 0.833338575248 0.74766249034 0.833338575248 0.74766249034 0.809529800283
436232462 0.74766249034 0.809529800283 0.672898804968 0.809529800283 0.672898804968 0.833338575248
436232465 0.757008866605 0.833338575248 0.831776214351 0.833338575248 0.831776214351 0.809529800283
436232466 0.831776214351 0.809529800283 0.757008866605 0.809529800283 0.757008866605 0.833338575248
436232469 0.841122590616 0.833338575248 0.915886275989 0.833338575248 0.915886275989 0.809529800283
436232470 0.915886275989 0.809529800283 0.841122590616 0.809529800283 0.841122590616 0.833338575248
436232473 0.925232652254 0.833338575248 1.0 0.833338575248 1.0 0.809529800283
436232474 1.0 0.809529800283 0.925232652254 0.809529800283 0.925232652254 0.833338575248
436232485 0.504671356946 0.809529800283 0.579438704692 0.809529800283 0.579438704692 0.785721025318
436232486 0.579438704692 0.785721025318 0.504671356946 0.785721025318 0.504671356946 0.809529800283
436232489 0.588785080957 0.809529800283 0.663552428703 0.809529800283 0.663552428703 0.785721025318
436232490 0.663552428703 0.785721025318 0.588785080957 0.785721025318 0.588785080957 0.809529800283
436232493 0.672898804968 0.809529800283 0.74766249034 0.809529800283 0.74766249034 0.785721025318
436232494 0.74766249034 0.785721025318 0.672898804968 0.785721025318 0.672898804968 0.809529800283
436232497 0.757008866605 0.809529800283 0.831776214351 0.809529800283 0.831776214351 0.785721025318
436232498 0.831776214351 0.785721025318 0.757008866605 0.785721025318 0.757008866605 0.809529800283
436232501 0.841122590616 0.809529800283 0.915886275989 0.809529800283 0.915886275989 0.785721025318
436232502 0.915886275989 0.785721025318 0.841122590616 0.785721025318 0.841122590616 0.809529800283
436232505 0.925232652254 0.809529800283 1.0 0.809529800283 1.0 0.785721025318
436232506 1.0 0.785721025318 0.925232652254 0.785721025318 0.925232652254 0.809529800283
436232517 0.504671356946 0.785721025318 0.579438704692 0.785721025318 0.579438704692 0.761912250354
436232518 0.579438704692 0.761912250354 0.504671356946 0.761912250354 0.504671356946 0.785721025318
436232521 0.588785080957 0.785721025318 0.663552428703 0.785721025318 0.663552428703 0.761912250354
436232522 0.663552428703 0.761912250354 0.588785080957 0.761912250354 0.588785080957 0.785721025318
436232525 0.672898804968 0.785721025318 0.74766249034 0.785721025318 0.74766249034 0.761912250354
436232526 0.74766249034 0.761912250354 0.672898804968 0.761912250354 0.672898804968 0.785721025318
436232529 0.757008866605 0.785721025318 0.831776214351 0.785721025318 0.831776214351 0.761912250354
436232530 0.831776214351 0.761912250354 0.757008866605 0.761912250354 0.757008866605 0.785721025318
436232533 0.841122590616 0.785721025318 0.915886275989 0.785721025318 0.915886275989 0.761912250354
436232534 0.915886275989 0.761912250354 0.841122590616 0.761912250354 0.841122590616 0.785721025318
436232537 0.925232652254 0.785721025318 1.0 0.785721025318 1.0 0.761912250354
436232538 1.0 0.761912250354 0.925232652254 0.761912250354 0.925232652254 0.785721025318
436232549 0.504671356946 0.761912250354 0.579438704692 0.761912250354 0.579438704692 0.738103475389
436232550 0.579438704692 0.738103475389 0.504671356946 0.738103475389 0.504671356946 0.761912250354
436232553 0.588785080957 0.761912250354 0.663552428703 0.761912250354 0.663552428703 0.738103475389
436232554 0.663552428703 0.738103475389 0.588785080957 0.738103475389 0.588785080957 0.761912250354
436232557 0.672898804968 0.761912250354 0.74766249034 0.761912250354 0.74766249034 0.738103475389
436232558 0.74766249034 0.738103475389 0.672898804968 0.738103475389 0.672898804968 0.761912250354
436232561 0.757008866605 0.761912250354 0.831776214351 0.761912250354 0.831776214351 0.738103475389
436232562 0.831776214351 0.738103475389 0.757008866605 0.738103475389 0.757008866605 0.761912250354
436232565 0.841122590616 0.761912250354 0.915886275989 0.761912250354 0.915886275989 0.738103475389
436232566 0.915886275989 0.738103475389 0.841122590616 0.738103475389 0.841122590616 0.761912250354
436232569 0.925232652254 0.761912250354 1.0 0.761912250354 1.0 0.738103475389
436232570 1.0 0.738103475389 0.925232652254 0.738103475389 0.925232652254 0.761912250354
436232581 0.504671356946 0.738103475389 0.579438704692 0.738103475389 0.579438704692 0.714294700425
436232582 0.579438704692 0.714294700425 0.504671356946 0.714294700425 0.504671356946 0.738103475389
436232585 0.588785080957 0.738103475389 0.663552428703 0.738103475389 0.663552428703 0.714294700425
436232586 0.663552428703 0.714294700425 0.588785080957 0.714294700425 0.588785080957 0.738103475389
436232589 0.672898804968 0.738103475389 0.74766249034 0.738103475389 0.74766249034 0.714294700425
436232590 0.74766249034 0.714294700425 0.672898804968 0.714294700425 0.672898804968 0.738103475389
436232593 0.757008866605 0.738103475389 0.831776214351 0.738103475389 0.831776214351 0.714294700425
436232594 0.831776214351 0.714294700425 0.757008866605 0.714294700425 0.757008866605 0.738103475389
436232597 0.841122590616 0.738103475389 0.915886275989 0.738103475389 0.915886275989 0.714294700425
436232598 0.915886275989 0.714294700425 0.841122590616 0.714294700425 0.841122590616 0.738103475389
436232601 0.925232652254 0.738103475389 1.0 0.738103475389 1.0 0.714294700425
436232602 1.0 0.714294700425 0.925232652254 0.714294700425 0.925232652254 0.738103475389
436232613 0.504671356946 0.714294700425 0.579438704692 0.714294700425 0.579438704692 0.69048592546
436232614 0.579438704692 0.69048592546 0.504671356946 0.69048592546 0.504671356946 0.714294700425
436232617 0.588785080957 0.714294700425 0.663552428703 0.714294700425 0.663552428703 0.69048592546
436232618 0.663552428703 0.69048592546 0.588785080957 0.69048592546 0.588785080957 0.714294700425
436232621 0.672898804968 0.714294700425 0.74766249034 0.714294700425 0.74766249034 0.69048592546
436232622 0.74766249034 0.69048592546 0.672898804968 0.69048592546 0.672898804968 0.714294700425
436232625 0.757008866605 0.714294700425 0.831776214351 0.714294700425 0.831776214351 0.69048592546
436232626 0.831776214351 0.69048592546 0.757008866605 0.69048592546 0.757008866605 0.714294700425
436232629 0.841122590616 0.714294700425 0.915886275989 0.714294700425 0.915886275989 0.69048592546
436232630 0.915886275989 0.69048592546 0.841122590616 0.69048592546 0.841122590616 0.714294700425
436232633 0.925232652254 0.714294700425 1.0 0.714294700425 1.0 0.69048592546
436232634 1.0 0.69048592546 0.925232652254 0.69048592546 0.925232652254 0.714294700425
436232645 0.504671356946 0.69048592546 0.579438704692 0.69048592546 0.579438704692 0.666677150495
436232646 0.579438704692 0.666677150495 0.504671356946 0.666677150495 0.504671356946 0.69048592546
436232649 0.588785080957 0.69048592546 0.663552428703 0.69048592546 0.663552428703 0.666677150495
436232650 0.663552428703 0.666677150495 0.588785080957 0.666677150495 0.588785080957 0.69048592546
436232653 0.672898804968 0.69048592546 0.74766249034 0.69048592546 0.74766249034 0.666677150495
436232654 0.74766249034 0.666677150495 0.672898804968 0.666677150495 0.672898804968 0.69048592546
436232657 0.757008866605 0.69048592546 0.831776214351 0.69048592546 0.831776214351 0.666677150495
436232658 0.831776214351 0.666677150495 0.757008866605 0.666677150495 0.757008866605 0.69048592546
436232661 0.841122590616 0.69048592546 0.915886275989 0.69048592546 0.915886275989 0.666677150495
436232662 0.915886275989 0.666677150495 0.841122590616 0.666677150495 0.841122590616 0.69048592546
436232665 0.925232652254 0.69048592546 1.0 0.69048592546 1.0 0.666677150495
436232666 1.0 0.666677150495 0.925232652254 0.666677150495 0.925232652254 0.69048592546
436232677 0.504671356946 0.666677150495 0.579438704692 0.666677150495 0.579438704692 0.642868375531
436232678 0.579438704692 0.642868375531 0.504671356946 0.642868375531 0.504671356946 0.666677150495
436232681 0.588785080957 0.666677150495 0.663552428703 0.666677150495 0.663552428703 0.642868375531
436232682 0.663552428703 0.642868375531 0.588785080957 0.642868375531 0.588785080957 0.666677150495
436232685 0.672898804968 0.666677150495 0.74766249034 0.666677150495 0.74766249034 0.642868375531
436232686 0.74766249034 0.642868375531 0.672898804968 0.642868375531 0.672898804968 0.666677150495
436232689 0.757008866605 0.666677150495 0.831776214351 0.666677150495 0.831776214351 0.642868375531
436232690 0.831776214351 0.642868375531 0.757008866605 0.642868375531 0.757008866605 0.666677150495
436232693 0.841122590616 0.666677150495 0.915886275989 0.666677150495 0.915886275989 0.642868375531
436232694 0.915886275989 0.642868375531 0.841122590616 0.642868375531 0.841122590616 0.666677150495
436232697 0.925232652254 0.666677150495 1.0 0.666677150495 1.0 0.642868375531
436232698 1.0 0.642868375531 0.925232652254 0.642868375531 0.925232652254 0.666677150495
436232709 0.504671356946 0.642868375531 0.579438704692 0.642868375531 0.579438704692 0.619059600566
436232710 0.579438704692 0.619059600566 0.504671356946 0.619059600566 0.504671356946 0.642868375531
436232713 0.588785080957 0.642868375531 0.663552428703 0.642868375531 0.663552428703 0.619059600566
436232714 0.663552428703 0.619059600566 0.588785080957 0.619059600566 0.588785080957 0.642868375531
436232717 0.672898804968 0.642868375531 0.74766249034 0.642868375531 0.74766249034 0.619059600566
436232718 0.74766249034 0.619059600566 0.672898804968 0.619059600566 0.672898804968 0.642868375531
436232721 0.757008866605 0.642868375531 0.831776214351 0.642868375531 0.831776214351 0.619059600566
436232722 0.831776214351 0.619059600566 0.757008866605 0.619059600566 0.757008866605 0.642868375531
436232725 0.841122590616 0.642868375531 0.915886275989 0.642868375531 0.915886275989 0.619059600566
436232726 0.915886275989 0.619059600566 0.841122590616 0.619059600566 0.841122590616 0.642868375531
436232729 0.925232652254 0.642868375531 1.0 0.642868375531 1.0 0.619059600566
436232730 1.0 0.619059600566 0.925232652254 0.619059600566 0.925232652254 0.642868375531
436232741 0.504671356946 0.619059600566 0.579438704692 0.619059600566 0.579438704692 0.595250825602
436232742 0.579438704692 0.595250825602 0.504671356946 0.595250825602 0.504671356946 0.619059600566
436232745 0.588785080957 0.619059600566 0.663552428703 0.619059600566 0.663552428703 0.595250825602
436232746 0.663552428703 0.595250825602 0.588785080957 0.595250825602 0.588785080957 0.619059600566
436232749 0.672898804968 0.619059600566 0.74766249034 0.619059600566 0.74766249034 0.595250825602
436232750 0.74766249034 0.595250825602 0.672898804968 0.595250825602 0.672898804968 0.619059600566
436232753 0.757008866605 0.619059600566 0.831776214351 0.619059600566 0.831776214351 0.595250825602
436232754 0.831776214351 0.595250825602 0.757008866605 0.595250825602 0.757008866605 0.619059600566
436232757 0.841122590616 0.619059600566 0.915886275989 0.619059600566 0.915886275989 0.595250825602
436232758 0.915886275989 0.595250825602 0.841122590616 0.595250825602 0.841122590616 0.619059600566
436232761 0.925232652254 0.619059600566 1.0 0.619059600566 1.0 0.595250825602
436232762 1.0 0.595250825602 0.925232652254 0.595250825602 0.925232652254 0.619059600566
436232773 0.504671356946 0.595250825602 0.579438704692 0.595250825602 0.579438704692 0.571442050637
436232774 0.579438704692 0.571442050637 0.504671356946 0.571442050637 0.504671356946 0.595250825602
436232777 0.588785080957 0.595250825602 0.663552428703 0.595250825602 0.663552428703 0.571442050637
436232778 0.663552428703 0.571442050637 0.588785080957 0.571442050637 0.588785080957 0.595250825602
436232781 0.672898804968 0.595250825602 0.74766249034 0.595250825602 0.74766249034 0.571442050637
436232782 0.74766249034 0.571442050637 0.672898804968 0.571442050637 0.672898804968 0.595250825602
436232785 0.757008866605 0.595250825602 0.831776214351 0.595250825602 0.831776214351 0.571442050637
436232786 0.831776214351 0.571442050637 0.757008866605 0.571442050637 0.757008866605 0.595250825602
436232789 0.841122590616 0.595250825602 0.915886275989 0.595250825602 0.915886275989 0.571442050637
436232790 0.915886275989 0.571442050637 0.841122590616 0.571442050637 0.841122590616 0.595250825602
436232793 0.925232652254 0.595250825602 1.0 0.595250825602 1.0 0.571442050637
436232794 1.0 0.571442050637 0.925232652254 0.571442050637 0.925232652254 0.595250825602
436232805 0.504671356946 0.571442050637 0.579438704692 0.571442050637 0.579438704692 0.547633275672
436232806 0.579438704692 0.547633275672 0.504671356946 0.547633275672 0.504671356946 0.571442050637
436232809 0.588785080957 0.571442050637 0.663552428703 0.571442050637 0.663552428703 0.547633275672
436232810 0.663552428703 0.547633275672 0.588785080957 0.547633275672 0.588785080957 0.571442050637
436232813 0.672898804968 0.571442050637 0.74766249034 0.571442050637 0.74766249034 0.547633275672
436232814 0.74766249034 0.547633275672 0.672898804968 0.547633275672 0.672898804968 0.571442050637
436232817 0.757008866605 0.571442050637 0.831776214351 0.571442050637 0.831776214351 0.547633275672
436232818 0.831776214351 0.547633275672 0.757008866605 0.547633275672 0.757008866605 0.571442050637
436232821 0.841122590616 0.571442050637 0.915886275989 0.571442050637 0.915886275989 0.547633275672
436232822 0.915886275989 0.547633275672 0.841122590616 0.547633275672 0.841122590616 0.571442050637
436232825 0.925232652254 0.571442050637 1.0 0.571442050637 1.0 0.547633275672
436232826 1.0 0.547633275672 0.925232652254 0.547633275672 0.925232652254 0.571442050637
436232837 0.504671356946 0.547633275672 0.579438704692 0.547633275672 0.579438704692 0.523793049222
436232838 0.579438704692 0.523793049222 0.504671356946 0.523793049222 0.504671356946 0.547633275672
436232841 0.588785080957 0.547633275672 0.663552428703 0.547633275672 0.663552428703 0.523793049222
436232842 0.663552428703 0.523793049222 0.588785080957 0.523793049222 0.588785080957 0.547633275672
436232845 0.672898804968 0.547633275672 0.74766249034 0.547633275672 0.74766249034 0.523793049222
436232846 0.74766249034 0.523793049222 0.672898804968 0.523793049222 0.672898804968 0.547633275672
436232849 0.757008866605 0.547633275672 0.831776214351 0.547633275672 0.831776214351 0.523793049222
436232850 0.831776214351 0.523793049222 0.757008866605 0.523793049222 0.757008866605 0.547633275672
436232853 0.841122590616 0.547633275672 0.915886275989 0.547633275672 0.915886275989 0.523793049222
436232854 0.915886275989 0.523793049222 0.841122590616 0.523793049222 0.841122590616 0.547633275672
436232857 0.925232652254 0.547633275672 1.0 0.547633275672 1.0 0.523793049222
436232858 1.0 0.523793049222 0.925232652254 0.523793049222 0.925232652254 0.547633275672
436232869 0.504671356946 0.523793049222 0.579438704692 0.523793049222 0.579438704692 0.499984274257
436232870 0.579438704692 0.499984274257 0.504671356946 0.499984274257 0.504671356946 0.523793049222
436232873 0.588785080957 0.523793049222 0.663552428703 0.523793049222 0.663552428703 0.499984274257
436232874 0.663552428703 0.499984274257 0.588785080957 0.499984274257 0.588785080957 0.523793049222
436232877 0.672898804968 0.523793049222 0.74766249034 0.523793049222 0.74766249034 0.499984274257
436232878 0.74766249034 0.499984274257 0.672898804968 0.499984274257 0.672898804968 0.523793049222
436232881 0.757008866605 0.523793049222 0.831776214351 0.523793049222 0.831776214351 0.499984274257
436232882 0.831776214351 0.499984274257 0.757008866605 0.499984274257 0.757008866605 0.523793049222
436232885 0.841122590616 0.523793049222 0.915886275989 0.523793049222 0.915886275989 0.499984274257
436232886 0.915886275989 0.499984274257 0.841122590616 0.499984274257 0.841122590616 0.523793049222
436232889 0.925232652254 0.523793049222 1.0 0.523793049222 1.0 0.499984274257
436232890 1.0 0.499984274257 0.925232652254 0.499984274257 0.925232652254 0.523793049222
436232901 0.504671356946 0.499984274257 0.579438704692 0.499984274257 0.579438704692 0.476175499292
436232902 0.579438704692 0.476175499292 0.504671356946 0.476175499292 0.504671356946 0.499984274257
436232905 0.588785080957 0.499984274257 0.663552428703 0.499984274257 0.663552428703 0.476175499292
436232906 0.663552428703 0.476175499292 0.588785080957 0.476175499292 0.588785080957 0.499984274257
436232909 0.672898804968 0.499984274257 0.74766249034 0.499984274257 0.74766249034 0.476175499292
436232910 0.74766249034 0.476175499292 0.672898804968 0.476175499292 0.672898804968 0.499984274257
436232913 0.757008866605 0.499984274257 0.831776214351 0.499984274257 0.831776214351 0.476175499292
436232914 0.831776214351 0.476175499292 0.757008866605 0.476175499292 0.757008866605 0.499984274257
436232917 0.841122590616 0.499984274257 0.915886275989 0.499984274257 0.915886275989 0.476175499292
436232918 0.915886275989 0.476175499292 0.841122590616 0.476175499292 0.841122590616 0.499984274257
436232921 0.925232652254 0.499984274257 1.0 0.499984274257 1.0 0.476175499292
436232922 1.0 0.476175499292 0.925232652254 0.476175499292 0.925232652254 0.499984274257
436232933 0.504671356946 0.476175499292 0.579438704692 0.476175499292 0.579438704692 0.452366724328
436232934 0.579438704692 0.452366724328 0.504671356946 0.452366724328 0.504671356946 0.476175499292
436232937 0.588785080957 0.476175499292 0.663552428703 0.476175499292 0.663552428703 0.452366724328
436232938 0.663552428703 0.452366724328 0.588785080957 0.452366724328 0.588785080957 0.476175499292
436232941 0.672898804968 0.476175499292 0.74766249034 0.476175499292 0.74766249034 0.452366724328
436232942 0.74766249034 0.452366724328 0.672898804968 0.452366724328 0.672898804968 0.476175499292
436232945 0.757008866605 0.476175499292 0.831776214351 0.476175499292 0.831776214351 0.452366724328
436232946 0.831776214351 0.452366724328 0.757008866605 0.452366724328 0.757008866605 0.476175499292
436232949 0.841122590616 0.476175499292 0.915886275989 0.476175499292 0.915886275989 0.452366724328
436232950 0.915886275989 0.452366724328 0.841122590616 0.452366724328 0.841122590616 0.476175499292
436232953 0.925232652254 0.476175499292 1.0 0.476175499292 1.0 0.452366724328
436232954 1.0 0.452366724328 0.925232652254 0.452366724328 0.925232652254 0.476175499292
436232965 0.504671356946 0.452366724328 0.579438704692 0.452366724328 0.579438704692 0.428557949363
436232966 0.579438704692 0.428557949363 0.504671356946 0.428557949363 0.504671356946 0.452366724328
436232969 0.588785080957 0.452366724328 0.663552428703 0.452366724328 0.663552428703 0.428557949363
436232970 0.663552428703 0.428557949363 0.588785080957 0.428557949363 0.588785080957 0.452366724328
436232973 0.672898804968 0.452366724328 0.74766249034 0.452366724328 0.74766249034 0.428557949363
436232974 0.74766249034 0.428557949363 0.672898804968 0.428557949363 0.672898804968 0.452366724328
436232977 0.757008866605 0.452366724328 0.831776214351 0.452366724328 0.831776214351 0.428557949363
436232978 0.831776214351 0.428557949363 0.757008866605 0.428557949363 0.757008866605 0.452366724328
436232981 0.841122590616 0.452366724328 0.915886275989 0.452366724328 0.915886275989 0.428557949363
436232982 0.915886275989 0.428557949363 0.841122590616 0.428557949363 0.841122590616 0.452366724328
436232985 0.925232652254 0.452366724328 1.0 0.452366724328 1.0 0.428557949363
436232986 1.0 0.428557949363 0.925232652254 0.428557949363 0.925232652254 0.452366724328
436232997 0.504671356946 0.428557949363 0.579438704692 0.428557949363 0.579438704692 0.404749174398
436232998 0.579438704692 0.404749174398 0.504671356946 0.404749174398 0.504671356946 0.428557949363
436233001 0.588785080957 0.428557949363 0.663552428703 0.428557949363 0.663552428703 0.404749174398
436233002 0.663552428703 0.404749174398 0.588785080957 0.404749174398 0.588785080957 0.428557949363
436233005 0.672898804968 0.428557949363 0.74766249034 0.428557949363 0.74766249034 0.404749174398
436233006 0.74766249034 0.404749174398 0.672898804968 0.404749174398 0.672898804968 0.428557949363
436233009 0.757008866605 0.428557949363 0.831776214351 0.428557949363 0.831776214351 0.404749174398
436233010 0.831776214351 0.404749174398 0.757008866605 0.404749174398 0.757008866605 0.428557949363
436233013 0.841122590616 0.428557949363 0.915886275989 0.428557949363 0.915886275989 0.404749174398
436233014 0.915886275989 0.404749174398 0.841122590616 0.404749174398 0.841122590616 0.428557949363
436233017 0.925232652254 0.428557949363 1.0 0.428557949363 1.0 0.404749174398
436233018 1.0 0.404749174398 0.925232652254 0.404749174398 0.925232652254 0.428557949363
436233029 0.504671356946 0.404749174398 0.579438704692 0.404749174398 0.579438704692 0.380940399434
436233030 0.579438704692 0.380940399434 0.504671356946 0.380940399434 0.504671356946 0.404749174398
436233033 0.588785080957 0.404749174398 0.663552428703 0.404749174398 0.663552428703 0.380940399434
436233034 0.663552428703 0.380940399434 0.588785080957 0.380940399434 0.588785080957 0.404749174398
436233037 0.672898804968 0.404749174398 0.74766249034 0.404749174398 0.74766249034 0.380940399434
436233038 0.74766249034 0.380940399434 0.672898804968 0.380940399434 0.672898804968 0.404749174398
436233041 0.757008866605 0.404749174398 0.831776214351 0.404749174398 0.831776214351 0.380940399434
436233042 0.831776214351 0.380940399434 0.757008866605 0.380940399434 0.757008866605 0.404749174398
436233045 0.841122590616 0.404749174398 0.915886275989 0.404749174398 0.915886275989 0.380940399434
436233046 0.915886275989 0.380940399434 0.841122590616 0.380940399434 0.841122590616 0.404749174398
436233049 0.925232652254 0.404749174398 1.0 0.404749174398 1.0 0.380940399434
436233050 1.0 0.380940399434 0.925232652254 0.380940399434 0.925232652254 0.404749174398
436233061 0.504671356946 0.380940399434 0.579438704692 0.380940399434 0.579438704692 0.357131624469
436233062 0.579438704692 0.357131624469 0.504671356946 0.357131624469 0.504671356946 0.380940399434
436233065 0.588785080957 0.380940399434 0.663552428703 0.380940399434 0.663552428703 0.357131624469
436233066 0.663552428703 0.357131624469 0.588785080957 0.357131624469 0.588785080957 0.380940399434
436233069 0.672898804968 0.380940399434 0.74766249034 0.380940399434 0.74766249034 0.357131624469
436233070 0.74766249034 0.357131624469 0.672898804968 0.357131624469 0.672898804968 0.380940399434
436233073 0.757008866605 0.380940399434 0.831776214351 0.380940399434 0.831776214351 0.357131624469
436233074 0.831776214351 0.357131624469 0.757008866605 0.357131624469 0.757008866605 0.380940399434
436233077 0.841122590616 0.380940399434 0.915886275989 0.380940399434 0.915886275989 0.357131624469
436233078 0.915886275989 0.357131624469 0.841122590616 0.357131624469 0.841122590616 0.380940399434
436233081 0.925232652254 0.380940399434 1.0 0.380940399434 1.0 0.357131624469
436233082 1.0 0.357131624469 0.925232652254 0.357131624469 0.925232652254 0.380940399434
436233093 0.504671356946 0.357131624469 0.579438704692 0.357131624469 0.579438704692 0.333322849505
436233094 0.579438704692 0.333322849505 0.504671356946 0.333322849505 0.504671356946 0.357131624469
436233097 0.588785080957 0.357131624469 0.663552428703 0.357131624469 0.663552428703 0.333322849505
436233098 0.663552428703 0.333322849505 0.588785080957 0.333322849505 0.588785080957 0.357131624469
436233101 0.672898804968 0.357131624469 0.74766249034 0.357131624469 0.74766249034 0.333322849505
436233102 0.74766249034 0.333322849505 0.672898804968 0.333322849505 0.672898804968 0.357131624469
436233105 0.757008866605 0.357131624469 0.831776214351 0.357131624469 0.831776214351 0.333322849505
436233106 0.831776214351 0.333322849505 0.757008866605 0.333322849505 0.757008866605 0.357131624469
436233109 0.841122590616 0.357131624469 0.915886275989 0.357131624469 0.915886275989 0.333322849505
436233110 0.915886275989 0.333322849505 0.841122590616 0.333322849505 0.841122590616 0.357131624469
436233113 0.925232652254 0.357131624469 1.0 0.357131624469 1.0 0.333322849505
436233114 1.0 0.333322849505 0.925232652254 0.333322849505 0.925232652254 0.357131624469
436233125 0.504671356946 0.333322849505 0.579438704692 0.333322849505 0.579438704692 0.30951407454
436233126 0.579438704692 0.30951407454 0.504671356946 0.30951407454 0.504671356946 0.333322849505
436233129 0.588785080957 0.333322849505 0.663552428703 0.333322849505 0.663552428703 0.30951407454
436233130 0.663552428703 0.30951407454 0.588785080957 0.30951407454 0.588785080957 0.333322849505
436233133 0.672898804968 0.333322849505 0.74766249034 0.333322849505 0.74766249034 0.30951407454
436233134 0.74766249034 0.30951407454 0.672898804968 0.30951407454 0.672898804968 0.333322849505
436233137 0.757008866605 0.333322849505 0.831776214351 0.333322849505 0.831776214351 0.30951407454
436233138 0.831776214351 0.30951407454 0.757008866605 0.30951407454 0.757008866605 0.333322849505
436233141 0.841122590616 0.333322849505 0.915886275989 0.333322849505 0.915886275989 0.30951407454
436233142 0.915886275989 0.30951407454 0.841122590616 0.30951407454 0.841122590616 0.333322849505
436233145 0.925232652254 0.333322849505 1.0 0.333322849505 1.0 0.30951407454
436233146 1.0 0.30951407454 0.925232652254 0.30951407454 0.925232652254 0.333322849505
436233157 0.504671356946 0.30951407454 0.579438704692 0.30951407454 0.579438704692 0.285705299575
436233158 0.579438704692 0.285705299575 0.504671356946 0.285705299575 0.504671356946 0.30951407454
436233161 0.588785080957 0.30951407454 0.663552428703 0.30951407454 0.663552428703 0.285705299575
436233162 0.663552428703 0.285705299575 0.588785080957 0.285705299575 0.588785080957 0.30951407454
436233165 0.672898804968 0.30951407454 0.74766249034 0.30951407454 0.74766249034 0.285705299575
436233166 0.74766249034 0.285705299575 0.672898804968 0.285705299575 0.672898804968 0.30951407454
436233169 0.757008866605 0.30951407454 0.831776214351 0.30951407454 0.831776214351 0.285705299575
436233170 0.831776214351 0.285705299575 0.757008866605 0.285705299575 0.757008866605 0.30951407454
436233173 0.841122590616 0.30951407454 0.915886275989 0.30951407454 0.915886275989 0.285705299575
436233174 0.915886275989 0.285705299575 0.841122590616 0.285705299575 0.841122590616 0.30951407454
436233177 0.925232652254 0.30951407454 1.0 0.30951407454 1.0 0.285705299575
436233178 1.0 0.285705299575 0.925232652254 0.285705299575 0.925232652254 0.30951407454
436233189 0.504671356946 0.285705299575 0.579438704692 0.285705299575 0.579438704692 0.261896524611
436233190 0.579438704692 0.261896524611 0.504671356946 0.261896524611 0.504671356946 0.285705299575
436233193 0.588785080957 0.285705299575 0.663552428703 0.285705299575 0.663552428703 0.261896524611
436233194 0.663552428703 0.261896524611 0.588785080957 0.261896524611 0.588785080957 0.285705299575
436233197 0.672898804968 0.285705299575 0.74766249034 0.285705299575 0.74766249034 0.261896524611
436233198 0.74766249034 0.261896524611 0.672898804968 0.261896524611 0.672898804968 0.285705299575
436233201 0.757008866605 0.285705299575 0.831776214351 0.285705299575 0.831776214351 0.261896524611
436233202 0.831776214351 0.261896524611 0.757008866605 0.261896524611 0.757008866605 0.285705299575
436233205 0.841122590616 0.285705299575 0.915886275989 0.285705299575 0.915886275989 0.261896524611
436233206 0.915886275989 0.261896524611 0.841122590616 0.261896524611 0.841122590616 0.285705299575
436233209 0.925232652254 0.285705299575 1.0 0.285705299575 1.0 0.261896524611
436233210 1.0 0.261896524611 0.925232652254 0.261896524611 0.925232652254 0.285705299575
436233221 0.504671356946 0.261896524611 0.579438704692 0.261896524611 0.579438704692 0.238087749646
436233222 0.579438704692 0.238087749646 0.504671356946 0.238087749646 0.504671356946 0.261896524611
436233225 0.588785080957 0.261896524611 0.663552428703 0.261896524611 0.663552428703 0.238087749646
436233226 0.663552428703 0.238087749646 0.588785080957 0.238087749646 0.588785080957 0.261896524611
436233229 0.672898804968 0.261896524611 0.74766249034 0.261896524611 0.74766249034 0.238087749646
436233230 0.74766249034 0.238087749646 0.672898804968 0.238087749646 0.672898804968 0.261896524611
436233233 0.757008866605 0.261896524611 0.831776214351 0.261896524611 0.831776214351 0.238087749646
436233234 0.831776214351 0.238087749646 0.757008866605 0.238087749646 0.757008866605 0.261896524611
436233237 0.841122590616 0.261896524611 0.915886275989 0.261896524611 0.915886275989 0.238087749646
436233238 0.915886275989 0.238087749646 0.841122590616 0.238087749646 0.841122590616 0.261896524611
436233241 0.925232652254 0.261896524611 1.0 0.261896524611 1.0 0.238087749646
436233242 1.0 0.238087749646 0.925232652254 0.238087749646 0.925232652254 0.261896524611
436233253 0.504671356946 0.238087749646 0.579438704692 0.238087749646 0.579438704692 0.214278974682
436233254 0.579438704692 0.214278974682 0.504671356946 0.214278974682 0.504671356946 0.238087749646
436233257 0.588785080957 0.238087749646 0.663552428703 0.238087749646 0.663552428703 0.214278974682
436233258 0.663552428703 0.214278974682 0.588785080957 0.214278974682 0.588785080957 0.238087749646
436233261 0.672898804968 0.238087749646 0.74766249034 0.238087749646 0.74766249034 0.214278974682
436233262 0.74766249034 0.214278974682 0.672898804968 0.214278974682 0.672898804968 0.238087749646
436233265 0.757008866605 0.238087749646 0.831776214351 0.238087749646 0.831776214351 0.214278974682
436233266 0.831776214351 0.214278974682 0.757008866605 0.214278974682 0.757008866605 0.238087749646
436233269 0.841122590616 0.238087749646 0.915886275989 0.238087749646 0.915886275989 0.214278974682
436233270 0.915886275989 0.214278974682 0.841122590616 0.214278974682 0.841122590616 0.238087749646
436233273 0.925232652254 0.238087749646 1.0 0.238087749646 1.0 0.214278974682
436233274 1.0 0.214278974682 0.925232652254 0.214278974682 0.925232652254 0.238087749646
436233285 0.504671356946 0.214278974682 0.579438704692 0.214278974682 0.579438704692 0.190470199717
436233286 0.579438704692 0.190470199717 0.504671356946 0.190470199717 0.504671356946 0.214278974682
436233289 0.588785080957 0.214278974682 0.663552428703 0.214278974682 0.663552428703 0.190470199717
436233290 0.663552428703 0.190470199717 0.588785080957 0.190470199717 0.588785080957 0.214278974682
436233293 0.672898804968 0.214278974682 0.74766249034 0.214278974682 0.74766249034 0.190470199717
436233294 0.74766249034 0.190470199717 0.672898804968 0.190470199717 0.672898804968 0.214278974682
436233297 0.757008866605 0.214278974682 0.831776214351 0.214278974682 0.831776214351 0.190470199717
436233298 0.831776214351 0.190470199717 0.757008866605 0.190470199717 0.757008866605 0.214278974682
436233301 0.841122590616 0.214278974682 0.915886275989 0.214278974682 0.915886275989 0.190470199717
436233302 0.915886275989 0.190470199717 0.841122590616 0.190470199717 0.841122590616 0.214278974682
436233305 0.925232652254 0.214278974682 1.0 0.214278974682 1.0 0.190470199717
436233306 1.0 0.190470199717 0.925232652254 0.190470199717 0.925232652254 0.214278974682
436233317 0.504671356946 0.190470199717 0.579438704692 0.190470199717 0.579438704692 0.166661424752
436233318 0.579438704692 0.166661424752 0.504671356946 0.166661424752 0.504671356946 0.190470199717
436233321 0.588785080957 0.190470199717 0.663552428703 0.190470199717 0.663552428703 0.166661424752
436233322 0.663552428703 0.166661424752 0.588785080957 0.166661424752 0.588785080957 0.190470199717
436233325 0.672898804968 0.190470199717 0.74766249034 0.190470199717 0.74766249034 0.166661424752
436233326 0.74766249034 0.166661424752 0.672898804968 0.166661424752 0.672898804968 0.190470199717
436233329 0.757008866605 0.190470199717 0.831776214351 0.190470199717 0.831776214351 0.166661424752
436233330 0.831776214351 0.166661424752 0.757008866605 0.166661424752 0.757008866605 0.190470199717
436233333 0.841122590616 0.190470199717 0.915886275989 0.190470199717 0.915886275989 0.166661424752
436233334 0.915886275989 0.166661424752 0.841122590616 0.166661424752 0.841122590616 0.190470199717
436233337 0.925232652254 0.190470199717 1.0 0.190470199717 1.0 0.166661424752
436233338 1.0 0.166661424752 0.925232652254 0.166661424752 0.925232652254 0.190470199717
436233349 0.504671356946 0.166661424752 0.579438704692 0.166661424752 0.579438704692 0.142852649788
436233350 0.579438704692 0.142852649788 0.504671356946 0.142852649788 0.504671356946 0.166661424752
436233353 0.588785080957 0.166661424752 0.663552428703 0.166661424752 0.663552428703 0.142852649788
436233354 0.663552428703 0.142852649788 0.588785080957 0.142852649788 0.588785080957 0.166661424752
436233357 0.672898804968 0.166661424752 0.74766249034 0.166661424752 0.74766249034 0.142852649788
436233358 0.74766249034 0.142852649788 0.672898804968 0.142852649788 0.672898804968 0.166661424752
436233361 0.757008866605 0.166661424752 0.831776214351 0.166661424752 0.831776214351 0.142852649788
436233362 0.831776214351 0.142852649788 0.757008866605 0.142852649788 0.757008866605 0.166661424752
436233365 0.841122590616 0.166661424752 0.915886275989 0.166661424752 0.915886275989 0.142852649788
436233366 0.915886275989 0.142852649788 0.841122590616 0.142852649788 0.841122590616 0.166661424752
436233369 0.925232652254 0.166661424752 1.0 0.166661424752 1.0 0.142852649788
436233370 1.0 0.142852649788 0.925232652254 0.142852649788 0.925232652254 0.166661424752
436233381 0.504671356946 0.142852649788 0.579438704692 0.142852649788 0.579438704692 0.119043874823
436233382 0.579438704692 0.119043874823 0.504671356946 0.119043874823 0.504671356946 0.142852649788
436233385 0.588785080957 0.142852649788 0.663552428703 0.142852649788 0.663552428703 0.119043874823
436233386 0.663552428703 0.119043874823 0.588785080957 0.119043874823 0.588785080957 0.142852649788
436233389 0.672898804968 0.142852649788 0.74766249034 0.142852649788 0.74766249034 0.119043874823
436233390 0.74766249034 0.119043874823 0.672898804968 0.119043874823 0.672898804968 0.142852649788
436233393 0.757008866605 0.142852649788 0.831776214351 0.142852649788 0.831776214351 0.119043874823
436233394 0.831776214351 0.119043874823 0.757008866605 0.119043874823 0.757008866605 0.142852649788
436233397 0.841122590616 0.142852649788 0.915886275989 0.142852649788 0.915886275989 0.119043874823
436233398 0.915886275989 0.119043874823 0.841122590616 0.119043874823 0.841122590616 0.142852649788
436233401 0.925232652254 0.142852649788 1.0 0.142852649788 1.0 0.119043874823
436233402 1.0 0.119043874823 0.925232652254 0.119043874823 0.925232652254 0.142852649788
436233413 0.504671356946 0.119043874823 0.579438704692 0.119043874823 0.579438704692 0.0952350998585
436233414 0.579438704692 0.0952350998585 0.504671356946 0.0952350998585 0.504671356946 0.119043874823
436233417 0.588785080957 0.119043874823 0.663552428703 0.119043874823 0.663552428703 0.0952350998585
436233418 0.663552428703 0.0952350998585 0.588785080957 0.0952350998585 0.588785080957 0.119043874823
436233421 0.672898804968 0.119043874823 0.74766249034 0.119043874823 0.74766249034 0.0952350998585
436233422 0.74766249034 0.0952350998585 0.672898804968 0.0952350998585 0.672898804968 0.119043874823
436233425 0.757008866605 0.119043874823 0.831776214351 0.119043874823 0.831776214351 0.0952350998585
436233426 0.831776214351 0.0952350998585 0.757008866605 0.0952350998585 0.757008866605 0.119043874823
436233429 0.841122590616 0.119043874823 0.915886275989 0.119043874823 0.915886275989 0.0952350998585
436233430 0.915886275989 0.0952350998585 0.841122590616 0.0952350998585 0.841122590616 0.119043874823
436233433 0.925232652254 0.119043874823 1.0 0.119043874823 1.0 0.0952350998585
436233434 1.0 0.0952350998585 0.925232652254 0.0952350998585 0.925232652254 0.119043874823
436233445 0.504671356946 0.0952350998585 0.579438704692 0.0952350998585 0.579438704692 0.0714263248939
436233446 0.579438704692 0.0714263248939 0.504671356946 0.0714263248939 0.504671356946 0.0952350998585
436233449 0.588785080957 0.0952350998585 0.663552428703 0.0952350998585 0.663552428703 0.0714263248939
436233450 0.663552428703 0.0714263248939 0.588785080957 0.0714263248939 0.588785080957 0.0952350998585
436233453 0.672898804968 0.0952350998585 0.74766249034 0.0952350998585 0.74766249034 0.0714263248939
436233454 0.74766249034 0.0714263248939 0.672898804968 0.0714263248939 0.672898804968 0.0952350998585
436233457 0.757008866605 0.0952350998585 0.831776214351 0.0952350998585 0.831776214351 0.0714263248939
436233458 0.831776214351 0.0714263248939 0.757008866605 0.0714263248939 0.757008866605 0.0952350998585
436233461 0.841122590616 0.0952350998585 0.915886275989 0.0952350998585 0.915886275989 0.0714263248939
436233462 0.915886275989 0.0714263248939 0.841122590616 0.0714263248939 0.841122590616 0.0952350998585
436233465 0.925232652254 0.0952350998585 1.0 0.0952350998585 1.0 0.0714263248939
436233466 1.0 0.0714263248939 0.925232652254 0.0714263248939 0.925232652254 0.0952350998585
436233477 0.504671356946 0.0714263248939 0.579438704692 0.0714263248939 0.579438704692 0.0476175499292
436233478 0.579438704692 0.0476175499292 0.504671356946 0.0476175499292 0.504671356946 0.0714263248939
436233481 0.588785080957 0.0714263248939 0.663552428703 0.0714263248939 0.663552428703 0.0476175499292
436233482 0.663552428703 0.0476175499292 0.588785080957 0.0476175499292 0.588785080957 0.0714263248939
436233485 0.672898804968 0.0714263248939 0.74766249034 0.0714263248939 0.74766249034 0.0476175499292
436233486 0.74766249034 0.0476175499292 0.672898804968 0.0476175499292 0.672898804968 0.0714263248939
436233489 0.757008866605 0.0714263248939 0.831776214351 0.0714263248939 0.831776214351 0.0476175499292
436233490 0.831776214351 0.0476175499292 0.757008866605 0.0476175499292 0.757008866605 0.0714263248939
436233493 0.841122590616 0.0714263248939 0.915886275989 0.0714263248939 0.915886275989 0.0476175499292
436233494 0.915886275989 0.0476175499292 0.841122590616 0.0476175499292 0.841122590616 0.0714263248939
436233497 0.925232652254 0.0714263248939 1.0 0.0714263248939 1.0 0.0476175499292
436233498 1.0 0.0476175499292 0.925232652254 0.0476175499292 0.925232652254 0.0714263248939
436233509 0.504671356946 0.0476175499292 0.579438704692 0.0476175499292 0.579438704692 0.0238087749646
436233510 0.579438704692 0.0238087749646 0.504671356946 0.0238087749646 0.504671356946 0.0476175499292
436233513 0.588785080957 0.0476175499292 0.663552428703 0.0476175499292 0.663552428703 0.0238087749646
436233514 0.663552428703 0.0238087749646 0.588785080957 0.0238087749646 0.588785080957 0.0476175499292
436233517 0.672898804968 0.0476175499292 0.74766249034 0.0476175499292 0.74766249034 0.0238087749646
436233518 0.74766249034 0.0238087749646 0.672898804968 0.0238087749646 0.672898804968 0.0476175499292
436233521 0.757008866605 0.0476175499292 0.831776214351 0.0476175499292 0.831776214351 0.0238087749646
436233522 0.831776214351 0.0238087749646 0.757008866605 0.0238087749646 0.757008866605 0.0476175499292
436233525 0.841122590616 0.0476175499292 0.915886275989 0.0476175499292 0.915886275989 0.0238087749646
436233526 0.915886275989 0.0238087749646 0.841122590616 0.0238087749646 0.841122590616 0.0476175499292
436233529 0.925232652254 0.0476175499292 1.0 0.0476175499292 1.0 0.0238087749646
436233530 1.0 0.0238087749646 0.925232652254 0.0238087749646 0.925232652254 0.0476175499292
436233541 0.504671356946 0.0238087749646 0.579438704692 0.0238087749646 0.579438704692 0.0
436233542 0.579438704692 0.0 0.504671356946 0.0 0.504671356946 0.0238087749646
436233545 0.588785080957 0.0238087749646 0.663552428703 0.0238087749646 0.663552428703 0.0
436233546 0.663552428703 0.0 0.588785080957 0.0 0.588785080957 0.0238087749646
436233549 0.672898804968 0.0238087749646 0.74766249034 0.0238087749646 0.74766249034 0.0
436233550 0.74766249034 0.0 0.672898804968 0.0 0.672898804968 0.0238087749646
436233553 0.757008866605 0.0238087749646 0.831776214351 0.0238087749646 0.831776214351 0.0
436233554 0.831776214351 0.0 0.757008866605 0.0 0.757008866605 0.0238087749646
436233557 0.841122590616 0.0238087749646 0.915886275989 0.0238087749646 0.915886275989 0.0
436233558 0.915886275989 0.0 0.841122590616 0.0 0.841122590616 0.0238087749646
436233561 0.925232652254 0.0238087749646 1.0 0.0238087749646 1.0 0.0
436233562 1.0 0.0 0.925232652254 0.0 0.925232652254 0.0238087749646
