# Xscale/Yscale
# 253.112/305.18
369153044 0.420560858434 1.0 0.495326179715 1.0 0.495326179715 0.978275116325 0.420560858434 0.978275116325
369153048 0.252338885553 1.0 0.327104206833 1.0 0.327104206833 0.978275116325 0.252338885553 0.978275116325
369153052 0.0841129618509 1.0 0.158878283132 1.0 0.158878283132 0.978275116325 0.0841129618509 0.978275116325
369153060 0.420560858434 0.978275116325 0.495326179715 0.978275116325 0.495326179715 0.95655023265 0.420560858434 0.95655023265
369153064 0.252338885553 0.978275116325 0.327104206833 0.978275116325 0.327104206833 0.95655023265 0.252338885553 0.95655023265
369153068 0.0841129618509 0.978275116325 0.158878283132 0.978275116325 0.158878283132 0.95655023265 0.0841129618509 0.95655023265
369153076 0.420560858434 0.95655023265 0.495326179715 0.95655023265 0.495326179715 0.934792581427 0.420560858434 0.934792581427
369153080 0.252338885553 0.95655023265 0.327104206833 0.95655023265 0.327104206833 0.934792581427 0.252338885553 0.934792581427
369153084 0.0841129618509 0.95655023265 0.158878283132 0.95655023265 0.158878283132 0.934792581427 0.0841129618509 0.934792581427
369153092 0.420560858434 0.934792581427 0.495326179715 0.934792581427 0.495326179715 0.913067697752 0.420560858434 0.913067697752
369153096 0.252338885553 0.934792581427 0.327104206833 0.934792581427 0.327104206833 0.913067697752 0.252338885553 0.913067697752
369153100 0.0841129618509 0.934792581427 0.158878283132 0.934792581427 0.158878283132 0.913067697752 0.0841129618509 0.913067697752
369153108 0.420560858434 0.913067697752 0.495326179715 0.913067697752 0.495326179715 0.89131004653 0.420560858434 0.89131004653
369153112 0.252338885553 0.913067697752 0.327104206833 0.913067697752 0.327104206833 0.89131004653 0.252338885553 0.89131004653
369153116 0.0841129618509 0.913067697752 0.158878283132 0.913067697752 0.158878283132 0.89131004653 0.0841129618509 0.89131004653
369153124 0.420560858434 0.89131004653 0.495326179715 0.89131004653 0.495326179715 0.869585162855 0.420560858434 0.869585162855
369153128 0.252338885553 0.89131004653 0.327104206833 0.89131004653 0.327104206833 0.869585162855 0.252338885553 0.869585162855
369153132 0.0841129618509 0.89131004653 0.158878283132 0.89131004653 0.158878283132 0.869585162855 0.0841129618509 0.869585162855
369153140 0.420560858434 0.869585162855 0.495326179715 0.869585162855 0.495326179715 0.847827511632 0.420560858434 0.847827511632
369153144 0.252338885553 0.869585162855 0.327104206833 0.869585162855 0.327104206833 0.847827511632 0.252338885553 0.847827511632
369153148 0.0841129618509 0.869585162855 0.158878283132 0.869585162855 0.158878283132 0.847827511632 0.0841129618509 0.847827511632
369153156 0.420560858434 0.847827511632 0.495326179715 0.847827511632 0.495326179715 0.826102627957 0.420560858434 0.826102627957
369153160 0.252338885553 0.847827511632 0.327104206833 0.847827511632 0.327104206833 0.826102627957 0.252338885553 0.826102627957
369153164 0.0841129618509 0.847827511632 0.158878283132 0.847827511632 0.158878283132 0.826102627957 0.0841129618509 0.826102627957
369153172 0.420560858434 0.826102627957 0.495326179715 0.826102627957 0.495326179715 0.804344976735 0.420560858434 0.804344976735
369153176 0.252338885553 0.826102627957 0.327104206833 0.826102627957 0.327104206833 0.804344976735 0.252338885553 0.804344976735
369153180 0.0841129618509 0.826102627957 0.158878283132 0.826102627957 0.158878283132 0.804344976735 0.0841129618509 0.804344976735
369153188 0.420560858434 0.78262009306 0.495326179715 0.78262009306 0.495326179715 0.760895209385 0.420560858434 0.760895209385
369153192 0.252338885553 0.78262009306 0.327104206833 0.78262009306 0.327104206833 0.760895209385 0.252338885553 0.760895209385
369153196 0.0841129618509 0.78262009306 0.158878283132 0.78262009306 0.158878283132 0.760895209385 0.0841129618509 0.760895209385
369153204 0.420560858434 0.760895209385 0.495326179715 0.760895209385 0.495326179715 0.739137558162 0.420560858434 0.739137558162
369153208 0.252338885553 0.760895209385 0.327104206833 0.760895209385 0.327104206833 0.739137558162 0.252338885553 0.739137558162
369153212 0.0841129618509 0.760895209385 0.158878283132 0.760895209385 0.158878283132 0.739137558162 0.0841129618509 0.739137558162
369153220 0.420560858434 0.739137558162 0.495326179715 0.739137558162 0.495326179715 0.717412674487 0.420560858434 0.717412674487
369153224 0.252338885553 0.739137558162 0.327104206833 0.739137558162 0.327104206833 0.717412674487 0.252338885553 0.717412674487
369153228 0.0841129618509 0.739137558162 0.158878283132 0.739137558162 0.158878283132 0.717412674487 0.0841129618509 0.717412674487
369153236 0.420560858434 0.717412674487 0.495326179715 0.717412674487 0.495326179715 0.695655023265 0.420560858434 0.695655023265
369153240 0.252338885553 0.717412674487 0.327104206833 0.717412674487 0.327104206833 0.695655023265 0.252338885553 0.695655023265
369153244 0.0841129618509 0.717412674487 0.158878283132 0.717412674487 0.158878283132 0.695655023265 0.0841129618509 0.695655023265
369153252 0.420560858434 0.695655023265 0.495326179715 0.695655023265 0.495326179715 0.67393013959 0.420560858434 0.67393013959
369153256 0.252338885553 0.695655023265 0.327104206833 0.695655023265 0.327104206833 0.67393013959 0.252338885553 0.67393013959
369153260 0.0841129618509 0.695655023265 0.158878283132 0.695655023265 0.158878283132 0.67393013959 0.0841129618509 0.67393013959
369153268 0.420560858434 0.67393013959 0.495326179715 0.67393013959 0.495326179715 0.652172488368 0.420560858434 0.652172488368
369153272 0.252338885553 0.67393013959 0.327104206833 0.67393013959 0.327104206833 0.652172488368 0.252338885553 0.652172488368
369153276 0.0841129618509 0.67393013959 0.158878283132 0.67393013959 0.158878283132 0.652172488368 0.0841129618509 0.652172488368
369153284 0.420560858434 0.652172488368 0.495326179715 0.652172488368 0.495326179715 0.630447604692 0.420560858434 0.630447604692
369153288 0.252338885553 0.652172488368 0.327104206833 0.652172488368 0.327104206833 0.630447604692 0.252338885553 0.630447604692
369153292 0.0841129618509 0.652172488368 0.158878283132 0.652172488368 0.158878283132 0.630447604692 0.0841129618509 0.630447604692
369153300 0.420560858434 0.630447604692 0.495326179715 0.630447604692 0.495326179715 0.60868995347 0.420560858434 0.60868995347
369153304 0.252338885553 0.630447604692 0.327104206833 0.630447604692 0.327104206833 0.60868995347 0.252338885553 0.60868995347
369153308 0.0841129618509 0.630447604692 0.158878283132 0.630447604692 0.158878283132 0.60868995347 0.0841129618509 0.60868995347
369153316 0.420560858434 0.60868995347 0.495326179715 0.60868995347 0.495326179715 0.586965069795 0.420560858434 0.586965069795
369153320 0.252338885553 0.60868995347 0.327104206833 0.60868995347 0.327104206833 0.586965069795 0.252338885553 0.586965069795
369153324 0.0841129618509 0.60868995347 0.158878283132 0.60868995347 0.158878283132 0.586965069795 0.0841129618509 0.586965069795
369153332 0.420560858434 0.586965069795 0.495326179715 0.586965069795 0.495326179715 0.565207418573 0.420560858434 0.565207418573
369153336 0.252338885553 0.586965069795 0.327104206833 0.586965069795 0.327104206833 0.565207418573 0.252338885553 0.565207418573
369153340 0.0841129618509 0.586965069795 0.158878283132 0.586965069795 0.158878283132 0.565207418573 0.0841129618509 0.565207418573
369153348 0.420560858434 0.565207418573 0.495326179715 0.565207418573 0.495326179715 0.543482534897 0.420560858434 0.543482534897
369153352 0.252338885553 0.565207418573 0.327104206833 0.565207418573 0.327104206833 0.543482534897 0.252338885553 0.543482534897
369153356 0.0841129618509 0.565207418573 0.158878283132 0.565207418573 0.158878283132 0.543482534897 0.0841129618509 0.543482534897
369153364 0.420560858434 0.543482534897 0.495326179715 0.543482534897 0.495326179715 0.521757651222 0.420560858434 0.521757651222
369153368 0.252338885553 0.543482534897 0.327104206833 0.543482534897 0.327104206833 0.521757651222 0.252338885553 0.521757651222
369153372 0.0841129618509 0.543482534897 0.158878283132 0.543482534897 0.158878283132 0.521757651222 0.0841129618509 0.521757651222
369153380 0.420560858434 0.521757651222 0.495326179715 0.521757651222 0.495326179715 0.5 0.420560858434 0.5
369153384 0.252338885553 0.521757651222 0.327104206833 0.521757651222 0.327104206833 0.5 0.252338885553 0.5
369153388 0.0841129618509 0.521757651222 0.158878283132 0.521757651222 0.158878283132 0.5 0.0841129618509 0.5
369153396 0.420560858434 0.5 0.495326179715 0.5 0.495326179715 0.478275116325 0.420560858434 0.478275116325
369153400 0.252338885553 0.5 0.327104206833 0.5 0.327104206833 0.478275116325 0.252338885553 0.478275116325
369153404 0.0841129618509 0.5 0.158878283132 0.5 0.158878283132 0.478275116325 0.0841129618509 0.478275116325
369153412 0.420560858434 0.478275116325 0.495326179715 0.478275116325 0.495326179715 0.456517465103 0.420560858434 0.456517465103
369153416 0.252338885553 0.478275116325 0.327104206833 0.478275116325 0.327104206833 0.456517465103 0.252338885553 0.456517465103
369153420 0.0841129618509 0.478275116325 0.158878283132 0.478275116325 0.158878283132 0.456517465103 0.0841129618509 0.456517465103
369153428 0.420560858434 0.456517465103 0.495326179715 0.456517465103 0.495326179715 0.434792581427 0.420560858434 0.434792581427
369153432 0.252338885553 0.456517465103 0.327104206833 0.456517465103 0.327104206833 0.434792581427 0.252338885553 0.434792581427
369153436 0.0841129618509 0.456517465103 0.158878283132 0.456517465103 0.158878283132 0.434792581427 0.0841129618509 0.434792581427
369153444 0.420560858434 0.434792581427 0.495326179715 0.434792581427 0.495326179715 0.413034930205 0.420560858434 0.413034930205
369153448 0.252338885553 0.434792581427 0.327104206833 0.434792581427 0.327104206833 0.413034930205 0.252338885553 0.413034930205
369153452 0.0841129618509 0.434792581427 0.158878283132 0.434792581427 0.158878283132 0.413034930205 0.0841129618509 0.413034930205
369153460 0.420560858434 0.413034930205 0.495326179715 0.413034930205 0.495326179715 0.39131004653 0.420560858434 0.39131004653
369153464 0.252338885553 0.413034930205 0.327104206833 0.413034930205 0.327104206833 0.39131004653 0.252338885553 0.39131004653
369153468 0.0841129618509 0.413034930205 0.158878283132 0.413034930205 0.158878283132 0.39131004653 0.0841129618509 0.39131004653
369153476 0.420560858434 0.39131004653 0.495326179715 0.39131004653 0.495326179715 0.369552395308 0.420560858434 0.369552395308
369153480 0.252338885553 0.39131004653 0.327104206833 0.39131004653 0.327104206833 0.369552395308 0.252338885553 0.369552395308
369153484 0.0841129618509 0.39131004653 0.158878283132 0.39131004653 0.158878283132 0.369552395308 0.0841129618509 0.369552395308
369153492 0.420560858434 0.369552395308 0.495326179715 0.369552395308 0.495326179715 0.347827511632 0.420560858434 0.347827511632
369153496 0.252338885553 0.369552395308 0.327104206833 0.369552395308 0.327104206833 0.347827511632 0.252338885553 0.347827511632
369153500 0.0841129618509 0.369552395308 0.158878283132 0.369552395308 0.158878283132 0.347827511632 0.0841129618509 0.347827511632
369153508 0.420560858434 0.347827511632 0.495326179715 0.347827511632 0.495326179715 0.326102627957 0.420560858434 0.326102627957
369153512 0.252338885553 0.347827511632 0.327104206833 0.347827511632 0.327104206833 0.326102627957 0.252338885553 0.326102627957
369153516 0.0841129618509 0.347827511632 0.158878283132 0.347827511632 0.158878283132 0.326102627957 0.0841129618509 0.326102627957
369153524 0.420560858434 0.326102627957 0.495326179715 0.326102627957 0.495326179715 0.304344976735 0.420560858434 0.304344976735
369153528 0.252338885553 0.326102627957 0.327104206833 0.326102627957 0.327104206833 0.304344976735 0.252338885553 0.304344976735
369153532 0.0841129618509 0.326102627957 0.158878283132 0.326102627957 0.158878283132 0.304344976735 0.0841129618509 0.304344976735
369153540 0.420560858434 0.28262009306 0.495326179715 0.28262009306 0.495326179715 0.260862441838 0.420560858434 0.260862441838
369153544 0.252338885553 0.28262009306 0.327104206833 0.28262009306 0.327104206833 0.260862441838 0.252338885553 0.260862441838
369153548 0.0841129618509 0.28262009306 0.158878283132 0.28262009306 0.158878283132 0.260862441838 0.0841129618509 0.260862441838
369153556 0.420560858434 0.260862441838 0.495326179715 0.260862441838 0.495326179715 0.239137558162 0.420560858434 0.239137558162
369153560 0.252338885553 0.260862441838 0.327104206833 0.260862441838 0.327104206833 0.239137558162 0.252338885553 0.239137558162
369153564 0.0841129618509 0.260862441838 0.158878283132 0.260862441838 0.158878283132 0.239137558162 0.0841129618509 0.239137558162
369153572 0.420560858434 0.239137558162 0.495326179715 0.239137558162 0.495326179715 0.21737990694 0.420560858434 0.21737990694
369153576 0.252338885553 0.239137558162 0.327104206833 0.239137558162 0.327104206833 0.21737990694 0.252338885553 0.21737990694
369153580 0.0841129618509 0.239137558162 0.158878283132 0.239137558162 0.158878283132 0.21737990694 0.0841129618509 0.21737990694
369153588 0.420560858434 0.21737990694 0.495326179715 0.21737990694 0.495326179715 0.195655023265 0.420560858434 0.195655023265
369153592 0.252338885553 0.21737990694 0.327104206833 0.21737990694 0.327104206833 0.195655023265 0.252338885553 0.195655023265
369153596 0.0841129618509 0.21737990694 0.158878283132 0.21737990694 0.158878283132 0.195655023265 0.0841129618509 0.195655023265
369153604 0.420560858434 0.195655023265 0.495326179715 0.195655023265 0.495326179715 0.173897372043 0.420560858434 0.173897372043
369153608 0.252338885553 0.195655023265 0.327104206833 0.195655023265 0.327104206833 0.173897372043 0.252338885553 0.173897372043
369153612 0.0841129618509 0.195655023265 0.158878283132 0.195655023265 0.158878283132 0.173897372043 0.0841129618509 0.173897372043
369153620 0.420560858434 0.173897372043 0.495326179715 0.173897372043 0.495326179715 0.152172488368 0.420560858434 0.152172488368
369153624 0.252338885553 0.173897372043 0.327104206833 0.173897372043 0.327104206833 0.152172488368 0.252338885553 0.152172488368
369153628 0.0841129618509 0.173897372043 0.158878283132 0.173897372043 0.158878283132 0.152172488368 0.0841129618509 0.152172488368
369153636 0.420560858434 0.152172488368 0.495326179715 0.152172488368 0.495326179715 0.130447604692 0.420560858434 0.130447604692
369153640 0.252338885553 0.152172488368 0.327104206833 0.152172488368 0.327104206833 0.130447604692 0.252338885553 0.130447604692
369153644 0.0841129618509 0.152172488368 0.158878283132 0.152172488368 0.158878283132 0.130447604692 0.0841129618509 0.130447604692
369153652 0.420560858434 0.130447604692 0.495326179715 0.130447604692 0.495326179715 0.10868995347 0.420560858434 0.10868995347
369153656 0.252338885553 0.130447604692 0.327104206833 0.130447604692 0.327104206833 0.10868995347 0.252338885553 0.10868995347
369153660 0.0841129618509 0.130447604692 0.158878283132 0.130447604692 0.158878283132 0.10868995347 0.0841129618509 0.10868995347
369153668 0.420560858434 0.10868995347 0.495326179715 0.10868995347 0.495326179715 0.0869650697949 0.420560858434 0.0869650697949
369153672 0.252338885553 0.10868995347 0.327104206833 0.10868995347 0.327104206833 0.0869650697949 0.252338885553 0.0869650697949
369153676 0.0841129618509 0.10868995347 0.158878283132 0.10868995347 0.158878283132 0.0869650697949 0.0841129618509 0.0869650697949
369153684 0.420560858434 0.0869650697949 0.495326179715 0.0869650697949 0.495326179715 0.0652074185726 0.420560858434 0.0652074185726
369153688 0.252338885553 0.0869650697949 0.327104206833 0.0869650697949 0.327104206833 0.0652074185726 0.252338885553 0.0652074185726
369153692 0.0841129618509 0.0869650697949 0.158878283132 0.0869650697949 0.158878283132 0.0652074185726 0.0841129618509 0.0652074185726
369153700 0.420560858434 0.0652074185726 0.495326179715 0.0652074185726 0.495326179715 0.0434825348974 0.420560858434 0.0434825348974
369153704 0.252338885553 0.0652074185726 0.327104206833 0.0652074185726 0.327104206833 0.0434825348974 0.252338885553 0.0434825348974
369153708 0.0841129618509 0.0652074185726 0.158878283132 0.0652074185726 0.158878283132 0.0434825348974 0.0841129618509 0.0434825348974
369153716 0.420560858434 0.0434825348974 0.495326179715 0.0434825348974 0.495326179715 0.0217248836752 0.420560858434 0.0217248836752
369153720 0.252338885553 0.0434825348974 0.327104206833 0.0434825348974 0.327104206833 0.0217248836752 0.252338885553 0.0217248836752
369153724 0.0841129618509 0.0434825348974 0.158878283132 0.0434825348974 0.158878283132 0.0217248836752 0.0841129618509 0.0217248836752
369153732 0.420560858434 0.0217248836752 0.495326179715 0.0217248836752 0.495326179715 0.0 0.420560858434 0.0
369153736 0.252338885553 0.0217248836752 0.327104206833 0.0217248836752 0.327104206833 0.0 0.252338885553 0.0
369153740 0.0841129618509 0.0217248836752 0.158878283132 0.0217248836752 0.158878283132 0.0 0.0841129618509 0.0
369154068 0.336447896583 1.0 0.411217168684 1.0 0.411217168684 0.978275116325 0.336447896583 0.978275116325
369154072 0.168225923702 1.0 0.242991244982 1.0 0.242991244982 0.978275116325 0.168225923702 0.978275116325
369154076 0.0 1.0 0.0747653212807 1.0 0.0747653212807 0.978275116325 0.0 0.978275116325
369154084 0.336447896583 0.978275116325 0.411217168684 0.978275116325 0.411217168684 0.95655023265 0.336447896583 0.95655023265
369154088 0.168225923702 0.978275116325 0.242991244982 0.978275116325 0.242991244982 0.95655023265 0.168225923702 0.95655023265
369154092 0.0 0.978275116325 0.0747653212807 0.978275116325 0.0747653212807 0.95655023265 0.0 0.95655023265
369154100 0.336447896583 0.95655023265 0.411217168684 0.95655023265 0.411217168684 0.934792581427 0.336447896583 0.934792581427
369154104 0.168225923702 0.95655023265 0.242991244982 0.95655023265 0.242991244982 0.934792581427 0.168225923702 0.934792581427
369154108 0.0 0.95655023265 0.0747653212807 0.95655023265 0.0747653212807 0.934792581427 0.0 0.934792581427
369154116 0.336447896583 0.934792581427 0.411217168684 0.934792581427 0.411217168684 0.913067697752 0.336447896583 0.913067697752
369154120 0.168225923702 0.934792581427 0.242991244982 0.934792581427 0.242991244982 0.913067697752 0.168225923702 0.913067697752
369154124 0.0 0.934792581427 0.0747653212807 0.934792581427 0.0747653212807 0.913067697752 0.0 0.913067697752
369154132 0.336447896583 0.913067697752 0.411217168684 0.913067697752 0.411217168684 0.89131004653 0.336447896583 0.89131004653
369154136 0.168225923702 0.913067697752 0.242991244982 0.913067697752 0.242991244982 0.89131004653 0.168225923702 0.89131004653
369154140 0.0 0.913067697752 0.0747653212807 0.913067697752 0.0747653212807 0.89131004653 0.0 0.89131004653
369154148 0.336447896583 0.89131004653 0.411217168684 0.89131004653 0.411217168684 0.869585162855 0.336447896583 0.869585162855
369154152 0.168225923702 0.89131004653 0.242991244982 0.89131004653 0.242991244982 0.869585162855 0.168225923702 0.869585162855
369154156 0.0 0.89131004653 0.0747653212807 0.89131004653 0.0747653212807 0.869585162855 0.0 0.869585162855
369154164 0.336447896583 0.869585162855 0.411217168684 0.869585162855 0.411217168684 0.847827511632 0.336447896583 0.847827511632
369154168 0.168225923702 0.869585162855 0.242991244982 0.869585162855 0.242991244982 0.847827511632 0.168225923702 0.847827511632
369154172 0.0 0.869585162855 0.0747653212807 0.869585162855 0.0747653212807 0.847827511632 0.0 0.847827511632
369154180 0.336447896583 0.847827511632 0.411217168684 0.847827511632 0.411217168684 0.826102627957 0.336447896583 0.826102627957
369154184 0.168225923702 0.847827511632 0.242991244982 0.847827511632 0.242991244982 0.826102627957 0.168225923702 0.826102627957
369154188 0.0 0.847827511632 0.0747653212807 0.847827511632 0.0747653212807 0.826102627957 0.0 0.826102627957
369154196 0.336447896583 0.826102627957 0.411217168684 0.826102627957 0.411217168684 0.804344976735 0.336447896583 0.804344976735
369154200 0.168225923702 0.826102627957 0.242991244982 0.826102627957 0.242991244982 0.804344976735 0.168225923702 0.804344976735
369154204 0.0 0.826102627957 0.0747653212807 0.826102627957 0.0747653212807 0.804344976735 0.0 0.804344976735
369154212 0.336447896583 0.804344976735 0.411217168684 0.804344976735 0.411217168684 0.78262009306 0.336447896583 0.78262009306
369154216 0.168225923702 0.804344976735 0.242991244982 0.804344976735 0.242991244982 0.78262009306 0.168225923702 0.78262009306
369154220 0.0 0.804344976735 0.0747653212807 0.804344976735 0.0747653212807 0.78262009306 0.0 0.78262009306
369154228 0.336447896583 0.78262009306 0.411217168684 0.78262009306 0.411217168684 0.760895209385 0.336447896583 0.760895209385
369154232 0.168225923702 0.78262009306 0.242991244982 0.78262009306 0.242991244982 0.760895209385 0.168225923702 0.760895209385
369154236 0.0 0.78262009306 0.0747653212807 0.78262009306 0.0747653212807 0.760895209385 0.0 0.760895209385
369154244 0.336447896583 0.760895209385 0.411217168684 0.760895209385 0.411217168684 0.739137558162 0.336447896583 0.739137558162
369154248 0.168225923702 0.760895209385 0.242991244982 0.760895209385 0.242991244982 0.739137558162 0.168225923702 0.739137558162
369154252 0.0 0.760895209385 0.0747653212807 0.760895209385 0.0747653212807 0.739137558162 0.0 0.739137558162
369154260 0.336447896583 0.739137558162 0.411217168684 0.739137558162 0.411217168684 0.717412674487 0.336447896583 0.717412674487
369154264 0.168225923702 0.739137558162 0.242991244982 0.739137558162 0.242991244982 0.717412674487 0.168225923702 0.717412674487
369154268 0.0 0.739137558162 0.0747653212807 0.739137558162 0.0747653212807 0.717412674487 0.0 0.717412674487
369154276 0.336447896583 0.717412674487 0.411217168684 0.717412674487 0.411217168684 0.695655023265 0.336447896583 0.695655023265
369154280 0.168225923702 0.717412674487 0.242991244982 0.717412674487 0.242991244982 0.695655023265 0.168225923702 0.695655023265
369154284 0.0 0.717412674487 0.0747653212807 0.717412674487 0.0747653212807 0.695655023265 0.0 0.695655023265
369154292 0.336447896583 0.695655023265 0.411217168684 0.695655023265 0.411217168684 0.67393013959 0.336447896583 0.67393013959
369154296 0.168225923702 0.695655023265 0.242991244982 0.695655023265 0.242991244982 0.67393013959 0.168225923702 0.67393013959
369154300 0.0 0.695655023265 0.0747653212807 0.695655023265 0.0747653212807 0.67393013959 0.0 0.67393013959
369154308 0.336447896583 0.67393013959 0.411217168684 0.67393013959 0.411217168684 0.652172488368 0.336447896583 0.652172488368
369154312 0.168225923702 0.67393013959 0.242991244982 0.67393013959 0.242991244982 0.652172488368 0.168225923702 0.652172488368
369154316 0.0 0.67393013959 0.0747653212807 0.67393013959 0.0747653212807 0.652172488368 0.0 0.652172488368
369154324 0.336447896583 0.652172488368 0.411217168684 0.652172488368 0.411217168684 0.630447604692 0.336447896583 0.630447604692
369154328 0.168225923702 0.652172488368 0.242991244982 0.652172488368 0.242991244982 0.630447604692 0.168225923702 0.630447604692
369154332 0.0 0.652172488368 0.0747653212807 0.652172488368 0.0747653212807 0.630447604692 0.0 0.630447604692
369154340 0.336447896583 0.630447604692 0.411217168684 0.630447604692 0.411217168684 0.60868995347 0.336447896583 0.60868995347
369154344 0.168225923702 0.630447604692 0.242991244982 0.630447604692 0.242991244982 0.60868995347 0.168225923702 0.60868995347
369154348 0.0 0.630447604692 0.0747653212807 0.630447604692 0.0747653212807 0.60868995347 0.0 0.60868995347
369154356 0.336447896583 0.60868995347 0.411217168684 0.60868995347 0.411217168684 0.586965069795 0.336447896583 0.586965069795
369154360 0.168225923702 0.60868995347 0.242991244982 0.60868995347 0.242991244982 0.586965069795 0.168225923702 0.586965069795
369154364 0.0 0.60868995347 0.0747653212807 0.60868995347 0.0747653212807 0.586965069795 0.0 0.586965069795
369154372 0.336447896583 0.586965069795 0.411217168684 0.586965069795 0.411217168684 0.565207418573 0.336447896583 0.565207418573
369154376 0.168225923702 0.586965069795 0.242991244982 0.586965069795 0.242991244982 0.565207418573 0.168225923702 0.565207418573
369154380 0.0 0.586965069795 0.0747653212807 0.586965069795 0.0747653212807 0.565207418573 0.0 0.565207418573
369154388 0.336447896583 0.565207418573 0.411217168684 0.565207418573 0.411217168684 0.543482534897 0.336447896583 0.543482534897
369154392 0.168225923702 0.565207418573 0.242991244982 0.565207418573 0.242991244982 0.543482534897 0.168225923702 0.543482534897
369154396 0.0 0.565207418573 0.0747653212807 0.565207418573 0.0747653212807 0.543482534897 0.0 0.543482534897
369154404 0.336447896583 0.543482534897 0.411217168684 0.543482534897 0.411217168684 0.521757651222 0.336447896583 0.521757651222
369154408 0.168225923702 0.543482534897 0.242991244982 0.543482534897 0.242991244982 0.521757651222 0.168225923702 0.521757651222
369154412 0.0 0.543482534897 0.0747653212807 0.543482534897 0.0747653212807 0.521757651222 0.0 0.521757651222
369154420 0.336447896583 0.521757651222 0.411217168684 0.521757651222 0.411217168684 0.5 0.336447896583 0.5
369154424 0.168225923702 0.521757651222 0.242991244982 0.521757651222 0.242991244982 0.5 0.168225923702 0.5
369154428 0.0 0.521757651222 0.0747653212807 0.521757651222 0.0747653212807 0.5 0.0 0.5
369154436 0.336447896583 0.5 0.411217168684 0.5 0.411217168684 0.478275116325 0.336447896583 0.478275116325
369154440 0.168225923702 0.5 0.242991244982 0.5 0.242991244982 0.478275116325 0.168225923702 0.478275116325
369154444 0.0 0.5 0.0747653212807 0.5 0.0747653212807 0.478275116325 0.0 0.478275116325
369154452 0.336447896583 0.478275116325 0.411217168684 0.478275116325 0.411217168684 0.456517465103 0.336447896583 0.456517465103
369154456 0.168225923702 0.478275116325 0.242991244982 0.478275116325 0.242991244982 0.456517465103 0.168225923702 0.456517465103
369154460 0.0 0.478275116325 0.0747653212807 0.478275116325 0.0747653212807 0.456517465103 0.0 0.456517465103
369154468 0.336447896583 0.456517465103 0.411217168684 0.456517465103 0.411217168684 0.434792581427 0.336447896583 0.434792581427
369154472 0.168225923702 0.456517465103 0.242991244982 0.456517465103 0.242991244982 0.434792581427 0.168225923702 0.434792581427
369154476 0.0 0.456517465103 0.0747653212807 0.456517465103 0.0747653212807 0.434792581427 0.0 0.434792581427
369154484 0.336447896583 0.434792581427 0.411217168684 0.434792581427 0.411217168684 0.413034930205 0.336447896583 0.413034930205
369154488 0.168225923702 0.434792581427 0.242991244982 0.434792581427 0.242991244982 0.413034930205 0.168225923702 0.413034930205
369154492 0.0 0.434792581427 0.0747653212807 0.434792581427 0.0747653212807 0.413034930205 0.0 0.413034930205
369154500 0.336447896583 0.413034930205 0.411217168684 0.413034930205 0.411217168684 0.39131004653 0.336447896583 0.39131004653
369154504 0.168225923702 0.413034930205 0.242991244982 0.413034930205 0.242991244982 0.39131004653 0.168225923702 0.39131004653
369154508 0.0 0.413034930205 0.0747653212807 0.413034930205 0.0747653212807 0.39131004653 0.0 0.39131004653
369154516 0.336447896583 0.39131004653 0.411217168684 0.39131004653 0.411217168684 0.369552395308 0.336447896583 0.369552395308
369154520 0.168225923702 0.39131004653 0.242991244982 0.39131004653 0.242991244982 0.369552395308 0.168225923702 0.369552395308
369154524 0.0 0.39131004653 0.0747653212807 0.39131004653 0.0747653212807 0.369552395308 0.0 0.369552395308
369154532 0.336447896583 0.369552395308 0.411217168684 0.369552395308 0.411217168684 0.347827511632 0.336447896583 0.347827511632
369154536 0.168225923702 0.369552395308 0.242991244982 0.369552395308 0.242991244982 0.347827511632 0.168225923702 0.347827511632
369154540 0.0 0.369552395308 0.0747653212807 0.369552395308 0.0747653212807 0.347827511632 0.0 0.347827511632
369154548 0.336447896583 0.347827511632 0.411217168684 0.347827511632 0.411217168684 0.326102627957 0.336447896583 0.326102627957
369154552 0.168225923702 0.347827511632 0.242991244982 0.347827511632 0.242991244982 0.326102627957 0.168225923702 0.326102627957
369154556 0.0 0.347827511632 0.0747653212807 0.347827511632 0.0747653212807 0.326102627957 0.0 0.326102627957
369154564 0.336447896583 0.326102627957 0.411217168684 0.326102627957 0.411217168684 0.304344976735 0.336447896583 0.304344976735
369154568 0.168225923702 0.326102627957 0.242991244982 0.326102627957 0.242991244982 0.304344976735 0.168225923702 0.304344976735
369154572 0.0 0.326102627957 0.0747653212807 0.326102627957 0.0747653212807 0.304344976735 0.0 0.304344976735
369154580 0.336447896583 0.304344976735 0.411217168684 0.304344976735 0.411217168684 0.28262009306 0.336447896583 0.28262009306
369154584 0.168225923702 0.304344976735 0.242991244982 0.304344976735 0.242991244982 0.28262009306 0.168225923702 0.28262009306
369154588 0.0 0.304344976735 0.0747653212807 0.304344976735 0.0747653212807 0.28262009306 0.0 0.28262009306
369154596 0.336447896583 0.28262009306 0.411217168684 0.28262009306 0.411217168684 0.260862441838 0.336447896583 0.260862441838
369154600 0.168225923702 0.28262009306 0.242991244982 0.28262009306 0.242991244982 0.260862441838 0.168225923702 0.260862441838
369154604 0.0 0.28262009306 0.0747653212807 0.28262009306 0.0747653212807 0.260862441838 0.0 0.260862441838
369154612 0.336447896583 0.260862441838 0.411217168684 0.260862441838 0.411217168684 0.239137558162 0.336447896583 0.239137558162
369154616 0.168225923702 0.260862441838 0.242991244982 0.260862441838 0.242991244982 0.239137558162 0.168225923702 0.239137558162
369154620 0.0 0.260862441838 0.0747653212807 0.260862441838 0.0747653212807 0.239137558162 0.0 0.239137558162
369154628 0.336447896583 0.239137558162 0.411217168684 0.239137558162 0.411217168684 0.21737990694 0.336447896583 0.21737990694
369154632 0.168225923702 0.239137558162 0.242991244982 0.239137558162 0.242991244982 0.21737990694 0.168225923702 0.21737990694
369154636 0.0 0.239137558162 0.0747653212807 0.239137558162 0.0747653212807 0.21737990694 0.0 0.21737990694
369154644 0.336447896583 0.21737990694 0.411217168684 0.21737990694 0.411217168684 0.195655023265 0.336447896583 0.195655023265
369154648 0.168225923702 0.21737990694 0.242991244982 0.21737990694 0.242991244982 0.195655023265 0.168225923702 0.195655023265
369154652 0.0 0.21737990694 0.0747653212807 0.21737990694 0.0747653212807 0.195655023265 0.0 0.195655023265
369154660 0.336447896583 0.195655023265 0.411217168684 0.195655023265 0.411217168684 0.173897372043 0.336447896583 0.173897372043
369154664 0.168225923702 0.195655023265 0.242991244982 0.195655023265 0.242991244982 0.173897372043 0.168225923702 0.173897372043
369154668 0.0 0.195655023265 0.0747653212807 0.195655023265 0.0747653212807 0.173897372043 0.0 0.173897372043
369154676 0.336447896583 0.173897372043 0.411217168684 0.173897372043 0.411217168684 0.152172488368 0.336447896583 0.152172488368
369154680 0.168225923702 0.173897372043 0.242991244982 0.173897372043 0.242991244982 0.152172488368 0.168225923702 0.152172488368
369154684 0.0 0.173897372043 0.0747653212807 0.173897372043 0.0747653212807 0.152172488368 0.0 0.152172488368
369154692 0.336447896583 0.152172488368 0.411217168684 0.152172488368 0.411217168684 0.130447604692 0.336447896583 0.130447604692
369154696 0.168225923702 0.152172488368 0.242991244982 0.152172488368 0.242991244982 0.130447604692 0.168225923702 0.130447604692
369154700 0.0 0.152172488368 0.0747653212807 0.152172488368 0.0747653212807 0.130447604692 0.0 0.130447604692
369154708 0.336447896583 0.130447604692 0.411217168684 0.130447604692 0.411217168684 0.10868995347 0.336447896583 0.10868995347
369154712 0.168225923702 0.130447604692 0.242991244982 0.130447604692 0.242991244982 0.10868995347 0.168225923702 0.10868995347
369154716 0.0 0.130447604692 0.0747653212807 0.130447604692 0.0747653212807 0.10868995347 0.0 0.10868995347
369154724 0.336447896583 0.10868995347 0.411217168684 0.10868995347 0.411217168684 0.0869650697949 0.336447896583 0.0869650697949
369154728 0.168225923702 0.10868995347 0.242991244982 0.10868995347 0.242991244982 0.0869650697949 0.168225923702 0.0869650697949
369154732 0.0 0.10868995347 0.0747653212807 0.10868995347 0.0747653212807 0.0869650697949 0.0 0.0869650697949
369154740 0.336447896583 0.0869650697949 0.411217168684 0.0869650697949 0.411217168684 0.0652074185726 0.336447896583 0.0652074185726
369154744 0.168225923702 0.0869650697949 0.242991244982 0.0869650697949 0.242991244982 0.0652074185726 0.168225923702 0.0652074185726
369154748 0.0 0.0869650697949 0.0747653212807 0.0869650697949 0.0747653212807 0.0652074185726 0.0 0.0652074185726
369154756 0.336447896583 0.0652074185726 0.411217168684 0.0652074185726 0.411217168684 0.0434825348974 0.336447896583 0.0434825348974
369154760 0.168225923702 0.0652074185726 0.242991244982 0.0652074185726 0.242991244982 0.0434825348974 0.168225923702 0.0434825348974
369154764 0.0 0.0652074185726 0.0747653212807 0.0652074185726 0.0747653212807 0.0434825348974 0.0 0.0434825348974
369154772 0.336447896583 0.0434825348974 0.411217168684 0.0434825348974 0.411217168684 0.0217248836752 0.336447896583 0.0217248836752
369154776 0.168225923702 0.0434825348974 0.242991244982 0.0434825348974 0.242991244982 0.0217248836752 0.168225923702 0.0217248836752
369154780 0.0 0.0434825348974 0.0747653212807 0.0434825348974 0.0747653212807 0.0217248836752 0.0 0.0217248836752
369154788 0.336447896583 0.0217248836752 0.411217168684 0.0217248836752 0.411217168684 0.0 0.336447896583 0.0
369154792 0.168225923702 0.0217248836752 0.242991244982 0.0217248836752 0.242991244982 0.0 0.168225923702 0.0
369154796 0.0 0.0217248836752 0.0747653212807 0.0217248836752 0.0747653212807 0.0 0.0 0.0
369157140 0.588786782136 1.0 0.663552103417 1.0 0.663552103417 0.978275116325 0.588786782136 0.978275116325
369157144 0.757008755018 1.0 0.831774076298 1.0 0.831774076298 0.978275116325 0.757008755018 0.978275116325
369157148 0.925234678719 1.0 1.0 1.0 1.0 0.978275116325 0.925234678719 0.978275116325
369157156 0.588786782136 0.978275116325 0.663552103417 0.978275116325 0.663552103417 0.95655023265 0.588786782136 0.95655023265
369157160 0.757008755018 0.978275116325 0.831774076298 0.978275116325 0.831774076298 0.95655023265 0.757008755018 0.95655023265
369157164 0.925234678719 0.978275116325 1.0 0.978275116325 1.0 0.95655023265 0.925234678719 0.95655023265
369157172 0.588786782136 0.95655023265 0.663552103417 0.95655023265 0.663552103417 0.934792581427 0.588786782136 0.934792581427
369157176 0.757008755018 0.95655023265 0.831774076298 0.95655023265 0.831774076298 0.934792581427 0.757008755018 0.934792581427
369157180 0.925234678719 0.95655023265 1.0 0.95655023265 1.0 0.934792581427 0.925234678719 0.934792581427
369157188 0.588786782136 0.934792581427 0.663552103417 0.934792581427 0.663552103417 0.913067697752 0.588786782136 0.913067697752
369157192 0.757008755018 0.934792581427 0.831774076298 0.934792581427 0.831774076298 0.913067697752 0.757008755018 0.913067697752
369157196 0.925234678719 0.934792581427 1.0 0.934792581427 1.0 0.913067697752 0.925234678719 0.913067697752
369157204 0.588786782136 0.913067697752 0.663552103417 0.913067697752 0.663552103417 0.89131004653 0.588786782136 0.89131004653
369157208 0.757008755018 0.913067697752 0.831774076298 0.913067697752 0.831774076298 0.89131004653 0.757008755018 0.89131004653
369157212 0.925234678719 0.913067697752 1.0 0.913067697752 1.0 0.89131004653 0.925234678719 0.89131004653
369157220 0.588786782136 0.89131004653 0.663552103417 0.89131004653 0.663552103417 0.869585162855 0.588786782136 0.869585162855
369157224 0.757008755018 0.89131004653 0.831774076298 0.89131004653 0.831774076298 0.869585162855 0.757008755018 0.869585162855
369157228 0.925234678719 0.89131004653 1.0 0.89131004653 1.0 0.869585162855 0.925234678719 0.869585162855
369157236 0.588786782136 0.869585162855 0.663552103417 0.869585162855 0.663552103417 0.847827511632 0.588786782136 0.847827511632
369157240 0.757008755018 0.869585162855 0.831774076298 0.869585162855 0.831774076298 0.847827511632 0.757008755018 0.847827511632
369157244 0.925234678719 0.869585162855 1.0 0.869585162855 1.0 0.847827511632 0.925234678719 0.847827511632
369157252 0.588786782136 0.847827511632 0.663552103417 0.847827511632 0.663552103417 0.826102627957 0.588786782136 0.826102627957
369157256 0.757008755018 0.847827511632 0.831774076298 0.847827511632 0.831774076298 0.826102627957 0.757008755018 0.826102627957
369157260 0.925234678719 0.847827511632 1.0 0.847827511632 1.0 0.826102627957 0.925234678719 0.826102627957
369157268 0.588786782136 0.826102627957 0.663552103417 0.826102627957 0.663552103417 0.804344976735 0.588786782136 0.804344976735
369157272 0.757008755018 0.826102627957 0.831774076298 0.826102627957 0.831774076298 0.804344976735 0.757008755018 0.804344976735
369157276 0.925234678719 0.826102627957 1.0 0.826102627957 1.0 0.804344976735 0.925234678719 0.804344976735
369157284 0.588786782136 0.78262009306 0.663552103417 0.78262009306 0.663552103417 0.760895209385 0.588786782136 0.760895209385
369157288 0.757008755018 0.78262009306 0.831774076298 0.78262009306 0.831774076298 0.760895209385 0.757008755018 0.760895209385
369157292 0.925234678719 0.78262009306 1.0 0.78262009306 1.0 0.760895209385 0.925234678719 0.760895209385
369157300 0.588786782136 0.760895209385 0.663552103417 0.760895209385 0.663552103417 0.739137558162 0.588786782136 0.739137558162
369157304 0.757008755018 0.760895209385 0.831774076298 0.760895209385 0.831774076298 0.739137558162 0.757008755018 0.739137558162
369157308 0.925234678719 0.760895209385 1.0 0.760895209385 1.0 0.739137558162 0.925234678719 0.739137558162
369157316 0.588786782136 0.739137558162 0.663552103417 0.739137558162 0.663552103417 0.717412674487 0.588786782136 0.717412674487
369157320 0.757008755018 0.739137558162 0.831774076298 0.739137558162 0.831774076298 0.717412674487 0.757008755018 0.717412674487
369157324 0.925234678719 0.739137558162 1.0 0.739137558162 1.0 0.717412674487 0.925234678719 0.717412674487
369157332 0.588786782136 0.717412674487 0.663552103417 0.717412674487 0.663552103417 0.695655023265 0.588786782136 0.695655023265
369157336 0.757008755018 0.717412674487 0.831774076298 0.717412674487 0.831774076298 0.695655023265 0.757008755018 0.695655023265
369157340 0.925234678719 0.717412674487 1.0 0.717412674487 1.0 0.695655023265 0.925234678719 0.695655023265
369157348 0.588786782136 0.695655023265 0.663552103417 0.695655023265 0.663552103417 0.67393013959 0.588786782136 0.67393013959
369157352 0.757008755018 0.695655023265 0.831774076298 0.695655023265 0.831774076298 0.67393013959 0.757008755018 0.67393013959
369157356 0.925234678719 0.695655023265 1.0 0.695655023265 1.0 0.67393013959 0.925234678719 0.67393013959
369157364 0.588786782136 0.67393013959 0.663552103417 0.67393013959 0.663552103417 0.652172488368 0.588786782136 0.652172488368
369157368 0.757008755018 0.67393013959 0.831774076298 0.67393013959 0.831774076298 0.652172488368 0.757008755018 0.652172488368
369157372 0.925234678719 0.67393013959 1.0 0.67393013959 1.0 0.652172488368 0.925234678719 0.652172488368
369157380 0.588786782136 0.652172488368 0.663552103417 0.652172488368 0.663552103417 0.630447604692 0.588786782136 0.630447604692
369157384 0.757008755018 0.652172488368 0.831774076298 0.652172488368 0.831774076298 0.630447604692 0.757008755018 0.630447604692
369157388 0.925234678719 0.652172488368 1.0 0.652172488368 1.0 0.630447604692 0.925234678719 0.630447604692
369157396 0.588786782136 0.630447604692 0.663552103417 0.630447604692 0.663552103417 0.60868995347 0.588786782136 0.60868995347
369157400 0.757008755018 0.630447604692 0.831774076298 0.630447604692 0.831774076298 0.60868995347 0.757008755018 0.60868995347
369157404 0.925234678719 0.630447604692 1.0 0.630447604692 1.0 0.60868995347 0.925234678719 0.60868995347
369157412 0.588786782136 0.60868995347 0.663552103417 0.60868995347 0.663552103417 0.586965069795 0.588786782136 0.586965069795
369157416 0.757008755018 0.60868995347 0.831774076298 0.60868995347 0.831774076298 0.586965069795 0.757008755018 0.586965069795
369157420 0.925234678719 0.60868995347 1.0 0.60868995347 1.0 0.586965069795 0.925234678719 0.586965069795
369157428 0.588786782136 0.586965069795 0.663552103417 0.586965069795 0.663552103417 0.565207418573 0.588786782136 0.565207418573
369157432 0.757008755018 0.586965069795 0.831774076298 0.586965069795 0.831774076298 0.565207418573 0.757008755018 0.565207418573
369157436 0.925234678719 0.586965069795 1.0 0.586965069795 1.0 0.565207418573 0.925234678719 0.565207418573
369157444 0.588786782136 0.565207418573 0.663552103417 0.565207418573 0.663552103417 0.543482534897 0.588786782136 0.543482534897
369157448 0.757008755018 0.565207418573 0.831774076298 0.565207418573 0.831774076298 0.543482534897 0.757008755018 0.543482534897
369157452 0.925234678719 0.565207418573 1.0 0.565207418573 1.0 0.543482534897 0.925234678719 0.543482534897
369157460 0.588786782136 0.543482534897 0.663552103417 0.543482534897 0.663552103417 0.521757651222 0.588786782136 0.521757651222
369157464 0.757008755018 0.543482534897 0.831774076298 0.543482534897 0.831774076298 0.521757651222 0.757008755018 0.521757651222
369157468 0.925234678719 0.543482534897 1.0 0.543482534897 1.0 0.521757651222 0.925234678719 0.521757651222
369157476 0.588786782136 0.521757651222 0.663552103417 0.521757651222 0.663552103417 0.5 0.588786782136 0.5
369157480 0.757008755018 0.521757651222 0.831774076298 0.521757651222 0.831774076298 0.5 0.757008755018 0.5
369157484 0.925234678719 0.521757651222 1.0 0.521757651222 1.0 0.5 0.925234678719 0.5
369157492 0.588786782136 0.5 0.663552103417 0.5 0.663552103417 0.478275116325 0.588786782136 0.478275116325
369157496 0.757008755018 0.5 0.831774076298 0.5 0.831774076298 0.478275116325 0.757008755018 0.478275116325
369157500 0.925234678719 0.5 1.0 0.5 1.0 0.478275116325 0.925234678719 0.478275116325
369157508 0.588786782136 0.478275116325 0.663552103417 0.478275116325 0.663552103417 0.456517465103 0.588786782136 0.456517465103
369157512 0.757008755018 0.478275116325 0.831774076298 0.478275116325 0.831774076298 0.456517465103 0.757008755018 0.456517465103
369157516 0.925234678719 0.478275116325 1.0 0.478275116325 1.0 0.456517465103 0.925234678719 0.456517465103
369157524 0.588786782136 0.456517465103 0.663552103417 0.456517465103 0.663552103417 0.434792581427 0.588786782136 0.434792581427
369157528 0.757008755018 0.456517465103 0.831774076298 0.456517465103 0.831774076298 0.434792581427 0.757008755018 0.434792581427
369157532 0.925234678719 0.456517465103 1.0 0.456517465103 1.0 0.434792581427 0.925234678719 0.434792581427
369157540 0.588786782136 0.434792581427 0.663552103417 0.434792581427 0.663552103417 0.413034930205 0.588786782136 0.413034930205
369157544 0.757008755018 0.434792581427 0.831774076298 0.434792581427 0.831774076298 0.413034930205 0.757008755018 0.413034930205
369157548 0.925234678719 0.434792581427 1.0 0.434792581427 1.0 0.413034930205 0.925234678719 0.413034930205
369157556 0.588786782136 0.413034930205 0.663552103417 0.413034930205 0.663552103417 0.39131004653 0.588786782136 0.39131004653
369157560 0.757008755018 0.413034930205 0.831774076298 0.413034930205 0.831774076298 0.39131004653 0.757008755018 0.39131004653
369157564 0.925234678719 0.413034930205 1.0 0.413034930205 1.0 0.39131004653 0.925234678719 0.39131004653
369157572 0.588786782136 0.39131004653 0.663552103417 0.39131004653 0.663552103417 0.369552395308 0.588786782136 0.369552395308
369157576 0.757008755018 0.39131004653 0.831774076298 0.39131004653 0.831774076298 0.369552395308 0.757008755018 0.369552395308
369157580 0.925234678719 0.39131004653 1.0 0.39131004653 1.0 0.369552395308 0.925234678719 0.369552395308
369157588 0.588786782136 0.369552395308 0.663552103417 0.369552395308 0.663552103417 0.347827511632 0.588786782136 0.347827511632
369157592 0.757008755018 0.369552395308 0.831774076298 0.369552395308 0.831774076298 0.347827511632 0.757008755018 0.347827511632
369157596 0.925234678719 0.369552395308 1.0 0.369552395308 1.0 0.347827511632 0.925234678719 0.347827511632
369157604 0.588786782136 0.347827511632 0.663552103417 0.347827511632 0.663552103417 0.326102627957 0.588786782136 0.326102627957
369157608 0.757008755018 0.347827511632 0.831774076298 0.347827511632 0.831774076298 0.326102627957 0.757008755018 0.326102627957
369157612 0.925234678719 0.347827511632 1.0 0.347827511632 1.0 0.326102627957 0.925234678719 0.326102627957
369157620 0.588786782136 0.326102627957 0.663552103417 0.326102627957 0.663552103417 0.304344976735 0.588786782136 0.304344976735
369157624 0.757008755018 0.326102627957 0.831774076298 0.326102627957 0.831774076298 0.304344976735 0.757008755018 0.304344976735
369157628 0.925234678719 0.326102627957 1.0 0.326102627957 1.0 0.304344976735 0.925234678719 0.304344976735
369157636 0.588786782136 0.28262009306 0.663552103417 0.28262009306 0.663552103417 0.260862441838 0.588786782136 0.260862441838
369157640 0.757008755018 0.28262009306 0.831774076298 0.28262009306 0.831774076298 0.260862441838 0.757008755018 0.260862441838
369157644 0.925234678719 0.28262009306 1.0 0.28262009306 1.0 0.260862441838 0.925234678719 0.260862441838
369157652 0.588786782136 0.260862441838 0.663552103417 0.260862441838 0.663552103417 0.239137558162 0.588786782136 0.239137558162
369157656 0.757008755018 0.260862441838 0.831774076298 0.260862441838 0.831774076298 0.239137558162 0.757008755018 0.239137558162
369157660 0.925234678719 0.260862441838 1.0 0.260862441838 1.0 0.239137558162 0.925234678719 0.239137558162
369157668 0.588786782136 0.239137558162 0.663552103417 0.239137558162 0.663552103417 0.21737990694 0.588786782136 0.21737990694
369157672 0.757008755018 0.239137558162 0.831774076298 0.239137558162 0.831774076298 0.21737990694 0.757008755018 0.21737990694
369157676 0.925234678719 0.239137558162 1.0 0.239137558162 1.0 0.21737990694 0.925234678719 0.21737990694
369157684 0.588786782136 0.21737990694 0.663552103417 0.21737990694 0.663552103417 0.195655023265 0.588786782136 0.195655023265
369157688 0.757008755018 0.21737990694 0.831774076298 0.21737990694 0.831774076298 0.195655023265 0.757008755018 0.195655023265
369157692 0.925234678719 0.21737990694 1.0 0.21737990694 1.0 0.195655023265 0.925234678719 0.195655023265
369157700 0.588786782136 0.195655023265 0.663552103417 0.195655023265 0.663552103417 0.173897372043 0.588786782136 0.173897372043
369157704 0.757008755018 0.195655023265 0.831774076298 0.195655023265 0.831774076298 0.173897372043 0.757008755018 0.173897372043
369157708 0.925234678719 0.195655023265 1.0 0.195655023265 1.0 0.173897372043 0.925234678719 0.173897372043
369157716 0.588786782136 0.173897372043 0.663552103417 0.173897372043 0.663552103417 0.152172488368 0.588786782136 0.152172488368
369157720 0.757008755018 0.173897372043 0.831774076298 0.173897372043 0.831774076298 0.152172488368 0.757008755018 0.152172488368
369157724 0.925234678719 0.173897372043 1.0 0.173897372043 1.0 0.152172488368 0.925234678719 0.152172488368
369157732 0.588786782136 0.152172488368 0.663552103417 0.152172488368 0.663552103417 0.130447604692 0.588786782136 0.130447604692
369157736 0.757008755018 0.152172488368 0.831774076298 0.152172488368 0.831774076298 0.130447604692 0.757008755018 0.130447604692
369157740 0.925234678719 0.152172488368 1.0 0.152172488368 1.0 0.130447604692 0.925234678719 0.130447604692
369157748 0.588786782136 0.130447604692 0.663552103417 0.130447604692 0.663552103417 0.10868995347 0.588786782136 0.10868995347
369157752 0.757008755018 0.130447604692 0.831774076298 0.130447604692 0.831774076298 0.10868995347 0.757008755018 0.10868995347
369157756 0.925234678719 0.130447604692 1.0 0.130447604692 1.0 0.10868995347 0.925234678719 0.10868995347
369157764 0.588786782136 0.10868995347 0.663552103417 0.10868995347 0.663552103417 0.0869650697949 0.588786782136 0.0869650697949
369157768 0.757008755018 0.10868995347 0.831774076298 0.10868995347 0.831774076298 0.0869650697949 0.757008755018 0.0869650697949
369157772 0.925234678719 0.10868995347 1.0 0.10868995347 1.0 0.0869650697949 0.925234678719 0.0869650697949
369157780 0.588786782136 0.0869650697949 0.663552103417 0.0869650697949 0.663552103417 0.0652074185726 0.588786782136 0.0652074185726
369157784 0.757008755018 0.0869650697949 0.831774076298 0.0869650697949 0.831774076298 0.0652074185726 0.757008755018 0.0652074185726
369157788 0.925234678719 0.0869650697949 1.0 0.0869650697949 1.0 0.0652074185726 0.925234678719 0.0652074185726
369157796 0.588786782136 0.0652074185726 0.663552103417 0.0652074185726 0.663552103417 0.0434825348974 0.588786782136 0.0434825348974
369157800 0.757008755018 0.0652074185726 0.831774076298 0.0652074185726 0.831774076298 0.0434825348974 0.757008755018 0.0434825348974
369157804 0.925234678719 0.0652074185726 1.0 0.0652074185726 1.0 0.0434825348974 0.925234678719 0.0434825348974
369157812 0.588786782136 0.0434825348974 0.663552103417 0.0434825348974 0.663552103417 0.0217248836752 0.588786782136 0.0217248836752
369157816 0.757008755018 0.0434825348974 0.831774076298 0.0434825348974 0.831774076298 0.0217248836752 0.757008755018 0.0217248836752
369157820 0.925234678719 0.0434825348974 1.0 0.0434825348974 1.0 0.0217248836752 0.925234678719 0.0217248836752
369157828 0.588786782136 0.0217248836752 0.663552103417 0.0217248836752 0.663552103417 0.0 0.588786782136 0.0
369157832 0.757008755018 0.0217248836752 0.831774076298 0.0217248836752 0.831774076298 0.0 0.757008755018 0.0
369157836 0.925234678719 0.0217248836752 1.0 0.0217248836752 1.0 0.0 0.925234678719 0.0
369158164 0.504673820285 1.0 0.579439141566 1.0 0.579439141566 0.978275116325 0.504673820285 0.978275116325
369158168 0.672895793167 1.0 0.747665065268 1.0 0.747665065268 0.978275116325 0.672895793167 0.978275116325
369158172 0.841121716868 1.0 0.915887038149 1.0 0.915887038149 0.978275116325 0.841121716868 0.978275116325
369158180 0.504673820285 0.978275116325 0.579439141566 0.978275116325 0.579439141566 0.95655023265 0.504673820285 0.95655023265
369158184 0.672895793167 0.978275116325 0.747665065268 0.978275116325 0.747665065268 0.95655023265 0.672895793167 0.95655023265
369158188 0.841121716868 0.978275116325 0.915887038149 0.978275116325 0.915887038149 0.95655023265 0.841121716868 0.95655023265
369158196 0.504673820285 0.95655023265 0.579439141566 0.95655023265 0.579439141566 0.934792581427 0.504673820285 0.934792581427
369158200 0.672895793167 0.95655023265 0.747665065268 0.95655023265 0.747665065268 0.934792581427 0.672895793167 0.934792581427
369158204 0.841121716868 0.95655023265 0.915887038149 0.95655023265 0.915887038149 0.934792581427 0.841121716868 0.934792581427
369158212 0.504673820285 0.934792581427 0.579439141566 0.934792581427 0.579439141566 0.913067697752 0.504673820285 0.913067697752
369158216 0.672895793167 0.934792581427 0.747665065268 0.934792581427 0.747665065268 0.913067697752 0.672895793167 0.913067697752
369158220 0.841121716868 0.934792581427 0.915887038149 0.934792581427 0.915887038149 0.913067697752 0.841121716868 0.913067697752
369158228 0.504673820285 0.913067697752 0.579439141566 0.913067697752 0.579439141566 0.89131004653 0.504673820285 0.89131004653
369158232 0.672895793167 0.913067697752 0.747665065268 0.913067697752 0.747665065268 0.89131004653 0.672895793167 0.89131004653
369158236 0.841121716868 0.913067697752 0.915887038149 0.913067697752 0.915887038149 0.89131004653 0.841121716868 0.89131004653
369158244 0.504673820285 0.89131004653 0.579439141566 0.89131004653 0.579439141566 0.869585162855 0.504673820285 0.869585162855
369158248 0.672895793167 0.89131004653 0.747665065268 0.89131004653 0.747665065268 0.869585162855 0.672895793167 0.869585162855
369158252 0.841121716868 0.89131004653 0.915887038149 0.89131004653 0.915887038149 0.869585162855 0.841121716868 0.869585162855
369158260 0.504673820285 0.869585162855 0.579439141566 0.869585162855 0.579439141566 0.847827511632 0.504673820285 0.847827511632
369158264 0.672895793167 0.869585162855 0.747665065268 0.869585162855 0.747665065268 0.847827511632 0.672895793167 0.847827511632
369158268 0.841121716868 0.869585162855 0.915887038149 0.869585162855 0.915887038149 0.847827511632 0.841121716868 0.847827511632
369158276 0.504673820285 0.847827511632 0.579439141566 0.847827511632 0.579439141566 0.826102627957 0.504673820285 0.826102627957
369158280 0.672895793167 0.847827511632 0.747665065268 0.847827511632 0.747665065268 0.826102627957 0.672895793167 0.826102627957
369158284 0.841121716868 0.847827511632 0.915887038149 0.847827511632 0.915887038149 0.826102627957 0.841121716868 0.826102627957
369158292 0.504673820285 0.826102627957 0.579439141566 0.826102627957 0.579439141566 0.804344976735 0.504673820285 0.804344976735
369158296 0.672895793167 0.826102627957 0.747665065268 0.826102627957 0.747665065268 0.804344976735 0.672895793167 0.804344976735
369158300 0.841121716868 0.826102627957 0.915887038149 0.826102627957 0.915887038149 0.804344976735 0.841121716868 0.804344976735
369158308 0.504673820285 0.804344976735 0.579439141566 0.804344976735 0.579439141566 0.78262009306 0.504673820285 0.78262009306
369158312 0.672895793167 0.804344976735 0.747665065268 0.804344976735 0.747665065268 0.78262009306 0.672895793167 0.78262009306
369158316 0.841121716868 0.804344976735 0.915887038149 0.804344976735 0.915887038149 0.78262009306 0.841121716868 0.78262009306
369158324 0.504673820285 0.78262009306 0.579439141566 0.78262009306 0.579439141566 0.760895209385 0.504673820285 0.760895209385
369158328 0.672895793167 0.78262009306 0.747665065268 0.78262009306 0.747665065268 0.760895209385 0.672895793167 0.760895209385
369158332 0.841121716868 0.78262009306 0.915887038149 0.78262009306 0.915887038149 0.760895209385 0.841121716868 0.760895209385
369158340 0.504673820285 0.760895209385 0.579439141566 0.760895209385 0.579439141566 0.739137558162 0.504673820285 0.739137558162
369158344 0.672895793167 0.760895209385 0.747665065268 0.760895209385 0.747665065268 0.739137558162 0.672895793167 0.739137558162
369158348 0.841121716868 0.760895209385 0.915887038149 0.760895209385 0.915887038149 0.739137558162 0.841121716868 0.739137558162
369158356 0.504673820285 0.739137558162 0.579439141566 0.739137558162 0.579439141566 0.717412674487 0.504673820285 0.717412674487
369158360 0.672895793167 0.739137558162 0.747665065268 0.739137558162 0.747665065268 0.717412674487 0.672895793167 0.717412674487
369158364 0.841121716868 0.739137558162 0.915887038149 0.739137558162 0.915887038149 0.717412674487 0.841121716868 0.717412674487
369158372 0.504673820285 0.717412674487 0.579439141566 0.717412674487 0.579439141566 0.695655023265 0.504673820285 0.695655023265
369158376 0.672895793167 0.717412674487 0.747665065268 0.717412674487 0.747665065268 0.695655023265 0.672895793167 0.695655023265
369158380 0.841121716868 0.717412674487 0.915887038149 0.717412674487 0.915887038149 0.695655023265 0.841121716868 0.695655023265
369158388 0.504673820285 0.695655023265 0.579439141566 0.695655023265 0.579439141566 0.67393013959 0.504673820285 0.67393013959
369158392 0.672895793167 0.695655023265 0.747665065268 0.695655023265 0.747665065268 0.67393013959 0.672895793167 0.67393013959
369158396 0.841121716868 0.695655023265 0.915887038149 0.695655023265 0.915887038149 0.67393013959 0.841121716868 0.67393013959
369158404 0.504673820285 0.67393013959 0.579439141566 0.67393013959 0.579439141566 0.652172488368 0.504673820285 0.652172488368
369158408 0.672895793167 0.67393013959 0.747665065268 0.67393013959 0.747665065268 0.652172488368 0.672895793167 0.652172488368
369158412 0.841121716868 0.67393013959 0.915887038149 0.67393013959 0.915887038149 0.652172488368 0.841121716868 0.652172488368
369158420 0.504673820285 0.652172488368 0.579439141566 0.652172488368 0.579439141566 0.630447604692 0.504673820285 0.630447604692
369158424 0.672895793167 0.652172488368 0.747665065268 0.652172488368 0.747665065268 0.630447604692 0.672895793167 0.630447604692
369158428 0.841121716868 0.652172488368 0.915887038149 0.652172488368 0.915887038149 0.630447604692 0.841121716868 0.630447604692
369158436 0.504673820285 0.630447604692 0.579439141566 0.630447604692 0.579439141566 0.60868995347 0.504673820285 0.60868995347
369158440 0.672895793167 0.630447604692 0.747665065268 0.630447604692 0.747665065268 0.60868995347 0.672895793167 0.60868995347
369158444 0.841121716868 0.630447604692 0.915887038149 0.630447604692 0.915887038149 0.60868995347 0.841121716868 0.60868995347
369158452 0.504673820285 0.60868995347 0.579439141566 0.60868995347 0.579439141566 0.586965069795 0.504673820285 0.586965069795
369158456 0.672895793167 0.60868995347 0.747665065268 0.60868995347 0.747665065268 0.586965069795 0.672895793167 0.586965069795
369158460 0.841121716868 0.60868995347 0.915887038149 0.60868995347 0.915887038149 0.586965069795 0.841121716868 0.586965069795
369158468 0.504673820285 0.586965069795 0.579439141566 0.586965069795 0.579439141566 0.565207418573 0.504673820285 0.565207418573
369158472 0.672895793167 0.586965069795 0.747665065268 0.586965069795 0.747665065268 0.565207418573 0.672895793167 0.565207418573
369158476 0.841121716868 0.586965069795 0.915887038149 0.586965069795 0.915887038149 0.565207418573 0.841121716868 0.565207418573
369158484 0.504673820285 0.565207418573 0.579439141566 0.565207418573 0.579439141566 0.543482534897 0.504673820285 0.543482534897
369158488 0.672895793167 0.565207418573 0.747665065268 0.565207418573 0.747665065268 0.543482534897 0.672895793167 0.543482534897
369158492 0.841121716868 0.565207418573 0.915887038149 0.565207418573 0.915887038149 0.543482534897 0.841121716868 0.543482534897
369158500 0.504673820285 0.543482534897 0.579439141566 0.543482534897 0.579439141566 0.521757651222 0.504673820285 0.521757651222
369158504 0.672895793167 0.543482534897 0.747665065268 0.543482534897 0.747665065268 0.521757651222 0.672895793167 0.521757651222
369158508 0.841121716868 0.543482534897 0.915887038149 0.543482534897 0.915887038149 0.521757651222 0.841121716868 0.521757651222
369158516 0.504673820285 0.521757651222 0.579439141566 0.521757651222 0.579439141566 0.5 0.504673820285 0.5
369158520 0.672895793167 0.521757651222 0.747665065268 0.521757651222 0.747665065268 0.5 0.672895793167 0.5
369158524 0.841121716868 0.521757651222 0.915887038149 0.521757651222 0.915887038149 0.5 0.841121716868 0.5
369158532 0.504673820285 0.5 0.579439141566 0.5 0.579439141566 0.478275116325 0.504673820285 0.478275116325
369158536 0.672895793167 0.5 0.747665065268 0.5 0.747665065268 0.478275116325 0.672895793167 0.478275116325
369158540 0.841121716868 0.5 0.915887038149 0.5 0.915887038149 0.478275116325 0.841121716868 0.478275116325
369158548 0.504673820285 0.478275116325 0.579439141566 0.478275116325 0.579439141566 0.456517465103 0.504673820285 0.456517465103
369158552 0.672895793167 0.478275116325 0.747665065268 0.478275116325 0.747665065268 0.456517465103 0.672895793167 0.456517465103
369158556 0.841121716868 0.478275116325 0.915887038149 0.478275116325 0.915887038149 0.456517465103 0.841121716868 0.456517465103
369158564 0.504673820285 0.456517465103 0.579439141566 0.456517465103 0.579439141566 0.434792581427 0.504673820285 0.434792581427
369158568 0.672895793167 0.456517465103 0.747665065268 0.456517465103 0.747665065268 0.434792581427 0.672895793167 0.434792581427
369158572 0.841121716868 0.456517465103 0.915887038149 0.456517465103 0.915887038149 0.434792581427 0.841121716868 0.434792581427
369158580 0.504673820285 0.434792581427 0.579439141566 0.434792581427 0.579439141566 0.413034930205 0.504673820285 0.413034930205
369158584 0.672895793167 0.434792581427 0.747665065268 0.434792581427 0.747665065268 0.413034930205 0.672895793167 0.413034930205
369158588 0.841121716868 0.434792581427 0.915887038149 0.434792581427 0.915887038149 0.413034930205 0.841121716868 0.413034930205
369158596 0.504673820285 0.413034930205 0.579439141566 0.413034930205 0.579439141566 0.39131004653 0.504673820285 0.39131004653
369158600 0.672895793167 0.413034930205 0.747665065268 0.413034930205 0.747665065268 0.39131004653 0.672895793167 0.39131004653
369158604 0.841121716868 0.413034930205 0.915887038149 0.413034930205 0.915887038149 0.39131004653 0.841121716868 0.39131004653
369158612 0.504673820285 0.39131004653 0.579439141566 0.39131004653 0.579439141566 0.369552395308 0.504673820285 0.369552395308
369158616 0.672895793167 0.39131004653 0.747665065268 0.39131004653 0.747665065268 0.369552395308 0.672895793167 0.369552395308
369158620 0.841121716868 0.39131004653 0.915887038149 0.39131004653 0.915887038149 0.369552395308 0.841121716868 0.369552395308
369158628 0.504673820285 0.369552395308 0.579439141566 0.369552395308 0.579439141566 0.347827511632 0.504673820285 0.347827511632
369158632 0.672895793167 0.369552395308 0.747665065268 0.369552395308 0.747665065268 0.347827511632 0.672895793167 0.347827511632
369158636 0.841121716868 0.369552395308 0.915887038149 0.369552395308 0.915887038149 0.347827511632 0.841121716868 0.347827511632
369158644 0.504673820285 0.347827511632 0.579439141566 0.347827511632 0.579439141566 0.326102627957 0.504673820285 0.326102627957
369158648 0.672895793167 0.347827511632 0.747665065268 0.347827511632 0.747665065268 0.326102627957 0.672895793167 0.326102627957
369158652 0.841121716868 0.347827511632 0.915887038149 0.347827511632 0.915887038149 0.326102627957 0.841121716868 0.326102627957
369158660 0.504673820285 0.326102627957 0.579439141566 0.326102627957 0.579439141566 0.304344976735 0.504673820285 0.304344976735
369158664 0.672895793167 0.326102627957 0.747665065268 0.326102627957 0.747665065268 0.304344976735 0.672895793167 0.304344976735
369158668 0.841121716868 0.326102627957 0.915887038149 0.326102627957 0.915887038149 0.304344976735 0.841121716868 0.304344976735
369158676 0.504673820285 0.304344976735 0.579439141566 0.304344976735 0.579439141566 0.28262009306 0.504673820285 0.28262009306
369158680 0.672895793167 0.304344976735 0.747665065268 0.304344976735 0.747665065268 0.28262009306 0.672895793167 0.28262009306
369158684 0.841121716868 0.304344976735 0.915887038149 0.304344976735 0.915887038149 0.28262009306 0.841121716868 0.28262009306
369158692 0.504673820285 0.28262009306 0.579439141566 0.28262009306 0.579439141566 0.260862441838 0.504673820285 0.260862441838
369158696 0.672895793167 0.28262009306 0.747665065268 0.28262009306 0.747665065268 0.260862441838 0.672895793167 0.260862441838
369158700 0.841121716868 0.28262009306 0.915887038149 0.28262009306 0.915887038149 0.260862441838 0.841121716868 0.260862441838
369158708 0.504673820285 0.260862441838 0.579439141566 0.260862441838 0.579439141566 0.239137558162 0.504673820285 0.239137558162
369158712 0.672895793167 0.260862441838 0.747665065268 0.260862441838 0.747665065268 0.239137558162 0.672895793167 0.239137558162
369158716 0.841121716868 0.260862441838 0.915887038149 0.260862441838 0.915887038149 0.239137558162 0.841121716868 0.239137558162
369158724 0.504673820285 0.239137558162 0.579439141566 0.239137558162 0.579439141566 0.21737990694 0.504673820285 0.21737990694
369158728 0.672895793167 0.239137558162 0.747665065268 0.239137558162 0.747665065268 0.21737990694 0.672895793167 0.21737990694
369158732 0.841121716868 0.239137558162 0.915887038149 0.239137558162 0.915887038149 0.21737990694 0.841121716868 0.21737990694
369158740 0.504673820285 0.21737990694 0.579439141566 0.21737990694 0.579439141566 0.195655023265 0.504673820285 0.195655023265
369158744 0.672895793167 0.21737990694 0.747665065268 0.21737990694 0.747665065268 0.195655023265 0.672895793167 0.195655023265
369158748 0.841121716868 0.21737990694 0.915887038149 0.21737990694 0.915887038149 0.195655023265 0.841121716868 0.195655023265
369158756 0.504673820285 0.195655023265 0.579439141566 0.195655023265 0.579439141566 0.173897372043 0.504673820285 0.173897372043
369158760 0.672895793167 0.195655023265 0.747665065268 0.195655023265 0.747665065268 0.173897372043 0.672895793167 0.173897372043
369158764 0.841121716868 0.195655023265 0.915887038149 0.195655023265 0.915887038149 0.173897372043 0.841121716868 0.173897372043
369158772 0.504673820285 0.173897372043 0.579439141566 0.173897372043 0.579439141566 0.152172488368 0.504673820285 0.152172488368
369158776 0.672895793167 0.173897372043 0.747665065268 0.173897372043 0.747665065268 0.152172488368 0.672895793167 0.152172488368
369158780 0.841121716868 0.173897372043 0.915887038149 0.173897372043 0.915887038149 0.152172488368 0.841121716868 0.152172488368
369158788 0.504673820285 0.152172488368 0.579439141566 0.152172488368 0.579439141566 0.130447604692 0.504673820285 0.130447604692
369158792 0.672895793167 0.152172488368 0.747665065268 0.152172488368 0.747665065268 0.130447604692 0.672895793167 0.130447604692
369158796 0.841121716868 0.152172488368 0.915887038149 0.152172488368 0.915887038149 0.130447604692 0.841121716868 0.130447604692
369158804 0.504673820285 0.130447604692 0.579439141566 0.130447604692 0.579439141566 0.10868995347 0.504673820285 0.10868995347
369158808 0.672895793167 0.130447604692 0.747665065268 0.130447604692 0.747665065268 0.10868995347 0.672895793167 0.10868995347
369158812 0.841121716868 0.130447604692 0.915887038149 0.130447604692 0.915887038149 0.10868995347 0.841121716868 0.10868995347
369158820 0.504673820285 0.10868995347 0.579439141566 0.10868995347 0.579439141566 0.0869650697949 0.504673820285 0.0869650697949
369158824 0.672895793167 0.10868995347 0.747665065268 0.10868995347 0.747665065268 0.0869650697949 0.672895793167 0.0869650697949
369158828 0.841121716868 0.10868995347 0.915887038149 0.10868995347 0.915887038149 0.0869650697949 0.841121716868 0.0869650697949
369158836 0.504673820285 0.0869650697949 0.579439141566 0.0869650697949 0.579439141566 0.0652074185726 0.504673820285 0.0652074185726
369158840 0.672895793167 0.0869650697949 0.747665065268 0.0869650697949 0.747665065268 0.0652074185726 0.672895793167 0.0652074185726
369158844 0.841121716868 0.0869650697949 0.915887038149 0.0869650697949 0.915887038149 0.0652074185726 0.841121716868 0.0652074185726
369158852 0.504673820285 0.0652074185726 0.579439141566 0.0652074185726 0.579439141566 0.0434825348974 0.504673820285 0.0434825348974
369158856 0.672895793167 0.0652074185726 0.747665065268 0.0652074185726 0.747665065268 0.0434825348974 0.672895793167 0.0434825348974
369158860 0.841121716868 0.0652074185726 0.915887038149 0.0652074185726 0.915887038149 0.0434825348974 0.841121716868 0.0434825348974
369158868 0.504673820285 0.0434825348974 0.579439141566 0.0434825348974 0.579439141566 0.0217248836752 0.504673820285 0.0217248836752
369158872 0.672895793167 0.0434825348974 0.747665065268 0.0434825348974 0.747665065268 0.0217248836752 0.672895793167 0.0217248836752
369158876 0.841121716868 0.0434825348974 0.915887038149 0.0434825348974 0.915887038149 0.0217248836752 0.841121716868 0.0217248836752
369158884 0.504673820285 0.0217248836752 0.579439141566 0.0217248836752 0.579439141566 0.0 0.504673820285 0.0
369158888 0.672895793167 0.0217248836752 0.747665065268 0.0217248836752 0.747665065268 0.0 0.672895793167 0.0
369158892 0.841121716868 0.0217248836752 0.915887038149 0.0217248836752 0.915887038149 0.0 0.841121716868 0.0
