# Xscale/Yscale
# 110.79/65.204
402674309 0.748081956855 0.457717317956 0.833197942053 0.446889761364 0.815145771279 0.379010490154
402674310 0.815145771279 0.379010490154 0.735896741583 0.411830562542 0.748081956855 0.457717317956
402674313 0.693654661973 0.339427029017 0.761891867497 0.287390344151 0.71224839787 0.237700141096
402674314 0.71224839787 0.237715477578 0.660077624334 0.305840132507 0.693654661973 0.339427029017
402674317 0.587417636971 0.264017544936 0.620272587779 0.184789276731 0.55239642567 0.166738236918
402674318 0.55239642567 0.1667535734 0.541565123206 0.251825041409 0.587417636971 0.264017544936
402674321 0.457893311671 0.251917060303 0.446610704937 0.166906938225 0.378734542829 0.185326053616
402674322 0.378734542829 0.185326053616 0.412040797906 0.264370284032 0.457893311671 0.251932396785
402674325 0.339380810542 0.306008833814 0.287029515299 0.238083553156 0.23756656738 0.287973130483
402674326 0.23756656738 0.287973130483 0.305984294611 0.339733758665 0.339380810542 0.306008833814
402674329 0.263832475855 0.412137292191 0.184402924452 0.379501257592 0.166531275386 0.447426538249
402674330 0.166531275386 0.447426538249 0.251737521437 0.458054720569 0.263832475855 0.412137292191
402674333 0.251376478021 0.541991288878 0.166260492824 0.55332494939 0.184763967867 0.621096865223
402674334 0.184763967867 0.621096865223 0.263832475855 0.58780136188 0.251376478021 0.541991288878
402674337 0.305803772904 0.660480952089 0.237656828234 0.712671001779 0.287480819569 0.762238512975
402674338 0.287480819569 0.762238512975 0.339471071396 0.693991166186 0.305803772904 0.660480952089
402674341 0.41213105876 0.735936445617 0.37900532539 0.815088031409 0.446881487499 0.833307772529
402674342 0.446881487499 0.833307772529 0.457983572525 0.748266977486 0.41213105876 0.735936445617
402674345 0.541926166622 0.748098276179 0.552757469086 0.83318508067 0.620633631194 0.815180050304
402674346 0.620633631194 0.815195386786 0.58786894124 0.735936445617 0.541926166622 0.748113612662
402674349 0.66043866775 0.693730445985 0.712338658724 0.76208514815 0.762162650059 0.712594319367
402674350 0.762162650059 0.712609655849 0.694196227096 0.6602969143 0.66043866775 0.693745782467
402674353 0.735987002437 0.587371940372 0.815055510425 0.620606097785 0.833468724614 0.552834181952
402674354 0.833468724614 0.552834181952 0.748443000271 0.541546530888 0.735987002437 0.587371940372
402674437 0.750428739056 0.523679528863 0.835364202545 0.535411937918 0.835725245961 0.465186184897
402674438 0.835725245961 0.465170848414 0.750609260764 0.476197779277 0.750428739056 0.523679528863
402674441 0.72858561242 0.395251825041 0.808015163823 0.362769155267 0.772993952523 0.301867983559
402674442 0.773084213377 0.301867983559 0.704937268707 0.354073369732 0.72858561242 0.395251825041
402674445 0.645545626862 0.294997239433 0.697896922105 0.227056622293 0.637061106598 0.191966750506
402674446 0.637061106598 0.191951414024 0.604386677498 0.271271701123 0.645545626862 0.294997239433
402674449 0.523512952433 0.249693270352 0.534615037458 0.164652475308 0.464392093149 0.16485184958
402674450 0.464392093149 0.16485184958 0.476035743298 0.249815962211 0.523512952433 0.249693270352
402674453 0.395162018233 0.2713790565 0.362126545717 0.192212134225 0.301380991064 0.227593399178
402674454 0.301380991064 0.227593399178 0.354093329723 0.295288632599 0.395162018233 0.2713790565
402674457 0.294791948732 0.354088706214 0.226554743208 0.302036684866 0.191714053615 0.363014538985
402674458 0.191714053615 0.362999202503 0.271143605019 0.395313170971 0.294791948732 0.354088706214
402674461 0.249029695821 0.476335807619 0.163913710624 0.465370222686 0.164274754039 0.535595975707
402674462 0.164274754039 0.535595975707 0.249210217529 0.523817557205 0.249029695821 0.476335807619
402674465 0.270692300749 0.604855530336 0.191443271053 0.637721612171 0.226735264916 0.698454082572
402674466 0.226735264916 0.698454082572 0.294611427024 0.645895957303 0.270692300749 0.604855530336
402674469 0.354003068869 0.705186798356 0.301651773626 0.773158088461 0.362487589133 0.808232623765
402674470 0.362487589133 0.808232623765 0.395162018233 0.728897000184 0.354003068869 0.705186798356
402674473 0.476216265006 0.750475430955 0.464662875711 0.835470216551 0.534976080874 0.835592908411
402674474 0.534976080874 0.835592908411 0.52369347414 0.75056744985 0.476216265006 0.750475430955
402674477 0.604928242621 0.728758971842 0.63733188916 0.808155941353 0.69825796552 0.773219434391
402674478 0.69825796552 0.773219434391 0.646087191985 0.705125452426 0.604928242621 0.72874363536
402674481 0.705208051268 0.645589227655 0.772993952523 0.698208698853 0.808285946385 0.6375222379
402674482 0.808285946385 0.6375222379 0.729127177543 0.604564137169 0.705208051268 0.645589227655
402674821 0.838342810723 0.443607754126 0.906038451124 0.435019323968 0.884375846196 0.353444573953
402674822 0.884375846196 0.353459910435 0.821373770196 0.379531930556 0.838342810723 0.443607754126
402674825 0.764780214821 0.281899883443 0.819026987995 0.240537390344 0.759364563589 0.180832464266
402674826 0.759364563589 0.180832464266 0.717934831664 0.235000920189 0.764780214821 0.281915219925
402674829 0.620182326925 0.179038095822 0.646357974546 0.116066498988 0.56476216265 0.0942886939452
402674830 0.56476216265 0.0943040304276 0.556097120679 0.161953254402 0.620182326925 0.179053432305
402674833 0.443451575052 0.161907244954 0.434515750519 0.0942886939452 0.353010199476 0.116357892154
402674834 0.353010199476 0.116357892154 0.37945662966 0.179252806576 0.443451575052 0.161907244954
402674837 0.281794385775 0.235353659285 0.240184132142 0.181307895221 0.180702229443 0.241196859088
402674838 0.180702229443 0.241196859088 0.235039263471 0.282405987363 0.281794385775 0.235353659285
402674841 0.178626229804 0.379838660205 0.115533892951 0.353858658978 0.0940518097301 0.435464081958
402674842 0.0940518097301 0.435464081958 0.161747450131 0.443945156739 0.178626229804 0.379853996687
402674845 0.161115624154 0.556622293111 0.093419983753 0.565609471812 0.115533892951 0.647046193485
402674846 0.115533892951 0.647046193485 0.178445708096 0.620606097785 0.161115624154 0.556637629593
402674849 0.234858741764 0.718437519171 0.180702229443 0.759953377093 0.240545175557 0.819504938347
402674850 0.240545175557 0.819504938347 0.281884646629 0.765213790565 0.234858741764 0.718437519171
402674853 0.379546890514 0.821329979756 0.353280982038 0.884286240108 0.434876793934 0.906140727563
402674854 0.434876793934 0.906140727563 0.44363209676 0.838506840071 0.379546890514 0.821329979756
402674857 0.55636790324 0.8383074658 0.565032945212 0.905956689774 0.646628757108 0.884270903626
402674858 0.646628757108 0.884286240108 0.620453109486 0.821268633826 0.55636790324 0.8383074658
402674861 0.718295875079 0.764937733881 0.759545085297 0.819259554629 0.819388031411 0.759769339304
402674862 0.819388031411 0.759769339304 0.765321779944 0.718207471934 0.718295875079 0.764953070364
402674865 0.82146403105 0.619992638488 0.884375846196 0.646371388258 0.906489755393 0.564919330102
402674866 0.906489755393 0.564919330102 0.838794114992 0.556008833814 0.82146403105 0.619992638488
402674949 0.841501940608 0.5328967548 0.909107320155 0.542113980737 0.909378102717 0.457732654438
402674950 0.909378102717 0.457732654438 0.841682462316 0.466612477762 0.841501940608 0.5328967548
402674953 0.811986641394 0.357784798479 0.875078978247 0.331881479664 0.832927159491 0.258757131464
402674954 0.832927159491 0.258757131464 0.778860908024 0.300334335317 0.811986641394 0.357784798479
402674957 0.699070313205 0.220799337464 0.740680566838 0.166738236918 0.667479014351 0.124608919698
402674958 0.667479014351 0.124593583216 0.641574149291 0.18768787191 0.699070313205 0.220799337464
402674961 0.532719559527 0.158793939022 0.541565123206 0.091175388013 0.45717122484 0.0913900987669
402674962 0.45717122484 0.0913900987669 0.466377831934 0.158962640329 0.532719559527 0.158793939022
402674965 0.357432981316 0.187948592111 0.331257333694 0.124976995276 0.258236302915 0.167474388074
402674966 0.258236302915 0.167474388074 0.30011733911 0.221320777866 0.357432981316 0.187933255628
402674969 0.220507265999 0.30067173793 0.166350753678 0.259247898902 0.12437945663 0.332494938961
402674970 0.12437945663 0.332494938961 0.187562054337 0.358214219987 0.220507265999 0.30067173793
402674973 0.15822727683 0.46698055334 0.0906218972831 0.458177412429 0.0908926798448 0.542558738728
402674974 0.0908926798448 0.542558738728 0.158498059392 0.533264830379 0.15822727683 0.46698055334
402674977 0.187652315191 0.642307220416 0.124559978337 0.66845592295 0.166982579655 0.741411569842
402674978 0.166982579655 0.741411569842 0.220958570268 0.699604318753 0.187652315191 0.642291883934
402674981 0.300478382525 0.779031961229 0.258868128892 0.833077725293 0.332069681379 0.875222378995
402674982 0.332069681379 0.875222378995 0.357974546439 0.812143426784 0.300568643379 0.779031961229
402674985 0.467009657911 0.841236733943 0.457893311671 0.908839948469 0.542287210037 0.908901294399
402674986 0.542287210037 0.908901294399 0.533351385504 0.84128274339 0.467009657911 0.841236733943
402674989 0.642205975269 0.812143426784 0.668020579475 0.875268388442 0.741222131961 0.833231090117
402674990 0.741222131961 0.833231090117 0.699702139182 0.779123980124 0.642205975269 0.812143426784
402674993 0.77922195144 0.699067541869 0.833107681199 0.740844119993 0.875530282516 0.667873136617
402674994 0.875530282516 0.667873136617 0.812528206517 0.641739770566 0.77922195144 0.699067541869
402675332 0.913620362849 0.458560824489 0.998555826338 0.452150174836 0.988897914974 0.390788908656 0.906038451124 0.410710999325
402675336 0.880404368625 0.332418256549 0.959202094052 0.299966259739 0.930950446791 0.244632231151 0.858380720282 0.289276731489
402675340 0.81027168517 0.223283847617 0.875078978247 0.168103183854 0.831121942414 0.124194834673 0.7759725607 0.189052818845
402675344 0.709360050546 0.14094227348 0.753858651503 0.0683700386479 0.698438487228 0.040258266364 0.666125101543 0.119026440096
402675348 0.58786894124 0.0936905711306 0.607636068237 0.0108889025213 0.546258687607 0.00136494693577 0.539940427836 0.0862677136372
402675352 0.458164094232 0.086298386602 0.451304269338 0.00144162934789 0.390017149562 0.0113643334765 0.410325841682 0.0940433102264
402675356 0.332250203087 0.119348506227 0.299485513133 0.040764370284 0.244245870566 0.0691828722164 0.289105514938 0.14150972333
402675360 0.222673526492 0.189773633519 0.167163101363 0.12519170603 0.123386587237 0.169314765965 0.18855492373 0.22418870008
402675364 0.140355627764 0.290242929882 0.0676053795469 0.245935832158 0.0396245148479 0.301392552604 0.118512501128 0.333491810318
402675368 0.0930589403376 0.411447150482 0.010199476487 0.391724434084 0.000722086830943 0.453116373229 0.0856575503204 0.459312312128
402675372 0.0855672894666 0.541730568677 0.000631825977075 0.548601312803 0.0106507807564 0.609901233053 0.0933297228992 0.589549720876
402675376 0.118693022836 0.667535734004 0.0400758191172 0.700202441568 0.0684177272317 0.755459787743 0.140897192887 0.710631249617
402675380 0.188915967145 0.77682350776 0.124108674068 0.832080853935 0.168155970755 0.875943193669 0.223215091615 0.811023863567
402675384 0.289647080061 0.859180418379 0.245058218251 0.931706643764 0.300388121672 0.959879761978 0.332882029064 0.881157597693
402675388 0.411047928513 0.906462793694 0.390919758101 0.989187779891 0.452297138731 0.998941782713 0.458886181063 0.914069688976
402675392 0.541113818937 0.91383964174 0.547522339561 0.998727071959 0.608899720191 0.989095760996 0.588952071487 0.906324765352
402675396 0.667117970936 0.880743512668 0.699431356621 0.9595116864 0.754851520895 0.931399914116 0.710352919939 0.858827679283
402675400 0.77642386497 0.810517759647 0.831482985829 0.875483099196 0.875530282516 0.831682105392 0.810813250293 0.776348076805
402675404 0.858922285405 0.709665051224 0.931311490207 0.754432243421 0.959653398321 0.699159560763 0.881036194602 0.666554199129
402675408 0.906128711978 0.588445494141 0.988897914974 0.608628305012 0.998736348046 0.547297711797 0.913800884556 0.54061100546
402675460 0.914974275657 0.523572173486 0.999909739146 0.53048892706 1.0 0.468376173241 0.915064536511 0.475124225508
402675464 0.902066973554 0.394193607754 0.984926437404 0.374516900804 0.96570087553 0.315440770505 0.887083671812 0.348107478069
402675468 0.84971567831 0.275243850071 0.922465926528 0.230921415864 0.885910280711 0.180663762959 0.821283509342 0.236059137476
402675472 0.763155519451 0.178194589289 0.818575683726 0.113520642905 0.768300388122 0.0770504877001 0.723982308873 0.149745414392
402675476 0.650509973824 0.113213913257 0.683094142071 0.0345684313846 0.623973282787 0.0154745107662 0.604386677498 0.0983221888228
402675480 0.52369347414 0.0848720937366 0.530372777326 0.0 0.468273309866 0.00013802834182 0.475313656467 0.0849794491136
402675484 0.394349670548 0.0985062266119 0.374311760989 0.0157505674498 0.31528116256 0.0351358812343 0.348316635075 0.113627998282
402675488 0.274754039173 0.15011348997 0.230165177363 0.0776179375498 0.179980142612 0.114318139991 0.235671089449 0.178731366174
402675492 0.177813882119 0.236411876572 0.112916328188 0.181231212809 0.0765412040798 0.231596221091 0.149471974005 0.275703944543
402675496 0.112103980504 0.348858965708 0.033396515931 0.316406968898 0.014351475765 0.375544445126 0.0973012004694 0.394975768358
402675500 0.0848452026356 0.475906386111 0.0 0.469327035151 0.000180521707735 0.53143978897 0.0850257243434 0.52435433409
402675504 0.0973012004694 0.605561008527 0.0145319974727 0.625513772161 0.0339380810542 0.68452855653 0.112465023919 0.651585792283
402675508 0.15028432169 0.724096681185 0.0776243343262 0.768572480216 0.114270240996 0.818753450709 0.178806751512 0.763235384332
402675512 0.236212654572 0.821866756641 0.180792490297 0.886556039507 0.231158046755 0.92301085823 0.27538586515 0.850300595056
402675516 0.348677678491 0.8875222379 0.316003249391 0.966121710325 0.375124108674 0.985307649837 0.394800974817 0.902475308263
402675520 0.476035743298 0.915127906263 0.469175918404 0.999984663518 0.531275385865 1.0 0.524505821825 0.915143242746
402675524 0.605469807744 0.901478436906 0.625056413034 0.98431077848 0.684177272317 0.965170848414 0.651502843217 0.886540703024
402675528 0.725065439119 0.849763818171 0.769293257514 0.922474081345 0.819658813972 0.886019262622 0.764238649698 0.821329979756
402675532 0.821825074465 0.762990000613 0.886451845834 0.818477394025 0.923007491651 0.76828108705 0.850437765141 0.723835960984
402675536 0.887534976081 0.650711612784 0.9661521798 0.683547021655 0.985468002527 0.624501564321 0.902608538677 0.604671492546
